0 3
0 4
0 5
0 6
0 263
0 8
0 267
0 12
0 1165
0 14
0 655
0 17
0 18
0 19
0 494
0 1795
0 1894
0 623
0 413
0 389
0 1219
0 673
0 1826
0 163
0 1734
0 38
0 295
0 40
0 41
0 42
0 1607
0 557
0 989
0 1328
0 1330
0 564
0 309
0 577
0 1353
0 1336
0 57
0 705
0 61
0 1333
0 65
0 66
0 715
0 69
0 471
0 199
0 907
0 73
0 343
0 1461
0 1059
0 270
0 215
0 473
0 90
0 219
0 881
0 221
0 607
0 1719
0 893
0 678
0 1495
0 105
0 874
0 1131
0 108
0 238
0 367
0 113
0 1447
0 252
0 682
0 1278
0 895
1 768
1 897
1 3
1 1029
1 393
1 11
1 1812
1 1173
1 22
1 535
1 1438
1 809
1 810
1 811
1 690
1 51
1 693
1 316
1 1089
1 1419
1 837
1 326
1 458
1 76
1 589
1 1620
1 1251
1 1381
1 236
1 382
1 1654
1 1662
1 894
2 1794
2 3
2 4
2 5
2 1159
2 1673
2 10
2 1175
2 141
2 1550
2 17
2 22
2 279
2 1176
2 260
2 699
2 156
2 415
2 930
2 1094
2 1575
2 40
2 1436
2 1066
2 47
2 1224
2 56
2 59
2 1598
2 319
2 67
2 709
2 198
2 328
2 886
2 845
2 397
2 336
2 338
2 469
2 88
2 226
2 443
2 103
2 115
2 117
2 374
2 1276
2 1535
3 4
3 5
3 6
3 7
3 9
3 11
3 13
3 15
3 16
3 1112
3 1566
3 36
3 37
3 40
3 553
3 554
3 46
3 53
3 1078
3 55
3 568
3 574
3 67
3 587
3 76
3 589
3 81
3 82
3 83
3 600
3 93
3 1040
3 1123
3 104
3 1640
3 116
3 1144
3 123
3 128
3 644
3 142
3 655
3 149
3 1692
3 159
3 160
3 168
3 175
3 690
3 179
3 180
3 191
3 518
3 1742
3 725
3 1762
3 1765
3 1777
3 757
3 1271
3 250
3 1275
3 252
3 254
3 1800
3 267
3 1810
3 793
3 1818
3 1307
3 802
3 1323
3 301
3 817
3 1332
3 311
3 316
3 1589
3 323
3 842
3 1874
3 852
3 1891
3 1389
3 367
3 368
3 1405
3 383
3 1408
3 897
3 901
3 406
3 420
3 425
3 1455
3 433
3 994
3 1004
3 506
4 1033
4 1546
4 19
4 1556
4 21
4 23
4 26
4 29
4 30
4 32
4 545
4 549
4 551
4 43
4 45
4 47
4 1073
4 1075
4 52
4 55
4 58
4 61
4 68
4 71
4 76
4 78
4 80
4 92
4 605
4 95
4 613
4 1128
4 112
4 121
4 1557
4 1155
4 1047
4 451
4 149
4 1694
4 161
4 674
4 167
4 1705
4 691
4 1718
4 1738
4 714
4 1741
4 211
4 1750
4 218
4 1061
4 739
4 243
4 1782
4 1322
4 261
4 1287
4 264
4 1289
4 1290
4 1325
4 1667
4 1302
4 279
4 280
4 287
4 1317
4 298
4 813
4 1856
4 1864
4 329
4 846
4 1872
4 849
4 227
4 854
4 347
4 348
4 349
4 659
4 894
4 403
4 405
4 410
4 1446
4 1779
4 954
4 957
4 449
4 1475
4 1697
4 993
4 496
4 1009
4 1522
4 509
5 1028
5 6
5 7
5 8
5 9
5 12
5 14
5 19
5 20
5 430
5 1047
5 25
5 27
5 31
5 544
5 1570
5 36
5 92
5 49
5 568
5 60
5 62
5 1601
5 66
5 72
5 74
5 77
5 590
5 81
5 87
5 601
5 1626
5 604
5 1635
5 102
5 109
5 110
5 1137
5 119
5 1149
5 126
5 1045
5 1666
5 136
5 650
5 141
5 149
5 1688
5 156
5 672
5 163
5 1189
5 1194
5 174
5 176
5 181
5 1728
5 195
5 199
5 200
5 210
5 1752
5 736
5 1766
5 235
5 125
5 1786
5 127
5 259
5 265
5 782
5 271
5 1809
5 797
5 1311
5 807
5 1842
5 306
5 827
5 224
5 325
5 1863
5 1352
5 1165
5 1875
5 861
5 354
5 1851
5 369
5 372
5 903
5 407
5 919
5 1444
5 1450
5 1453
5 942
5 1485
5 463
5 985
5 1431
5 491
5 503
5 508
6 7
6 8
6 10
6 13
6 14
6 527
6 16
6 530
6 20
6 1559
6 536
6 25
6 29
6 34
6 35
6 37
6 558
6 48
6 54
6 64
6 67
6 68
6 1097
6 592
6 81
6 595
6 85
6 90
6 91
6 1552
6 98
6 1638
6 109
6 111
6 113
6 1655
6 120
6 130
6 652
6 1678
6 143
6 660
6 153
6 158
6 159
6 162
6 165
6 166
6 679
6 1702
6 541
6 178
6 182
6 1719
6 185
6 1214
6 705
6 715
6 197
6 200
6 203
6 204
6 211
6 1238
6 223
6 1249
6 226
6 1763
6 1773
6 756
6 247
6 259
6 775
6 266
6 1803
6 273
6 792
6 281
6 284
6 285
6 803
6 295
6 303
6 1336
6 1850
6 840
6 140
6 332
6 849
6 347
6 1374
6 867
6 875
6 364
6 885
6 148
6 383
6 385
6 898
6 1177
6 416
6 417
6 1088
6 431
6 1456
6 946
6 1465
6 1469
6 1471
6 963
6 1496
6 1500
6 485
6 1008
6 500
6 508
6 1023
7 1536
7 9
7 13
7 15
7 529
7 1042
7 1539
7 1211
7 23
7 26
7 28
7 29
7 30
7 31
7 32
7 33
7 34
7 1066
7 43
7 44
7 58
7 59
7 63
7 1602
7 581
7 72
7 75
7 78
7 525
7 86
7 1116
7 94
7 1121
7 1634
7 611
7 1127
7 616
7 621
7 110
7 104
7 627
7 121
7 638
7 139
7 145
7 151
7 1176
7 158
7 160
7 162
7 164
7 677
7 171
7 687
7 1720
7 1722
7 187
7 197
7 203
7 207
7 724
7 214
7 1145
7 1047
7 218
7 219
7 1757
7 735
7 1250
7 740
7 1254
7 233
7 246
7 212
7 251
7 1277
7 257
7 1270
7 1294
7 279
7 794
7 1824
7 1825
7 1485
7 1186
7 1324
7 816
7 819
7 1845
7 310
7 316
7 822
7 329
7 334
7 1871
7 1877
7 342
7 1882
7 1707
7 354
7 1893
7 358
7 363
7 365
7 880
7 884
7 1401
7 541
7 893
7 899
7 1053
7 1434
7 1437
7 1093
7 417
7 1445
7 1454
7 1455
7 447
7 1472
7 965
7 1527
7 973
7 462
7 484
7 486
7 488
7 493
7 1006
7 1015
8 1544
8 1004
8 10
8 12
8 15
8 16
8 403
8 153
8 1776
8 134
8 1195
8 1074
8 183
8 569
8 314
8 1723
8 1213
8 1598
8 1215
8 449
8 324
8 224
8 209
8 852
8 1109
8 1756
8 96
8 232
8 620
8 1517
8 240
8 1528
8 1147
9 17
9 18
9 515
9 533
9 22
9 25
9 26
9 34
9 35
9 36
9 38
9 39
9 555
9 44
9 45
9 1072
9 49
9 50
9 52
9 94
9 57
9 62
9 1601
9 1093
9 71
9 73
9 74
9 1108
9 606
9 1119
9 99
9 612
9 101
9 620
9 1137
9 1651
9 116
9 123
9 1660
9 643
9 1668
9 136
9 137
9 141
9 145
9 1685
9 1686
9 964
9 667
9 157
9 1693
9 164
9 172
9 1710
9 175
9 192
9 193
9 202
9 1740
9 207
9 1234
9 1059
9 216
9 729
9 221
9 222
9 735
9 227
9 740
9 894
9 742
9 745
9 241
9 245
9 1271
9 1067
9 1804
9 782
9 787
9 278
9 1304
9 281
9 1822
9 291
9 805
9 298
9 818
9 310
9 823
9 223
9 829
9 320
9 841
9 336
9 337
9 860
9 862
9 1253
9 352
9 1898
9 317
9 370
9 382
9 404
9 412
9 925
9 926
9 1442
9 431
9 1269
9 1696
9 452
9 456
9 970
9 1516
9 495
9 1523
9 1012
9 502
10 646
10 137
10 11
10 653
10 910
10 33
10 48
10 307
10 1590
10 1847
10 570
10 446
10 1014
10 202
10 206
10 344
10 92
10 224
10 1286
10 234
10 492
10 879
10 1009
10 498
10 243
10 1525
10 758
10 761
10 893
10 1151
11 290
11 1040
11 877
11 206
11 1263
11 272
11 307
11 686
12 384
12 1286
12 1296
12 21
12 408
12 794
12 286
12 543
12 674
12 291
12 37
12 42
12 427
12 46
12 434
12 1375
12 322
12 711
12 970
12 205
12 1357
12 595
12 95
12 1896
12 372
12 1148
12 510
13 1496
13 773
13 263
13 1162
13 139
13 524
13 398
13 24
13 18
13 407
13 280
13 1501
13 1691
13 1562
13 1572
13 297
13 940
13 303
13 694
13 1259
13 1216
13 1859
13 711
13 330
13 1100
13 1770
13 875
13 1627
13 1117
13 98
13 612
13 742
13 361
13 1642
13 107
13 379
13 509
14 392
14 1418
14 1421
14 1709
14 1299
14 148
14 89
14 538
14 155
14 601
14 1184
14 1572
14 41
14 44
14 1138
14 1715
14 308
14 1079
14 56
14 570
14 955
14 572
14 1725
14 1219
14 324
14 199
14 1055
14 1355
14 1615
14 952
14 121
14 1240
14 217
14 604
14 250
14 1381
14 993
14 357
14 1896
14 1130
14 882
14 373
14 758
14 376
14 20
14 122
15 147
15 1564
15 30
15 416
15 1697
15 810
15 1580
15 304
15 53
15 312
15 60
15 193
15 1860
15 1221
15 1089
15 331
15 80
15 593
15 853
15 1881
15 1629
15 96
15 486
15 107
15 1132
15 240
15 509
15 255
16 1705
16 855
16 914
16 771
16 277
16 791
16 24
16 1497
16 390
16 1318
16 680
16 425
16 810
16 941
16 46
16 693
16 1206
16 185
16 1850
16 60
16 313
16 1598
16 1731
16 70
16 71
16 1454
16 975
16 594
16 87
16 729
16 91
16 867
16 617
16 1258
16 1555
16 117
16 119
16 1656
16 1279
16 765
16 21
17 33
17 1155
17 1508
17 997
17 70
17 865
17 424
17 492
17 1645
17 465
17 467
17 245
17 1175
17 58
17 27
17 444
17 122
18 449
18 700
18 1712
18 1520
18 1148
18 1650
18 1498
18 27
18 28
19 131
19 1857
19 648
19 1170
19 917
19 150
19 23
19 1604
19 154
19 1180
19 1821
19 32
19 290
19 1308
19 42
19 171
19 303
19 1200
19 904
19 180
19 54
19 1081
19 827
19 1597
19 192
19 1345
19 1090
19 68
19 454
19 1737
19 77
19 79
19 855
19 730
19 237
19 241
19 1396
19 120
19 124
19 255
20 768
20 779
20 144
20 787
20 1812
20 155
20 31
20 39
20 936
20 299
20 1736
20 1847
20 580
20 1608
20 1099
20 205
20 339
20 349
20 1895
20 1256
20 234
20 1133
20 368
20 118
20 1272
21 392
21 1678
21 271
21 150
21 157
21 670
21 929
21 38
21 679
21 296
21 45
21 687
21 776
21 51
21 1099
21 1484
21 466
21 340
21 853
21 87
21 218
21 226
21 1895
21 1384
21 1490
21 366
21 1007
21 753
21 114
21 1143
22 1027
22 1281
22 524
22 1296
22 1044
22 412
22 1565
22 35
22 804
22 678
22 28
22 174
22 559
22 818
22 309
22 827
22 190
22 1859
22 581
22 77
22 1616
22 84
22 865
22 100
22 1637
22 1010
22 247
22 1530
23 1669
23 1160
23 397
23 345
23 24
23 158
23 1057
23 293
23 820
23 699
23 1825
23 909
23 1493
23 216
23 1113
23 738
23 1508
23 619
23 126
24 513
24 1041
24 803
24 39
24 440
24 833
24 1858
24 1091
24 709
24 582
24 1225
24 1100
24 976
24 1233
24 1492
24 469
24 230
24 103
24 1767
24 1140
24 246
24 632
24 1661
25 736
25 651
25 43
25 186
25 1596
26 419
26 134
26 103
26 968
26 135
26 844
26 241
26 1458
26 995
26 1428
26 356
26 252
26 1885
27 770
27 134
27 1288
27 1420
27 1171
27 788
27 1815
27 665
27 284
27 1311
27 1192
27 1544
27 54
27 1086
27 78
27 1235
27 981
27 225
27 868
27 101
27 1511
27 979
28 131
28 516
28 778
28 780
28 1305
28 788
28 790
28 1241
28 409
28 796
28 1541
28 1817
28 301
28 184
28 321
28 75
28 332
28 982
28 89
28 1373
28 358
28 872
28 115
29 1478
29 1208
29 436
29 664
29 249
29 1887
30 100
30 1221
30 294
30 1706
30 1323
30 309
30 1599
31 908
31 1433
31 802
31 296
31 300
31 302
31 176
31 1458
31 1463
31 1209
31 959
31 452
31 710
31 843
31 88
31 89
31 1767
31 244
31 125
32 518
32 1169
32 1686
32 292
32 625
32 1576
32 1756
32 1479
32 49
32 50
32 59
32 573
32 325
32 70
32 583
32 584
32 335
32 84
32 597
32 219
32 732
32 221
32 357
32 871
32 880
32 113
32 246
32 253
32 1365
33 99
33 776
33 1229
33 911
33 1138
33 1716
33 1364
33 1016
33 248
33 697
33 411
33 362
33 1727
34 129
34 611
34 1220
34 72
34 874
34 1159
34 1149
34 238
34 477
34 1441
34 1066
34 1588
34 1457
34 591
34 188
34 189
34 575
35 961
35 1037
35 143
35 532
35 1045
35 919
35 152
35 282
35 288
35 1836
35 1198
35 559
35 305
35 179
35 436
35 56
35 318
35 65
35 1478
35 1745
35 85
35 862
35 1893
35 1128
35 107
35 108
35 497
35 375
35 1790
36 128
36 1666
36 1687
36 144
36 1044
36 663
36 261
36 1056
36 1574
36 47
36 1584
36 1336
36 1781
36 327
36 73
36 79
36 1746
36 85
36 1367
36 501
36 890
37 198
37 1511
37 264
37 777
37 1294
37 1470
38 609
38 585
38 1480
38 41
38 1100
38 109
38 270
38 911
38 179
38 137
38 1468
38 188
38 1002
38 1261
39 608
39 641
39 1852
39 811
39 1333
39 474
39 507
39 988
40 106
40 140
40 386
40 1487
40 1652
40 50
40 52
40 693
40 1401
40 57
40 474
40 447
40 604
40 1245
40 350
40 223
41 1740
41 1341
41 48
41 51
41 1588
41 151
41 216
41 506
41 1181
42 132
42 1448
42 142
42 111
42 83
42 405
42 1148
42 1023
43 96
43 992
43 133
43 554
43 812
43 177
43 370
43 825
43 1860
43 254
44 992
44 1024
44 580
44 1447
44 1030
44 1355
44 1714
44 1309
44 996
44 118
44 599
44 1784
44 697
44 91
44 1284
44 733
44 63
45 1792
45 1675
45 534
45 900
45 413
45 289
45 1328
45 53
45 831
45 64
45 1352
45 74
45 587
45 333
45 974
45 1876
45 213
45 93
45 350
45 1121
45 746
45 1648
45 503
45 1877
46 1388
46 651
46 1168
46 293
46 1702
46 1393
46 562
46 1074
46 181
46 607
46 1119
46 1342
46 267
46 973
46 722
46 341
46 613
46 357
46 1386
46 907
46 1265
46 1514
46 1279
47 69
47 1609
47 1878
48 609
48 1533
48 1630
49 1612
49 496
49 1833
50 162
50 170
50 1036
50 1890
50 765
50 536
50 376
50 1192
50 124
50 61
50 799
51 1157
51 903
51 520
51 662
51 1051
51 289
51 1570
51 1450
51 172
51 173
51 182
51 1081
51 956
51 63
51 195
51 1734
51 738
51 209
51 482
51 995
51 111
51 369
51 370
51 628
51 1141
51 1018
51 1151
52 1728
52 1665
52 194
52 995
52 1287
52 1290
52 717
52 1869
52 80
52 1736
52 873
52 612
52 986
52 1082
53 887
54 320
54 1830
54 135
54 168
54 1578
54 1035
54 172
54 110
54 1553
54 82
54 302
54 1366
54 55
54 186
54 570
54 286
55 65
55 99
55 1032
55 75
55 1873
55 789
55 1560
55 763
55 1118
56 387
56 399
56 1424
56 145
56 1172
56 1048
56 537
56 671
56 548
56 169
56 1327
56 1844
56 565
56 698
56 443
56 64
56 836
56 1480
56 1356
56 599
56 601
56 93
56 315
56 106
56 364
56 507
56 254
57 97
57 227
57 102
57 641
57 1207
57 1613
57 1712
57 305
57 114
57 118
57 169
57 345
57 730
57 156
57 800
58 192
58 786
58 270
58 847
58 720
58 274
58 1462
58 984
58 1883
58 1724
59 133
59 266
59 258
59 532
59 1733
59 1444
59 551
59 171
59 1327
59 432
59 435
59 184
59 1859
59 69
59 88
59 1627
59 994
59 483
59 749
59 628
60 1856
60 1651
60 66
60 489
60 940
60 1805
60 622
60 1139
60 1209
60 1790
60 1887
61 1155
61 133
61 1163
61 915
61 407
61 669
61 928
61 549
61 413
61 560
61 435
61 825
61 1341
61 62
61 832
61 334
61 1652
61 590
61 185
61 1241
61 1114
61 608
61 1380
61 239
61 1008
61 1012
61 886
61 764
62 1537
62 1223
62 374
62 220
63 896
63 1473
63 1888
63 905
63 1227
63 1357
63 784
63 1880
63 378
63 987
63 701
64 385
64 903
64 138
64 396
64 1421
64 659
64 1430
64 1670
64 806
64 565
64 317
64 653
64 338
64 86
64 90
64 1125
64 747
64 115
64 1407
65 905
65 239
65 144
65 1205
65 1270
65 1498
65 318
66 419
66 228
66 102
66 1553
66 104
66 1865
66 362
66 491
66 497
66 1074
66 1507
66 1636
66 1301
66 1878
66 857
66 644
66 155
66 1085
67 393
67 1739
67 1698
67 1135
67 210
67 1683
67 660
67 151
67 378
67 735
67 124
67 1050
67 95
68 432
68 101
68 1104
68 813
68 304
68 1585
68 82
68 1237
68 472
68 1626
68 829
68 914
69 128
69 772
69 649
69 778
69 395
69 1551
69 790
69 1694
69 1195
69 814
69 1841
69 182
69 1338
69 453
69 1358
69 1891
69 981
69 343
69 1889
69 1507
69 1768
69 1643
69 249
70 299
70 1285
70 1670
70 139
70 269
70 655
70 1552
70 1554
70 152
70 539
70 806
70 1832
70 554
70 939
70 685
70 1351
70 84
70 598
70 346
70 1890
70 1001
71 288
71 615
71 727
71 617
71 344
71 580
71 795
71 540
71 511
72 411
72 870
72 167
72 1129
72 842
72 1165
72 304
72 899
72 283
72 543
73 769
73 130
73 229
73 625
73 232
73 1608
73 1879
73 1313
73 401
73 660
73 830
73 310
73 361
73 152
73 1087
73 125
73 702
73 255
74 906
74 238
74 1425
74 1846
74 184
74 1866
75 512
75 896
75 98
75 264
75 170
75 719
75 656
75 467
75 1460
75 854
75 1848
75 1369
75 826
75 1210
75 94
75 1375
76 396
76 910
76 1177
76 428
76 174
76 834
76 451
76 79
76 978
76 1533
76 1886
76 106
76 210
76 1262
76 367
76 240
76 885
76 506
76 891
76 381
76 127
77 1185
77 138
77 485
77 716
77 656
77 116
77 117
77 127
78 320
78 1376
78 635
78 731
78 684
78 523
78 647
78 1394
78 628
78 757
78 1562
78 220
79 1807
79 146
79 1172
79 280
79 1817
79 1690
79 671
79 672
79 1062
79 297
79 1332
79 953
79 1594
79 1599
79 326
79 481
79 1762
79 1255
79 1639
79 937
79 1300
79 191
79 766
80 1732
80 363
80 1105
80 759
80 568
80 1049
80 701
81 1540
81 397
81 1837
81 131
81 1157
81 1188
81 646
81 422
81 300
81 1581
81 1338
81 445
81 579
81 326
81 1805
81 976
81 83
81 86
81 1350
81 359
81 1385
81 750
81 317
81 753
82 1056
82 514
82 1765
82 584
82 105
82 962
82 1181
82 547
82 692
82 1589
82 253
82 190
83 513
83 546
83 1640
83 265
83 891
83 955
83 1565
83 1069
83 501
83 439
83 312
83 379
83 924
83 189
83 542
84 256
84 707
84 1316
84 262
84 1799
84 493
84 621
84 402
84 793
85 384
85 770
85 140
85 1809
85 294
85 437
85 438
85 706
85 353
85 1489
85 723
85 97
85 229
85 233
85 618
85 749
85 1648
85 502
85 119
85 1402
85 637
86 677
86 454
86 201
86 1201
86 112
86 787
87 438
87 201
87 143
87 214
87 950
87 1071
87 414
87 645
88 705
88 643
88 1097
88 1387
88 878
88 1457
88 148
88 1108
89 833
89 1107
89 902
89 1244
89 331
89 1196
89 1359
89 434
89 371
89 1591
90 130
90 520
90 275
90 542
90 803
90 299
90 1582
90 694
90 439
90 1080
90 315
90 581
90 458
90 462
90 1443
90 468
90 1486
90 1367
90 217
90 1371
90 1529
90 1005
90 1011
90 244
90 505
91 135
91 1708
91 1164
91 912
91 1298
91 1178
91 802
91 1187
91 1701
91 1064
91 1838
91 1467
91 1698
91 1874
91 473
91 97
91 870
91 230
91 371
91 1143
91 383
92 1408
92 771
92 324
92 1638
92 1801
92 556
92 531
92 890
92 892
93 132
93 262
93 1162
93 272
93 1171
93 772
93 154
93 673
93 164
93 823
93 191
93 567
93 588
93 337
93 860
93 733
93 869
93 108
93 244
93 1656
93 1402
93 1149
94 961
94 1282
94 489
94 846
94 592
94 401
94 466
94 724
94 439
94 734
94 1855
95 256
95 129
95 1285
95 904
95 395
95 275
95 662
95 798
95 1568
95 1188
95 1061
95 176
95 1205
95 208
95 337
95 213
95 599
95 868
95 1383
95 105
95 1262
95 112
95 499
95 631
96 289
96 514
96 100
96 876
96 722
96 658
96 1268
96 1621
96 662
96 804
96 1403
97 354
97 712
97 1198
97 1000
97 114
97 212
97 282
97 410
98 738
98 136
98 335
98 1202
98 1239
98 728
98 217
98 1022
99 962
99 291
99 257
99 1256
99 591
99 464
99 879
99 1864
99 1219
99 824
99 123
99 925
100 365
100 346
100 187
101 225
101 1644
101 1036
101 429
101 500
101 729
101 1629
102 806
102 645
102 146
102 531
102 1464
102 1755
102 229
103 215
104 1048
104 1680
106 1567
106 1129
107 231
107 1416
107 362
107 748
107 624
107 177
107 339
107 503
107 441
107 122
107 1723
107 586
107 222
108 225
108 196
108 165
108 167
108 1361
108 457
108 138
108 1223
108 1068
108 321
108 591
108 352
108 1445
108 1742
108 1513
108 1242
108 543
108 426
109 132
109 359
110 1771
110 253
111 168
111 236
111 559
111 848
111 433
111 919
111 1272
111 795
111 1884
111 1757
112 394
112 274
112 924
113 355
113 1761
113 1832
113 1452
113 1037
113 1487
113 468
113 341
113 342
113 440
114 1611
114 1704
114 1111
114 462
114 1679
114 208
114 1618
114 759
114 186
114 475
114 314
114 1150
115 744
115 780
115 1794
115 207
115 786
115 275
115 278
115 215
115 120
115 1753
115 1658
115 1103
116 1515
116 147
116 756
116 1530
116 1182
117 170
117 596
117 1078
117 927
118 1346
118 228
118 679
118 713
118 1003
118 150
118 745
119 1728
119 193
119 834
119 1371
119 1735
119 713
119 1035
119 1326
119 1483
119 1243
119 478
120 1863
120 142
120 312
120 1657
120 538
121 129
121 1517
122 459
122 204
122 237
122 178
122 430
122 377
122 157
122 126
122 479
123 1379
123 620
123 237
123 1400
124 773
124 1871
124 213
124 856
124 441
125 1490
126 258
126 266
126 147
126 1303
126 409
126 283
126 547
126 1723
126 1855
126 1869
126 1362
126 1491
126 471
126 222
126 608
126 741
126 230
126 1652
126 760
127 578
127 1603
127 1724
127 938
127 1331
127 1302
127 889
127 220
128 426
128 1750
128 1796
128 1789
129 1633
129 1035
129 198
129 839
129 235
129 300
129 578
129 846
129 306
129 371
129 181
129 702
130 1379
130 683
130 1420
130 175
130 1202
130 596
130 533
130 1257
130 696
130 153
130 1039
130 1879
130 1146
130 767
131 579
131 828
131 1386
131 953
131 351
132 1729
132 1573
132 166
132 856
133 977
134 322
134 1164
134 400
134 146
135 1017
135 1549
136 519
136 236
136 912
136 563
136 169
136 1784
137 1125
137 587
137 669
137 1808
137 1044
137 1237
137 247
137 522
138 577
138 1654
138 526
138 1425
138 1555
138 470
139 801
139 453
139 488
139 553
139 1232
139 1395
139 1173
139 183
139 1624
139 282
139 1372
139 1429
140 1025
140 1763
140 1028
140 197
140 1738
140 527
140 1713
140 212
140 1655
140 1272
140 730
140 511
141 592
141 194
141 163
141 359
141 1292
141 400
141 1827
141 502
141 265
141 1225
142 260
142 454
142 424
142 1656
142 813
142 872
142 308
142 501
142 1210
142 573
142 1304
142 1247
143 160
143 166
143 1033
143 1007
143 675
143 376
143 638
144 908
144 751
144 1688
144 1014
144 1623
144 696
146 1349
146 550
146 1319
146 457
146 1067
146 1493
146 603
146 933
147 865
147 388
147 165
147 1713
147 840
147 1000
147 1323
147 945
147 883
147 245
147 414
147 484
147 540
148 161
148 996
148 417
148 1352
148 778
148 876
148 239
148 785
148 1079
148 799
148 1821
148 415
149 775
149 328
149 1641
149 298
149 333
149 1294
149 154
149 190
149 1215
150 1742
150 393
151 1102
151 436
151 1749
151 1343
151 477
151 159
152 427
152 748
152 373
152 249
153 864
153 1159
153 1647
153 330
153 1671
153 173
153 1071
153 272
153 1018
153 859
154 258
154 214
154 521
154 1298
154 920
154 537
154 799
154 1317
154 178
154 183
154 447
154 196
154 339
154 726
154 1368
154 1884
154 610
154 1129
154 365
154 1390
154 496
154 723
154 1013
154 377
155 1000
155 1217
156 161
156 1451
156 331
156 525
156 815
156 851
156 1779
156 1276
156 979
157 1760
157 228
157 231
157 1255
157 268
157 1518
157 1427
157 1140
157 921
157 1208
157 420
157 731
157 188
157 1337
157 446
158 1280
158 579
158 356
158 1126
158 617
158 494
158 1456
158 465
158 1682
158 1171
158 916
158 1306
158 187
158 572
159 819
159 659
160 1828
160 406
160 268
160 205
160 1070
160 1744
160 305
160 1235
160 308
160 278
160 727
160 1307
160 283
160 828
160 933
161 1856
161 834
161 1800
161 566
162 256
162 867
162 196
162 1865
162 273
162 1207
162 345
162 414
163 1027
163 823
163 1246
164 809
165 977
165 204
165 202
165 203
165 269
165 718
165 177
165 786
165 374
165 281
165 1115
166 481
166 1542
166 513
166 1258
166 1099
166 821
166 1886
166 1755
166 318
167 1025
167 1282
167 195
167 1061
167 1190
167 1671
167 700
167 173
167 1297
167 946
167 661
167 342
167 476
167 1053
168 428
168 1843
168 504
168 1466
168 284
168 1471
170 868
170 652
170 1168
170 372
170 667
171 352
171 386
171 1475
171 1231
171 918
172 1499
172 1693
173 745
173 1804
173 461
173 180
173 1142
174 1058
174 1283
174 360
174 938
174 1453
174 814
174 1587
174 1556
175 642
175 1458
175 946
175 1428
175 763
175 415
176 277
177 1244
177 234
177 1715
177 311
177 536
177 1753
177 1084
178 861
179 232
179 1545
179 561
179 468
179 471
180 288
180 552
180 235
180 1587
180 380
181 646
181 353
181 1001
181 874
181 877
181 527
181 785
181 1261
181 500
182 1504
182 1712
182 720
182 209
182 542
182 382
182 293
183 391
183 555
183 1397
183 1227
183 1082
184 1571
184 1351
184 297
184 1321
184 661
184 521
184 602
184 189
185 1449
185 702
185 319
186 1635
186 710
186 615
186 552
186 201
186 1867
186 1650
187 931
187 804
187 647
188 672
188 769
188 194
188 1253
188 263
188 1265
188 1650
188 1141
188 952
188 251
189 423
189 363
189 1612
189 472
189 1365
189 593
190 549
191 1444
191 1737
191 434
191 271
191 402
191 1300
191 1301
191 1880
191 251
191 1532
191 350
191 1567
192 1761
192 1835
192 1350
192 243
192 746
192 455
192 432
192 563
192 242
192 276
192 841
192 379
192 956
193 832
193 681
193 231
193 1519
193 807
193 1102
193 366
193 1681
193 242
193 1711
193 430
193 630
193 347
193 1809
193 1674
194 1440
194 1220
194 1833
194 718
194 1654
194 441
194 381
195 1120
195 1280
195 649
195 1550
195 495
195 1072
195 276
195 889
195 884
196 640
196 708
196 932
196 635
197 800
197 1440
197 327
197 1486
197 1268
197 1305
198 704
198 259
198 200
198 1194
198 715
198 1167
198 817
198 566
198 1096
198 798
198 767
199 1089
199 483
199 1543
199 1354
199 1007
199 208
199 1843
199 1110
199 1849
199 1632
199 508
199 670
200 515
200 1898
200 1426
200 355
200 986
201 1578
201 437
201 1468
202 451
202 356
202 582
202 1036
202 688
202 242
202 1816
202 836
202 774
203 1796
203 1545
203 525
203 1550
203 1168
203 795
203 380
204 523
204 555
204 1293
204 934
204 633
205 450
205 1356
205 714
205 866
205 206
205 783
205 1481
205 211
205 974
205 406
205 663
205 1625
205 285
206 1216
206 739
206 1416
206 429
206 1848
206 917
206 825
206 248
206 665
207 450
207 1124
207 358
207 395
207 877
207 366
207 368
207 530
207 566
207 1314
207 1474
207 862
208 353
208 1051
208 516
208 561
208 1339
208 859
209 325
209 519
209 990
209 437
209 664
209 1146
209 1308
209 478
210 935
210 938
210 716
210 479
211 389
211 1320
211 651
211 335
211 1424
211 1204
212 1664
212 1091
212 909
212 498
212 1430
212 1271
212 569
212 285
213 294
213 461
213 338
213 531
213 1846
213 1275
214 425
214 361
214 464
215 1025
215 292
215 488
215 427
215 654
215 1238
215 538
216 260
216 907
216 333
216 681
216 701
216 790
216 1604
216 1423
216 1340
216 605
216 1439
217 1158
217 623
217 1454
217 700
217 858
218 704
218 520
218 968
219 931
219 295
219 522
219 334
219 1376
219 416
219 448
219 814
219 567
219 1802
219 963
219 1823
220 1461
220 268
220 302
220 535
220 1023
221 1378
221 634
221 637
221 351
222 455
222 360
222 394
222 399
222 808
222 1822
222 233
222 888
222 1435
222 445
223 261
223 998
223 1704
223 373
223 1335
224 769
224 770
224 707
224 1777
224 1612
224 1870
224 1653
224 816
224 273
224 307
224 1748
224 277
224 1526
224 1111
224 473
224 1659
224 1183
225 1062
226 1735
226 1101
226 942
226 600
226 440
226 607
227 387
227 972
227 945
227 927
228 1315
228 851
228 340
228 1783
228 764
228 286
229 1440
229 545
229 1414
229 257
229 1064
229 588
229 755
230 301
230 783
230 848
230 952
230 1138
230 1043
231 323
231 1793
231 1281
231 682
231 1565
231 1085
231 1649
231 726
231 535
231 1784
231 505
231 250
231 732
231 1663
232 1547
232 727
232 477
233 377
233 953
236 418
236 1476
236 1574
236 423
236 1873
236 1464
237 448
237 815
237 1467
237 420
237 807
237 364
237 403
237 269
237 762
237 541
237 1073
237 1460
237 1806
237 1591
237 492
238 385
238 1603
238 1894
238 1772
238 688
238 595
238 442
238 1531
239 674
239 737
239 499
240 522
240 623
240 348
242 517
242 487
242 968
242 428
242 1473
242 1203
242 340
242 1568
242 490
242 511
243 1774
244 933
244 1799
244 313
244 1147
244 1724
245 1505
245 1122
245 355
245 484
245 1477
245 1222
245 1297
245 840
245 459
245 878
245 1735
245 872
245 996
245 315
245 1180
246 1318
246 330
246 248
246 882
246 1815
246 1114
246 1841
247 800
247 710
247 1064
247 1834
247 1606
247 686
247 1016
247 937
247 982
247 1113
247 1823
247 639
248 832
248 1814
248 422
248 1889
248 456
248 1107
248 1845
249 1024
249 870
249 586
249 749
249 1520
249 1618
249 627
249 1813
249 1337
249 1273
250 544
250 1031
250 463
250 1852
252 1249
252 869
252 1451
252 1359
252 1264
252 850
252 287
253 740
253 1293
253 1745
253 1332
253 824
253 1690
253 1758
254 1685
255 1058
255 1354
255 1003
255 1361
255 1365
255 1046
255 1855
256 422
256 262
256 327
256 296
256 1545
256 290
256 1006
256 1296
256 1747
256 562
256 1651
256 629
256 1334
256 311
256 669
257 1083
259 321
259 1063
259 685
259 622
259 1135
259 851
259 1115
259 1182
259 287
260 515
260 519
260 936
260 951
260 666
260 1274
261 1741
261 276
261 634
261 830
262 999
262 360
262 1608
262 398
262 401
262 274
263 1889
263 1191
263 1052
263 1134
263 911
263 341
263 571
263 1245
264 1226
264 1714
264 534
264 895
265 482
265 1316
265 557
265 1236
266 708
266 742
266 935
266 622
266 626
266 1048
266 1433
267 1094
267 967
267 684
267 605
268 1681
268 405
268 474
268 1343
270 676
270 551
270 1127
270 1246
270 1721
270 574
271 1864
271 1131
271 1422
271 463
271 881
271 789
271 1369
272 490
272 683
272 1644
272 663
272 1726
273 576
273 619
273 625
274 656
274 610
274 743
274 1104
274 1070
274 1597
274 369
274 404
274 1397
274 988
274 861
275 1411
275 920
275 442
275 1022
276 1414
276 391
276 1896
276 777
276 1356
276 1475
276 1040
276 433
276 707
276 375
276 1801
276 1791
277 418
277 1126
277 691
277 695
277 1882
277 1696
277 895
278 323
278 1255
278 686
278 585
278 1529
278 1117
279 667
279 677
279 392
279 1068
279 1547
279 972
279 1106
279 1204
279 1861
279 1353
279 539
279 606
279 1087
280 292
280 1766
280 1771
280 1630
281 387
281 328
281 528
281 712
281 467
281 643
281 1366
281 517
282 676
282 1062
283 838
283 584
283 1459
283 891
284 1563
284 548
284 1029
284 1065
284 1098
284 1643
284 1422
284 690
284 1747
284 1867
284 1110
284 1321
284 1883
284 1052
285 1795
285 458
285 844
285 890
285 923
285 573
286 1010
286 1417
287 390
287 1448
287 332
287 1584
287 465
287 1203
288 418
288 681
288 1419
288 1799
288 1521
288 1266
288 695
288 408
288 571
288 668
289 1164
289 1808
289 349
290 1101
290 728
290 797
291 1630
291 817
292 1776
292 1744
292 632
293 815
294 734
294 1857
294 419
294 388
294 837
294 1638
294 399
294 853
294 950
294 751
294 1244
296 384
296 613
296 459
296 1104
296 1617
296 306
296 1400
296 1754
296 575
296 668
298 844
298 1622
299 836
299 1771
299 725
299 343
299 724
299 476
300 961
300 1190
300 1180
300 1069
300 922
300 529
300 532
300 1174
300 504
300 314
300 1084
300 826
300 833
301 1829
301 540
301 313
301 991
302 1088
302 322
302 971
302 676
302 470
302 747
302 1293
302 558
302 351
302 469
302 344
302 410
302 1077
302 319
303 969
303 1260
304 809
305 386
305 1030
305 979
305 346
305 1530
306 1376
306 524
306 657
306 630
307 621
307 1102
307 1584
307 1426
307 1277
307 1471
308 1060
308 1253
308 1194
308 1407
309 1154
309 461
309 560
309 956
310 1335
310 994
310 516
310 421
310 614
310 665
310 908
310 839
310 396
310 1762
310 1288
310 982
310 1400
310 644
310 1311
311 1136
312 497
312 1076
312 757
312 1595
313 545
313 763
313 489
313 747
313 1133
313 571
313 636
314 1497
315 460
315 1247
316 481
316 423
316 1575
316 391
316 754
317 1870
317 329
317 717
317 1052
317 783
317 1166
317 380
318 1472
318 389
318 1783
318 988
319 1510
319 614
319 812
320 512
321 935
321 1292
321 1329
321 381
322 1792
322 682
322 1453
322 850
322 378
323 390
323 980
323 438
323 1655
324 421
324 812
324 1233
325 726
325 1161
326 637
326 918
327 801
327 706
327 683
327 1231
327 1041
327 1108
327 470
327 633
327 997
328 1095
328 1641
328 1325
328 409
328 696
329 1105
330 610
330 1670
330 1438
330 1663
331 336
331 404
331 820
332 768
332 866
332 1218
332 898
332 1005
332 560
332 766
333 899
333 1095
333 1353
333 1265
333 1292
333 1039
333 760
333 594
333 1087
334 1264
334 457
334 688
334 1106
334 479
335 1005
335 989
335 1197
335 1751
335 445
336 564
337 1248
337 1378
337 452
337 714
337 626
337 1177
337 1502
338 875
339 348
339 443
340 1057
340 426
340 1778
340 624
340 1594
340 478
341 1447
341 565
341 1529
342 642
342 843
342 490
342 941
342 1646
342 431
342 839
342 1045
342 1622
342 495
342 689
342 411
342 926
342 1531
343 1241
343 998
344 400
345 932
345 450
345 917
345 983
345 761
345 1503
346 616
346 507
347 1306
347 1041
348 1417
348 408
348 955
350 684
350 1166
350 1741
350 723
350 1172
351 553
351 1060
352 546
352 487
352 680
352 1362
352 943
352 1170
352 627
352 1310
352 652
352 1497
352 412
352 446
353 547
353 453
353 394
353 1775
354 704
354 514
354 939
354 843
354 913
354 1683
354 1259
354 1239
354 921
355 388
356 1377
358 424
359 774
359 967
359 1256
359 1291
360 779
361 448
362 1349
362 398
363 892
364 930
364 1667
364 1794
364 1802
364 1274
364 1247
365 1558
365 375
365 762
365 1662
366 1699
366 1637
366 944
366 629
366 1147
367 1474
367 455
367 1161
367 494
367 1240
367 1523
367 472
367 732
368 1607
368 1866
369 1153
369 1518
369 464
369 881
369 1114
369 1527
369 602
369 858
369 606
370 842
371 934
371 1512
371 491
371 1676
371 1754
372 1816
372 1076
373 675
373 1156
373 1542
373 691
373 858
374 1220
374 1416
374 1141
374 1206
374 731
375 577
375 1700
375 1398
375 1081
378 1885
379 781
380 483
380 1676
380 1370
381 902
381 493
381 1231
381 528
381 626
381 435
381 658
381 442
381 796
382 1379
383 992
383 1664
383 775
383 1679
383 1731
383 1795
384 1769
384 883
384 1592
386 1123
386 456
386 1095
386 906
386 562
386 402
386 1788
387 1032
387 650
387 791
387 954
388 706
388 743
388 476
389 866
389 948
389 597
390 752
390 1381
390 1033
390 1769
390 1404
390 1681
390 1590
390 791
390 888
390 505
390 1083
390 1372
391 1058
391 537
391 692
391 794
392 1154
392 485
392 1191
392 552
392 971
392 748
392 1393
392 1863
392 755
392 1396
392 630
392 504
392 444
392 1710
392 597
393 1540
393 1766
393 583
393 1480
393 1068
393 1586
393 631
393 1561
393 1340
393 1183
395 703
395 1667
396 475
396 1325
397 709
397 429
397 1206
397 1820
398 512
398 609
398 942
398 949
398 638
399 480
399 1698
399 1688
400 482
400 1627
400 1830
400 1576
400 1046
400 1243
401 460
401 1484
402 1222
402 614
402 713
402 857
403 798
405 1806
405 1557
405 1279
406 1175
407 902
407 1639
407 616
407 510
410 596
410 1016
411 546
411 741
411 1034
411 1532
412 1729
412 556
412 687
412 1749
412 636
413 480
413 421
413 582
413 1418
413 750
413 1585
413 1305
413 1050
413 1179
413 1534
413 1573
414 523
414 1727
416 550
416 1541
416 974
416 721
416 1798
416 951
416 703
417 1512
418 1774
418 781
419 1827
419 808
419 1849
419 1659
419 1404
421 1888
421 1221
421 1319
421 1424
422 720
422 944
422 1684
424 777
424 1136
424 797
425 1546
425 750
425 1566
425 923
425 990
427 737
427 1250
427 792
427 561
427 1397
427 539
428 1092
428 487
428 1834
428 557
429 1699
429 444
429 1818
429 1212
430 680
430 1003
430 510
430 603
430 574
431 1054
431 849
432 460
432 915
432 1173
432 698
432 1146
433 1834
433 1422
433 883
434 962
434 1892
434 1295
436 1764
437 1217
437 648
437 941
437 1392
437 530
437 1428
438 1026
438 932
438 1196
438 1586
438 1775
438 1426
438 1396
438 887
438 1528
438 990
439 1504
439 1510
439 1010
439 1333
440 1765
441 480
441 639
443 498
443 822
444 1001
444 1707
444 1229
444 1039
445 1188
445 550
445 1501
446 593
447 1248
448 789
448 1789
448 1470
450 563
450 1509
451 1665
451 521
451 600
452 1070
453 1251
453 1868
453 1583
453 528
453 466
454 642
455 1344
455 548
455 586
455 1069
455 719
455 1109
456 936
456 650
456 943
456 475
456 1020
457 1254
457 618
457 1748
457 1653
458 640
458 1153
458 1673
458 499
459 1411
459 752
459 529
459 1394
459 1491
459 758
459 761
460 965
460 1437
461 1063
461 583
461 1116
462 1520
462 1580
463 1482
463 845
464 1313
464 1596
464 1758
465 1091
465 1263
465 598
466 1452
467 929
467 900
467 1193
467 558
467 689
467 1668
467 981
467 666
467 1019
467 1375
468 855
469 997
469 776
469 526
469 1285
470 792
471 1796
471 1671
471 569
471 1211
471 1852
471 1373
472 517
472 526
473 1017
474 585
474 1362
474 788
475 1680
476 1054
477 1201
477 850
478 1508
478 966
478 1200
478 1535
480 864
480 1660
481 631
481 615
482 1017
483 544
483 1347
483 1449
483 1303
484 1600
484 578
484 1476
484 590
484 1297
484 602
484 1429
485 1569
485 486
485 1038
485 1202
485 1126
485 863
486 927
486 1411
487 1509
487 533
487 1174
488 1242
489 1862
489 1361
490 588
492 534
494 671
497 779
497 878
497 751
498 1511
498 1107
498 1620
499 1313
499 1479
499 1399
499 1212
500 947
503 1474
504 928
504 1024
504 518
504 1836
505 1568
505 1029
505 1132
506 1894
507 1321
507 1711
507 1555
507 1043
508 1059
508 828
509 931
509 1554
509 1013
509 824
509 826
509 1022
510 1392
510 572
511 589
511 1467
511 1183
512 1121
512 741
512 556
512 1248
512 1038
513 1157
514 649
514 922
515 924
516 1439
517 1283
518 1078
518 774
519 1446
519 1366
519 958
520 965
520 1739
520 754
520 719
520 1264
520 657
520 658
520 1077
520 759
520 1086
521 654
521 567
521 1245
523 904
523 1613
523 1142
523 959
525 725
526 966
527 1189
527 871
527 1128
527 1002
527 598
527 1276
527 639
528 1611
528 1199
528 1781
529 1178
529 1619
530 1230
530 594
530 1364
530 664
530 1532
530 733
531 641
531 1090
531 835
531 1169
531 1544
531 746
531 1218
531 1229
531 624
531 977
531 1076
531 1391
531 636
533 633
533 1390
534 1117
535 1347
535 1096
535 1004
535 1199
535 1299
535 1334
535 1592
535 1566
535 1343
536 1628
537 1106
538 1345
538 1743
538 1457
538 1214
538 1014
538 1019
538 958
539 1103
539 1207
540 1443
540 1478
540 1455
540 980
541 1060
541 910
542 1314
542 1380
542 1865
542 848
542 603
542 1658
543 1504
543 1223
543 1277
543 885
543 1558
543 760
543 1213
544 698
545 1312
545 712
545 1326
545 1778
545 755
545 1144
545 954
545 773
546 619
546 653
547 1819
548 1072
548 1759
549 838
549 1181
550 837
550 654
550 564
551 1680
551 1725
552 1077
552 926
553 1355
553 675
554 1708
554 1703
555 831
556 1649
556 1109
556 985
556 1053
556 830
556 1055
557 576
557 1252
557 1404
559 930
559 1526
559 721
559 1011
559 831
559 575
560 1335
560 1050
560 1210
561 1764
561 847
561 1844
561 1020
562 1857
562 1226
562 1675
562 753
562 1427
562 1785
563 1830
563 876
563 1071
563 1269
564 1235
564 1080
564 1691
565 734
566 767
567 1521
568 1674
568 1295
568 1042
568 1493
568 854
568 697
568 986
568 1274
569 1011
570 880
570 1020
573 771
573 1360
573 721
573 1715
573 1013
574 576
574 1880
574 1848
575 1236
578 1543
578 1517
578 784
578 1105
578 978
578 951
578 1700
578 1500
579 1472
579 645
579 1449
579 1227
579 629
579 668
579 1631
580 1713
580 1777
580 689
582 1351
582 1263
582 950
582 793
582 634
583 1415
584 1539
584 918
584 1307
585 860
586 801
586 1257
588 722
588 1110
588 1465
590 648
590 852
592 1519
592 1132
593 1259
593 1358
594 857
594 635
595 640
595 1569
595 1420
596 1664
598 1413
599 756
600 1145
601 835
602 657
602 1840
602 1753
602 957
602 1151
604 1415
604 1130
604 847
604 948
604 632
605 737
605 1383
605 1546
606 1088
606 1413
606 618
607 1027
607 1161
607 906
608 1123
609 728
609 937
610 1410
610 611
610 1477
610 1096
610 1846
611 1363
611 964
612 1495
612 869
613 1212
613 1320
614 764
614 1334
615 1252
615 716
615 718
615 1167
615 785
615 1748
615 661
615 1262
615 1690
616 1339
619 985
621 647
621 1481
621 1103
621 666
621 1661
622 708
622 1785
622 670
623 744
623 1705
623 1390
623 1320
625 673
625 873
625 1080
626 1360
627 1684
627 1837
628 999
629 1118
629 1135
631 736
631 901
632 1506
632 1030
634 1861
634 1875
634 922
634 1278
635 949
636 1281
637 1780
637 892
638 1877
640 1567
642 949
642 1273
643 1831
644 1760
645 1797
645 784
645 1789
647 1156
647 1589
647 983
647 765
648 1582
648 1599
650 980
650 1118
651 694
651 958
652 984
652 678
653 1412
653 711
654 1538
654 1075
655 905
655 1342
656 882
656 1513
657 1601
657 1482
657 820
657 1642
658 1406
659 772
659 1120
661 1403
661 871
661 818
661 923
662 934
662 1618
662 1490
662 692
663 1378
663 1193
663 811
663 987
664 1682
665 838
665 1134
665 1267
665 1614
666 1581
667 1127
667 1358
667 914
667 987
668 1438
668 864
669 915
669 873
671 1434
672 1881
672 1614
674 1730
675 898
675 1412
675 1466
675 863
676 1079
676 717
677 1217
677 1094
679 1542
679 841
679 1623
679 1525
679 1196
679 1839
679 1840
679 1522
679 1620
679 1015
679 703
680 685
681 1163
681 1573
682 1892
682 1382
682 1250
682 782
682 1526
682 1084
683 1488
683 1254
684 1524
684 991
685 695
686 998
686 957
687 1831
689 993
689 754
689 925
692 983
692 796
693 1549
694 699
695 1634
695 859
696 1331
697 1230
697 829
697 1182
698 1284
698 1491
698 863
699 1065
700 1152
700 964
700 1718
700 1463
701 752
701 1419
701 1364
701 1757
702 744
703 1372
705 739
705 1643
705 1597
707 1243
707 808
708 1026
708 1647
709 913
711 1032
711 1616
712 1192
712 947
712 1018
713 1697
714 1826
714 1031
714 1224
714 916
714 1112
716 819
718 884
719 939
719 1142
720 1344
721 1851
722 1613
724 1410
724 1328
724 766
726 1760
726 1374
727 1870
727 1278
728 1689
729 1228
729 1363
729 920
729 1054
731 1730
731 1144
731 1019
732 1575
732 1162
732 1802
733 1551
733 1112
733 1242
734 1774
734 1046
735 1185
735 1672
735 1418
735 975
735 1811
735 948
736 959
737 1124
737 743
737 1324
737 1521
739 1283
739 1037
739 1886
740 1700
740 1269
740 1631
741 1267
742 940
742 1717
745 1867
745 1021
746 1179
747 1487
748 762
748 1431
749 1732
749 1513
751 1150
751 1721
752 960
752 835
754 897
754 1666
754 1349
754 1606
755 1021
757 1140
758 1436
759 1225
760 1512
760 1392
760 1658
760 1214
761 1208
763 1446
763 1371
763 1406
765 1249
765 1572
765 1063
765 821
766 1197
766 973
766 1401
767 1187
767 805
767 1579
767 1260
767 1625
768 1195
768 781
768 913
768 822
768 1460
769 1189
769 780
769 1193
770 1779
771 1367
772 1322
773 1150
773 1591
774 1257
774 1898
774 1586
774 1883
774 1021
776 971
776 1516
776 821
776 1432
777 1442
777 969
777 1849
777 1435
778 1604
780 1322
780 1137
780 1429
780 1755
781 1316
781 1213
781 1085
783 1538
783 1169
783 1306
784 816
785 1576
785 1034
785 887
786 1179
788 1329
789 1579
789 1621
790 1872
790 1783
791 1122
791 805
791 1611
795 1290
796 929
796 1835
796 1548
796 1435
797 1486
798 1289
799 1673
799 1125
800 976
800 916
801 1725
801 1170
802 1111
803 1782
804 1540
804 1203
805 1224
805 1619
806 912
807 1637
807 1373
807 1437
808 1124
808 1878
809 856
809 1793
810 928
810 1736
810 1228
810 1312
810 888
812 945
812 1548
813 960
814 1026
814 1831
814 1038
815 1563
817 1386
818 1571
819 1733
819 943
819 1430
819 1790
820 1015
820 1476
822 1006
824 1539
824 1204
825 1617
826 969
826 1738
826 1082
828 1574
829 1312
829 1888
829 845
829 1844
829 1240
829 889
829 1051
829 1533
830 984
831 1330
833 1581
833 967
834 1787
835 1662
836 1280
836 1232
836 1780
837 1309
838 1788
839 1534
840 1056
840 1814
840 1398
840 1689
841 1002
841 1228
843 900
843 1410
843 1266
843 886
844 1101
846 1122
847 1384
847 1360
847 991
849 1178
850 1842
851 1615
852 1116
852 1198
853 1803
853 975
854 1342
855 1496
855 1494
857 1308
858 1806
859 1492
859 1158
860 1405
861 879
862 896
862 1218
862 1522
863 1634
863 1043
863 1115
864 960
865 1884
865 1701
868 1152
869 1443
869 1387
869 1488
870 1374
872 1494
872 1536
873 901
873 1746
873 1854
875 1441
876 1287
876 1273
876 1049
878 1677
880 947
881 1409
881 1465
881 1628
882 1190
883 1845
883 1559
883 1628
885 1456
885 970
886 1414
887 1185
887 1617
887 1310
888 1629
888 1535
889 1450
889 1330
889 1559
890 1160
891 1820
892 1403
892 1605
893 1678
893 1622
893 1719
893 1275
894 1143
894 1609
895 1348
900 1732
901 1547
902 1619
903 1473
904 1868
905 1120
905 1415
905 989
906 1737
906 1707
906 1237
906 1758
907 909
907 1861
909 1385
910 1787
911 1860
911 1167
911 921
911 1853
912 1669
912 1031
912 1838
913 1782
914 1098
914 1270
915 1583
916 978
916 1503
917 1494
917 1787
919 1346
919 1331
919 1295
919 1075
922 1232
922 1409
924 972
924 1747
925 1008
925 1588
925 1812
926 1009
928 1514
928 1380
930 944
931 1595
931 1363
932 1858
932 1389
933 1153
933 1028
933 1798
933 1892
937 1163
939 1226
939 1154
939 1145
940 1500
940 1391
941 1090
941 1288
941 1395
942 1093
943 963
943 1452
943 1299
945 1808
946 1209
946 1266
948 1344
948 1829
949 1251
950 1847
950 1421
950 1205
950 1368
950 1691
952 1524
952 1788
954 966
954 1160
954 1837
954 1073
955 1606
956 1133
958 1541
960 1289
960 1484
960 1649
960 1234
960 1813
966 1592
966 1499
967 1714
971 1139
973 1481
973 1191
975 1552
975 1897
975 1515
976 1130
978 999
978 1840
978 1562
979 1097
979 1049
980 1488
980 1067
981 1398
981 1775
984 1136
984 1012
986 1733
986 1324
988 1585
988 1759
989 1501
990 1284
990 1350
990 1055
991 1729
991 1854
992 1893
993 1875
994 1382
999 1409
999 1462
1002 1899
1002 1716
1002 1625
1004 1854
1004 1302
1005 1176
1007 1432
1008 1215
1008 1119
1009 1814
1011 1083
1012 1839
1013 1569
1013 1660
1014 1131
1014 1034
1015 1042
1015 1423
1019 1828
1019 1498
1020 1211
1020 1756
1023 1057
1023 1156
1024 1600
1024 1282
1024 1672
1024 1134
1025 1718
1027 1686
1027 1086
1029 1348
1030 1882
1030 1318
1032 1260
1032 1862
1033 1399
1033 1703
1036 1065
1036 1199
1036 1560
1037 1610
1038 1769
1041 1489
1042 1385
1042 1676
1043 1268
1044 1534
1048 1301
1049 1677
1050 1461
1050 1750
1050 1402
1051 1377
1051 1548
1051 1113
1052 1236
1052 1298
1054 1459
1054 1261
1060 1583
1062 1687
1063 1098
1063 1579
1063 1843
1063 1469
1064 1304
1067 1166
1067 1593
1068 1345
1068 1506
1068 1841
1069 1187
1070 1388
1070 1786
1071 1152
1071 1200
1072 1853
1074 1768
1075 1448
1076 1602
1078 1740
1083 1600
1083 1564
1084 1605
1086 1433
1086 1593
1086 1722
1087 1761
1087 1621
1087 1823
1088 1291
1089 1347
1089 1092
1089 1340
1090 1092
1093 1216
1095 1252
1097 1706
1097 1669
1098 1716
1099 1391
1100 1329
1101 1246
1101 1303
1105 1876
1105 1674
1107 1451
1107 1174
1108 1186
1109 1427
1113 1184
1113 1744
1115 1267
1116 1505
1116 1811
1117 1531
1118 1689
1118 1354
1121 1835
1121 1139
1123 1393
1124 1234
1124 1399
1126 1439
1127 1348
1130 1407
1132 1696
1135 1832
1135 1230
1135 1300
1136 1387
1136 1492
1137 1459
1137 1327
1138 1717
1140 1197
1142 1720
1143 1677
1146 1477
1146 1633
1149 1388
1149 1710
1149 1593
1150 1468
1151 1423
1152 1510
1153 1158
1154 1507
1156 1561
1157 1693
1159 1770
1160 1503
1160 1436
1163 1317
1163 1201
1164 1310
1164 1222
1171 1800
1171 1582
1171 1502
1175 1793
1176 1607
1177 1186
1178 1184
1182 1899
1182 1721
1185 1394
1185 1603
1188 1869
1189 1824
1190 1709
1191 1319
1192 1370
1195 1417
1196 1711
1198 1286
1198 1767
1198 1470
1200 1815
1203 1233
1203 1819
1204 1615
1204 1623
1204 1563
1206 1384
1207 1872
1208 1309
1212 1818
1216 1479
1218 1258
1220 1338
1221 1238
1226 1642
1226 1518
1228 1485
1230 1505
1230 1383
1230 1368
1231 1639
1232 1577
1232 1781
1234 1739
1235 1239
1236 1763
1236 1337
1237 1315
1237 1359
1237 1685
1244 1791
1246 1709
1248 1820
1249 1434
1253 1537
1253 1389
1253 1746
1256 1553
1256 1659
1258 1577
1260 1679
1261 1624
1261 1406
1264 1346
1265 1339
1266 1291
1267 1377
1268 1577
1269 1699
1271 1596
1271 1425
1274 1315
1274 1462
1275 1516
1276 1412
1277 1557
1277 1646
1280 1665
1284 1382
1284 1578
1284 1405
1286 1369
1287 1773
1288 1609
1292 1509
1293 1826
1293 1525
1294 1408
1295 1580
1295 1357
1296 1326
1297 1703
1298 1813
1299 1899
1303 1701
1304 1499
1305 1827
1305 1514
1305 1469
1306 1786
1307 1538
1308 1839
1309 1314
1310 1445
1311 1706
1311 1683
1311 1502
1314 1675
1316 1645
1323 1684
1324 1587
1325 1885
1329 1764
1329 1772
1329 1431
1329 1341
1332 1523
1332 1549
1333 1482
1335 1528
1338 1851
1342 1645
1344 1734
1344 1743
1344 1556
1344 1876
1348 1692
1354 1370
1357 1661
1361 1610
1361 1395
1361 1463
1367 1560
1368 1726
1372 1797
1374 1751
1375 1571
1379 1636
1384 1602
1384 1743
1393 1626
1395 1631
1398 1464
1399 1704
1401 1640
1402 1570
1404 1527
1407 1632
1408 1413
1410 1595
1410 1558
1412 1432
1414 1594
1417 1770
1418 1833
1418 1797
1421 1515
1422 1648
1422 1636
1425 1850
1426 1891
1428 1441
1428 1519
1430 1489
1431 1785
1433 1644
1435 1873
1437 1537
1440 1543
1440 1442
1441 1483
1441 1614
1441 1616
1441 1731
1442 1653
1442 1726
1443 1776
1447 1668
1448 1466
1449 1881
1451 1554
1451 1828
1452 1483
1454 1551
1455 1632
1455 1657
1457 1821
1458 1745
1458 1495
1462 1506
1465 1792
1467 1605
1469 1768
1472 1874
1474 1524
1475 1624
1475 1610
1477 1866
1477 1858
1477 1657
1477 1694
1478 1798
1486 1803
1491 1672
1496 1752
1498 1754
1498 1695
1500 1536
1505 1647
1506 1722
1509 1720
1510 1635
1516 1708
1517 1641
1518 1633
1527 1825
1531 1816
1533 1778
1546 1564
1550 1759
1552 1890
1552 1838
1552 1692
1552 1695
1557 1836
1557 1822
1558 1561
1560 1682
1563 1727
1574 1817
1580 1897
1583 1590
1590 1717
1591 1895
1593 1824
1593 1702
1606 1807
1609 1730
1617 1805
1620 1752
1621 1842
1624 1810
1629 1871
1632 1646
1633 1811
1636 1687
1637 1819
1638 1804
1651 1879
1651 1695
1662 1663
1669 1801
1670 1829
1676 1791
1686 1773
1691 1749
1694 1751
1695 1780
1730 1887
1740 1868
1749 1862
1754 1772
1769 1807
1798 1810
1803 1853
1840 1897
