0 130
0 515
0 4
0 5
0 6
0 7
0 8
0 9
0 10
0 1291
0 12
0 269
0 1294
0 15
0 472
0 18
0 771
0 1172
0 149
0 22
0 25
0 154
0 411
0 158
0 928
0 37
0 38
0 167
0 43
0 300
0 686
0 304
0 49
0 51
0 308
0 310
0 183
0 440
0 313
0 58
0 223
0 444
0 445
0 576
0 1440
0 1590
0 390
0 71
0 1096
0 823
0 76
0 1037
0 81
0 88
0 1370
0 219
0 1372
0 1374
0 95
0 994
0 1467
0 356
0 1457
0 743
0 1361
0 619
0 236
0 402
0 625
0 1568
0 1402
0 1403
0 253
0 1079
1 4
1 5
1 7
1 8
1 9
1 11
1 12
1 13
1 17
1 25
1 1056
1 545
1 35
1 548
1 558
1 48
1 561
1 1586
1 51
1 53
1 568
1 63
1 1104
1 1108
1 85
1 1110
1 87
1 88
1 608
1 609
1 613
1 103
1 104
1 615
1 622
1 1135
1 119
1 122
1 638
1 640
1 652
1 142
1 658
1 149
1 1183
1 1187
1 164
1 691
1 180
1 184
1 704
1 726
1 216
1 218
1 225
1 1252
1 237
1 238
1 244
1 757
1 249
1 260
1 277
1 790
1 794
1 796
1 798
1 295
1 1321
1 300
1 817
1 306
1 311
1 140
1 1357
1 348
1 354
1 355
1 357
1 374
1 889
1 890
1 392
1 404
1 413
1 439
1 1467
1 446
1 1479
1 460
1 471
1 988
1 1531
1 596
1 507
2 1280
2 1025
2 4
2 6
2 904
2 777
2 778
2 21
2 25
2 1392
2 290
2 1286
2 39
2 680
2 433
2 51
2 309
2 566
2 316
2 574
2 450
2 1347
2 708
2 838
2 1095
2 200
2 333
2 461
2 1114
2 719
2 611
2 1381
2 359
2 874
2 1231
2 368
2 241
2 1342
2 118
2 375
2 889
2 638
3 642
3 1195
3 4
3 5
3 528
3 274
3 20
3 1305
3 665
3 30
3 416
3 1058
3 1371
3 164
3 555
3 558
3 177
3 1091
3 196
3 197
3 212
3 731
3 477
3 863
3 612
3 745
3 622
3 627
3 376
3 380
4 1155
4 5
4 6
4 7
4 8
4 265
4 266
4 139
4 396
4 13
4 728
4 1170
4 1153
4 20
4 171
4 409
4 1071
4 28
4 413
4 1548
4 389
4 32
4 393
4 932
4 805
4 1088
4 42
4 43
4 858
4 302
4 303
4 176
4 1224
4 513
4 1301
4 55
4 57
4 351
4 60
4 317
4 702
4 63
4 192
4 1440
4 66
4 199
4 840
4 524
4 330
4 929
4 845
4 727
4 335
4 979
4 340
4 597
4 1162
4 471
4 88
4 217
4 90
4 93
4 223
4 482
4 1282
4 100
4 940
4 486
4 1549
4 1276
4 106
4 493
4 624
4 1394
4 245
4 120
4 506
4 123
4 380
4 1237
5 6
5 8
5 10
5 11
5 16
5 18
5 19
5 20
5 1557
5 512
5 1113
5 24
5 1052
5 541
5 32
5 34
5 35
5 36
5 37
5 1063
5 40
5 41
5 1202
5 46
5 51
5 53
5 60
5 1599
5 1090
5 69
5 72
5 587
5 588
5 78
5 89
5 99
5 102
5 104
5 105
5 619
5 1042
5 1555
5 631
5 1150
5 1152
5 132
5 647
5 136
5 137
5 140
5 145
5 661
5 150
5 157
5 158
5 159
5 1058
5 690
5 1203
5 693
5 697
5 191
5 1056
5 713
5 205
5 1232
5 547
5 1486
5 1239
5 804
5 222
5 549
5 1253
5 232
5 237
5 1267
5 759
5 1278
5 1283
5 774
5 1296
5 789
5 287
5 1314
5 292
5 295
5 808
5 299
5 303
5 311
5 1589
5 837
5 1356
5 1367
5 858
5 861
5 352
5 359
5 1389
5 879
5 1393
5 370
5 381
5 1174
5 390
5 903
5 908
5 949
5 76
5 970
5 974
5 476
5 489
5 504
5 507
6 129
6 387
6 518
6 7
6 1582
6 550
6 1053
6 781
6 398
6 15
6 1041
6 1003
6 643
6 1309
6 21
6 1155
6 791
6 1284
6 410
6 155
6 28
6 669
6 1054
6 161
6 930
6 1573
6 294
6 551
6 1348
6 1065
6 43
6 922
6 47
6 50
6 1331
6 53
6 696
6 697
6 1306
6 316
6 565
6 1473
6 835
6 68
6 70
6 545
6 328
6 73
6 715
6 1356
6 1058
6 207
6 80
6 86
6 344
6 94
6 479
6 226
6 740
6 229
6 614
6 1182
6 485
6 492
6 1133
6 613
6 1256
6 370
6 374
6 121
6 251
6 508
6 894
6 277
7 363
7 520
7 9
7 10
7 11
7 12
7 13
7 14
7 1524
7 19
7 532
7 23
7 1312
7 26
7 27
7 265
7 1437
7 491
7 928
7 929
7 166
7 1192
7 44
7 1069
7 178
7 52
7 862
7 137
7 57
7 59
7 60
7 190
7 1343
7 620
7 834
7 1355
7 964
7 197
7 198
7 967
7 1268
7 268
7 567
7 226
7 206
7 333
7 80
7 977
7 338
7 979
7 910
7 1115
7 1274
7 94
7 95
7 96
7 98
7 103
7 1128
7 1513
7 362
7 107
7 236
7 1106
7 622
7 111
7 1440
7 244
7 117
7 396
7 969
7 1533
7 511
8 9
8 10
8 11
8 12
8 14
8 15
8 16
8 17
8 533
8 27
8 29
8 30
8 32
8 546
8 37
8 42
8 45
8 50
8 1587
8 521
8 1592
8 57
8 1594
8 1083
8 1034
8 576
8 66
8 68
8 71
8 75
8 590
8 79
8 595
8 597
8 86
8 601
8 606
8 95
8 1040
8 699
8 612
8 1545
8 621
8 112
8 626
8 119
8 632
8 134
8 143
8 146
8 148
8 687
8 1187
8 678
8 168
8 175
8 1203
8 694
8 183
8 1209
8 187
8 188
8 196
8 713
8 1226
8 203
8 109
8 774
8 975
8 1244
8 742
8 744
8 1234
8 238
8 753
8 755
8 758
8 1272
8 1273
8 250
8 262
8 265
8 277
8 1302
8 282
8 1312
8 289
8 299
8 562
8 302
8 305
8 307
8 309
8 1289
8 829
8 830
8 321
8 322
8 324
8 837
8 840
8 863
8 354
8 868
8 1382
8 1391
8 1400
8 387
8 903
8 392
8 395
8 399
8 1092
8 410
8 926
8 415
8 933
8 423
8 424
8 428
8 431
8 953
8 961
8 963
8 463
8 465
8 466
8 1499
8 988
8 994
8 999
8 1532
8 494
8 936
8 83
8 506
8 1020
8 1109
9 770
9 644
9 1165
9 14
9 1423
9 272
9 532
9 535
9 1432
9 409
9 666
9 1050
9 1311
9 36
9 1061
9 294
9 40
9 135
9 1199
9 568
9 575
9 194
9 453
9 326
9 455
9 1224
9 1477
9 590
9 595
9 1537
9 398
9 1498
9 93
9 734
9 1552
9 231
9 121
9 1018
9 1343
9 893
10 641
10 299
10 1158
10 748
10 663
10 14
10 17
10 658
10 1429
10 151
10 24
10 537
10 544
10 919
10 36
10 293
10 679
10 1066
10 171
10 815
10 314
10 59
10 189
10 319
10 718
10 578
10 840
10 202
10 331
10 78
10 719
10 1360
10 1362
10 1491
10 340
10 398
10 1594
10 92
10 221
10 1482
10 97
10 104
10 108
10 317
10 1384
10 1142
10 249
10 122
10 251
10 124
10 509
10 127
11 642
11 131
11 644
11 907
11 13
11 15
11 16
11 920
11 18
11 19
11 21
11 22
11 23
11 152
11 25
11 367
11 285
11 30
11 261
11 1263
11 35
11 167
11 41
11 1323
11 45
11 174
11 47
11 48
11 1131
11 773
11 438
11 1259
11 671
11 572
11 1214
11 447
11 704
11 834
11 459
11 199
11 584
11 74
11 203
11 1362
11 77
11 846
11 1293
11 82
11 595
11 1026
11 1374
11 1168
11 610
11 100
11 741
11 662
11 232
11 1055
11 935
11 236
11 466
11 239
11 275
11 150
11 1325
11 169
12 901
12 134
12 128
12 256
12 16
12 1432
12 18
12 403
12 22
12 919
12 24
12 922
12 540
12 730
12 31
12 161
12 1186
12 548
12 1062
12 1088
12 1031
12 44
12 305
12 306
12 243
12 52
12 184
12 313
12 698
12 948
12 394
12 1214
12 778
12 1095
12 968
12 74
12 587
12 852
12 1110
12 218
12 1243
12 257
12 1509
12 96
12 1507
12 613
12 109
12 110
12 115
12 1140
12 121
13 290
13 69
13 65
13 136
13 873
13 234
13 44
13 399
13 435
13 596
13 825
13 121
13 730
13 571
13 156
13 1492
14 523
14 1295
14 145
14 786
14 20
14 21
14 409
14 26
14 1314
14 1316
14 293
14 135
14 430
14 57
14 716
14 989
14 350
14 113
14 114
14 1396
15 129
15 258
15 132
15 261
15 521
15 1295
15 17
15 530
15 277
15 791
15 26
15 29
15 416
15 474
15 1314
15 932
15 582
15 39
15 810
15 1074
15 49
15 50
15 691
15 950
15 55
15 952
15 320
15 1217
15 322
15 779
15 70
15 1223
15 842
15 1079
15 738
15 845
15 710
15 595
15 985
15 90
15 96
15 226
15 101
15 1042
15 117
15 502
15 127
16 128
16 141
16 530
16 23
16 261
16 176
16 1574
16 172
16 942
16 304
16 1331
16 55
16 31
16 445
16 63
16 1163
16 196
16 210
16 596
16 853
16 346
16 1123
16 741
16 1513
16 628
16 1144
17 389
17 912
17 785
17 19
17 23
17 133
17 1440
17 162
17 37
17 557
17 699
17 72
17 73
17 78
17 209
17 742
17 870
17 110
17 915
17 885
17 1400
18 385
18 518
18 904
18 138
18 451
18 22
18 1561
18 28
18 797
18 807
18 54
18 824
18 831
18 67
18 838
18 440
18 84
18 224
18 737
18 996
19 520
19 1428
19 1215
19 1300
19 1198
19 544
19 33
19 166
19 775
19 174
19 175
19 945
19 1247
19 1213
19 62
19 703
19 320
19 1163
19 1222
19 545
19 851
19 1116
19 607
19 1121
19 873
19 1011
19 631
19 633
19 123
20 1287
20 269
20 1551
20 406
20 1305
20 24
20 132
20 27
20 31
20 160
20 546
20 943
20 165
20 1065
20 426
20 498
20 303
20 176
20 55
20 826
20 1475
20 325
20 326
20 584
20 75
20 1486
20 728
20 476
20 477
20 677
20 998
20 361
20 618
20 370
20 1527
20 1019
21 641
21 268
21 141
21 664
21 788
21 1304
21 153
21 539
21 1573
21 559
21 1461
21 566
21 567
21 185
21 314
21 202
21 962
21 1226
21 1363
21 378
22 1410
22 900
22 1413
22 902
22 1159
22 877
22 787
22 26
22 28
22 29
22 158
22 325
22 34
22 804
22 1542
22 38
22 296
22 41
22 298
22 432
22 49
22 434
22 670
22 54
22 439
22 188
22 703
22 64
22 310
22 454
22 584
22 77
22 849
22 83
22 89
22 91
22 374
22 109
22 1021
22 112
22 118
22 1193
22 1273
22 1276
22 893
22 766
23 1293
23 533
23 27
23 1308
23 542
23 1187
23 293
23 176
23 1210
23 450
23 1352
23 81
23 601
23 977
23 1129
23 1130
23 749
23 239
23 372
23 1018
23 123
24 1160
24 905
24 779
24 141
24 280
24 1437
24 159
24 32
24 934
24 167
24 424
24 1065
24 426
24 940
24 819
24 52
24 954
24 573
24 62
24 447
24 969
24 332
24 1165
24 1213
24 851
24 84
24 729
24 864
24 1228
24 106
24 1575
24 365
24 61
24 1363
24 891
25 1415
25 902
25 129
25 649
25 1420
25 397
25 398
25 400
25 913
25 402
25 1043
25 404
25 789
25 1433
25 29
25 1311
25 416
25 33
25 35
25 39
25 40
25 41
25 1260
25 44
25 429
25 46
25 431
25 1480
25 178
25 179
25 180
25 565
25 692
25 526
25 445
25 62
25 435
25 1547
25 865
25 200
25 331
25 204
25 1122
25 206
25 1250
25 291
25 1364
25 341
25 740
25 1372
25 92
25 352
25 528
25 866
25 732
25 1280
25 618
25 108
25 1298
25 1512
25 759
25 1144
25 252
25 746
26 1029
26 649
26 145
26 1428
26 1005
26 1050
26 1071
26 30
26 231
26 33
26 34
26 1371
26 38
26 1578
26 1197
26 430
26 175
26 48
26 817
26 1076
26 59
26 1340
26 317
26 1302
26 1094
26 72
26 330
26 80
26 1272
26 340
26 527
26 655
26 222
26 1382
26 870
26 103
26 874
26 363
26 237
26 888
26 1581
26 1150
26 383
27 386
27 1027
27 644
27 523
27 269
27 143
27 656
27 285
27 942
27 944
27 81
27 724
27 853
27 1118
27 1504
27 354
27 230
27 745
27 490
27 506
28 1504
28 245
28 348
28 93
29 1536
29 1323
29 262
29 391
29 651
29 706
29 401
29 146
29 1301
29 31
29 1479
29 33
29 36
29 421
29 43
29 1197
29 942
29 560
29 1457
29 182
29 56
29 61
29 450
29 1478
29 711
29 77
29 79
29 336
29 210
29 87
29 345
29 335
29 621
29 1118
29 223
29 610
29 996
29 361
29 234
29 338
29 111
29 240
29 369
29 887
29 1274
29 380
29 1149
29 126
30 640
30 1410
30 1159
30 1242
30 149
30 152
30 239
30 668
30 157
30 414
30 799
30 288
30 1057
30 34
30 1179
30 677
30 38
30 986
30 990
30 457
30 696
30 1340
30 1205
30 395
30 455
30 712
30 329
30 951
30 975
30 209
30 83
30 981
30 215
30 217
30 90
30 350
30 1122
30 1383
30 233
30 877
30 111
30 1011
30 118
30 247
30 249
30 381
30 382
30 895
31 832
31 144
31 790
31 327
31 925
31 425
31 253
31 659
31 438
32 514
32 259
32 653
32 655
32 784
32 643
32 663
32 1436
32 543
32 369
32 1070
32 1160
32 959
32 448
32 578
32 323
32 708
32 75
32 216
32 1241
32 993
32 995
32 105
32 879
32 497
32 118
32 617
32 509
32 255
33 1280
33 387
33 138
33 1548
33 654
33 1295
33 1424
33 276
33 153
33 283
33 796
33 1439
33 48
33 290
33 1445
33 1323
33 47
33 304
33 1391
33 694
33 183
33 607
33 1596
33 1085
33 958
33 65
33 1562
33 68
33 327
33 460
33 78
33 594
33 1456
33 1550
33 1529
33 475
33 479
33 234
33 495
33 113
33 114
33 1270
33 660
34 775
34 147
34 148
34 1047
34 667
34 418
34 292
34 935
34 937
34 1580
34 302
34 1072
34 819
34 437
34 61
34 190
34 191
34 1483
34 591
34 82
34 87
34 344
34 1243
34 1500
34 353
34 229
34 230
34 1342
34 764
35 192
35 1154
35 355
35 487
35 393
35 106
35 1196
35 905
35 497
35 1206
35 761
35 576
35 1356
35 1084
35 1483
36 262
36 1000
36 108
36 1552
36 1494
36 662
36 215
37 513
37 271
37 409
37 704
37 159
37 801
37 162
37 164
37 806
37 39
37 1332
37 53
37 1596
37 64
37 836
37 327
37 201
37 74
37 1239
37 226
37 1252
37 126
38 769
38 354
38 803
38 357
38 423
38 1280
38 42
38 1227
38 45
38 46
38 1213
38 867
38 1236
38 1335
38 842
38 485
39 514
39 40
39 1449
39 1579
39 433
39 54
39 56
39 705
39 71
39 971
39 208
39 465
39 856
39 1370
39 165
39 1506
39 102
39 296
39 1013
39 763
39 1404
40 321
40 66
40 100
40 358
40 138
40 519
40 1294
40 79
40 81
40 503
40 122
41 1283
41 648
41 1418
41 142
41 274
41 174
41 154
41 923
41 668
41 69
41 287
41 674
41 42
41 558
41 563
41 1566
41 54
41 1209
41 581
41 198
41 1121
41 1097
41 463
41 1107
41 85
41 1118
41 609
41 1257
41 364
41 244
41 117
41 638
41 895
42 916
42 278
42 1049
42 286
42 296
42 812
42 1566
42 310
42 954
42 60
42 195
42 459
42 205
42 82
42 867
42 1241
42 1370
42 99
42 232
42 115
42 757
42 1577
43 481
43 578
43 195
43 1430
43 1095
43 1380
43 1277
43 1011
43 406
43 185
43 154
44 1281
44 1418
44 139
44 142
44 527
44 272
44 146
44 148
44 917
44 665
44 536
44 1199
44 1583
44 1566
44 1271
44 160
44 582
44 169
44 170
44 391
44 812
44 45
44 46
44 47
44 49
44 952
44 56
44 569
44 58
44 1597
44 1086
44 575
44 320
44 454
44 200
44 268
44 331
44 76
44 397
44 80
44 824
44 1327
44 348
44 826
44 95
44 997
44 230
44 489
44 1258
44 107
44 876
44 750
44 637
44 113
44 1266
44 886
44 247
44 298
44 1534
44 426
45 235
45 746
45 750
45 592
45 50
45 56
45 506
46 1025
46 642
46 1027
46 1421
46 533
46 1434
46 1569
46 802
46 1198
46 304
46 182
46 953
46 316
46 574
46 441
46 338
46 84
46 727
46 90
46 221
46 479
46 97
46 106
46 1522
46 1557
47 648
47 266
47 271
47 1560
47 155
47 1179
47 676
47 550
47 554
47 1225
47 589
47 334
47 1359
47 84
47 608
47 232
47 365
47 113
47 1142
47 120
47 505
47 1530
47 170
48 1152
48 131
48 715
48 169
48 1005
48 882
48 867
48 1592
48 92
49 1351
49 1014
49 71
49 522
49 875
49 210
49 52
49 501
49 58
49 635
49 124
49 670
49 735
50 1282
50 279
50 1051
50 1288
50 415
50 292
50 170
50 171
50 1073
50 821
50 567
50 1311
50 1084
50 1098
50 334
50 208
50 632
50 301
50 855
50 730
50 1371
50 220
50 1251
50 1252
50 487
50 1012
50 502
50 888
50 1405
51 516
51 385
51 812
51 394
51 1035
51 770
51 150
51 536
51 1143
51 1053
51 1057
51 987
51 1277
51 168
51 297
51 1322
51 1195
51 172
51 827
51 1565
51 433
51 449
51 1212
51 185
51 58
51 59
51 316
51 61
51 995
51 64
51 65
51 706
51 67
51 1111
51 1082
51 1441
51 844
51 75
51 460
51 906
51 207
51 739
51 1236
51 1210
51 982
51 979
51 602
51 91
51 220
51 826
51 898
51 1580
51 355
51 100
51 101
51 700
51 367
51 624
51 115
51 756
51 758
51 887
51 576
51 1019
51 125
51 126
52 130
52 1289
52 533
52 800
52 425
52 181
52 317
52 65
52 66
52 1217
52 842
52 977
52 604
52 101
52 743
52 488
52 116
52 117
52 1401
53 1594
53 612
53 682
53 490
53 492
53 244
53 378
53 63
54 265
54 1112
54 279
54 152
54 924
54 414
54 1314
54 291
54 934
54 1451
54 429
54 91
54 443
54 191
54 1217
54 963
54 68
54 1354
54 587
54 973
54 1232
54 1105
54 722
54 1571
54 88
54 475
54 1062
54 1510
54 871
54 241
54 759
54 122
54 252
54 125
54 254
55 64
55 1153
55 1162
55 428
55 207
55 303
55 82
55 693
55 1338
55 91
55 637
56 384
56 897
56 1034
56 1420
56 1038
56 685
56 1300
56 1059
56 1190
56 1086
56 195
56 458
56 76
56 851
56 599
56 89
56 1247
56 99
56 62
56 764
57 1414
57 1420
57 913
57 923
57 155
57 1067
57 315
57 956
57 446
57 1479
57 843
57 1357
57 721
57 1106
57 526
57 983
57 601
57 94
57 866
58 129
58 482
58 214
58 550
58 743
58 584
58 585
58 1355
58 86
58 728
58 1276
59 97
59 67
59 1349
59 1123
59 1339
59 123
59 924
60 96
60 67
60 329
60 1399
60 364
60 110
60 1231
60 209
60 974
60 86
60 1303
60 600
60 708
60 124
60 1418
60 1285
61 267
61 971
61 1317
61 295
61 616
61 617
61 107
61 1443
61 451
61 349
61 910
61 151
61 1527
61 798
62 768
62 1540
62 1029
62 776
62 876
62 781
62 271
62 913
62 276
62 149
62 282
62 283
62 666
62 1435
62 552
62 169
62 682
62 797
62 305
62 306
62 822
62 313
62 442
62 827
62 330
62 1525
62 1472
62 193
62 1398
62 326
62 73
62 74
62 589
62 212
62 213
62 1368
62 986
62 1120
62 1505
62 955
62 744
62 108
62 1265
62 373
62 1048
62 1327
63 811
63 556
63 1586
63 698
63 1599
63 1473
63 195
63 69
63 1355
63 723
63 85
63 1366
63 216
63 570
63 231
63 630
63 378
63 127
64 859
64 358
64 235
64 655
64 1245
64 342
64 985
64 443
64 1094
64 829
65 518
65 526
65 657
65 1172
65 670
65 1463
65 167
65 1324
65 114
65 951
65 701
65 70
65 971
65 849
65 734
65 1248
65 98
65 356
65 487
65 233
65 189
65 242
65 630
65 249
65 1146
65 636
66 899
66 1158
66 1283
66 407
66 541
66 161
66 170
66 174
66 1373
66 264
66 181
66 695
66 318
66 836
66 70
66 1099
66 461
66 1016
66 978
66 468
66 855
66 346
66 1245
66 480
66 1122
66 484
66 120
66 980
66 298
66 766
67 257
67 1307
67 228
67 549
67 1191
67 860
67 105
67 1326
67 1000
67 756
67 252
67 1590
67 553
67 580
67 885
68 128
68 384
68 769
68 906
68 907
68 272
68 280
68 665
68 672
68 518
68 1064
68 299
68 432
68 440
68 189
68 704
68 1348
68 841
68 332
68 79
68 465
68 723
68 1237
68 601
68 92
68 480
68 97
68 98
68 99
68 356
68 593
68 144
68 1546
68 1517
68 1523
68 116
68 1528
69 228
69 1032
69 1476
69 750
69 557
69 1325
69 745
69 345
69 475
70 736
70 163
70 72
70 1480
70 281
70 891
71 1409
71 130
71 517
71 394
71 343
71 525
71 413
71 163
71 1189
71 1066
71 1068
71 815
71 931
71 446
71 319
71 328
71 73
71 1482
71 592
71 675
71 1494
71 599
71 737
71 740
71 998
71 619
71 1132
71 109
71 1137
71 1145
71 1402
72 1505
72 294
72 974
72 1267
73 900
73 834
73 400
73 156
73 413
73 672
73 548
73 1190
73 1068
73 695
73 312
73 185
73 573
73 319
73 706
73 324
73 909
73 343
73 480
73 609
73 1378
73 105
73 1389
73 1264
73 233
74 132
74 134
74 786
74 534
74 791
74 1565
74 929
74 1315
74 157
74 1205
74 1348
74 390
74 77
74 978
74 217
74 350
74 991
74 1001
75 998
75 1067
75 497
75 187
75 831
76 423
76 810
76 335
76 530
76 1207
76 927
77 726
77 262
77 521
77 138
77 139
77 1037
77 1296
77 1176
77 1433
77 159
77 1572
77 549
77 435
77 1207
77 448
77 193
77 462
77 1421
77 1490
77 598
77 267
77 1113
77 476
77 606
77 736
77 101
77 744
77 496
77 248
77 377
78 227
78 433
78 1228
78 1329
78 83
78 213
78 310
78 1052
79 1281
79 135
79 396
79 654
79 148
79 920
79 153
79 1436
79 925
79 1184
79 675
79 554
79 187
79 829
79 1091
79 714
79 1537
79 85
79 89
79 1121
79 1138
79 629
79 1529
79 250
79 1147
79 894
80 1212
80 1288
80 457
80 173
80 371
80 884
80 1429
80 1462
80 312
80 892
81 944
81 1043
81 1115
81 1103
81 112
81 147
81 180
81 87
81 1369
81 186
82 1025
82 258
82 647
82 1282
82 405
82 151
82 792
82 1305
82 538
82 798
82 1183
82 301
82 415
82 444
82 1216
82 203
82 732
82 606
82 1595
82 1255
82 116
83 1377
83 165
83 1583
83 286
83 280
83 604
84 128
84 227
84 457
84 605
85 163
85 773
85 103
85 200
85 493
85 1008
85 1215
85 437
85 1590
85 809
85 111
85 655
85 93
85 1288
86 1028
86 133
86 140
86 146
86 1177
86 646
86 550
86 1329
86 821
86 191
86 992
86 968
86 1225
86 591
86 1233
86 604
86 224
86 611
86 166
86 107
86 1267
86 254
87 640
87 1048
88 98
88 257
88 359
88 679
88 941
88 657
88 1229
88 1204
88 885
88 772
88 411
88 881
89 1569
89 1136
89 565
89 250
90 1164
90 1306
90 416
90 673
90 1188
90 168
90 1202
90 688
90 434
90 179
90 183
90 825
90 1085
90 1091
90 966
90 201
90 202
90 203
90 205
90 1104
90 339
90 343
90 1260
90 621
90 368
90 501
90 379
90 1277
90 382
90 255
91 263
91 136
91 365
91 667
91 162
91 135
91 1200
91 178
91 1210
91 1092
91 1353
91 336
91 1108
91 342
91 859
91 94
91 1375
91 993
91 102
91 615
91 104
91 237
91 627
91 119
91 1236
91 251
92 320
92 272
92 141
92 301
92 657
92 179
92 660
92 480
92 344
92 650
92 799
93 393
93 1218
93 297
93 1228
93 1167
93 1113
93 341
94 1056
94 473
94 933
94 1512
94 1298
94 907
94 738
94 114
94 950
94 373
94 182
94 153
94 1564
95 642
95 419
95 581
95 229
95 748
95 266
95 1127
95 110
95 847
95 328
95 116
95 631
95 1093
95 612
95 1401
95 190
95 223
96 160
96 130
96 1463
96 647
96 238
96 112
96 1144
96 499
96 903
96 151
96 248
96 1395
96 1327
97 880
97 133
97 841
97 652
97 397
97 656
97 147
97 1462
97 279
97 420
97 1020
97 714
98 133
98 102
98 425
98 876
98 273
98 690
98 213
98 406
98 580
98 124
98 829
98 1093
98 165
99 1275
99 390
99 748
99 368
99 337
99 754
99 756
99 1429
99 1430
99 1178
99 1051
99 572
99 510
100 257
100 139
100 1062
100 263
100 339
100 688
100 820
100 1195
100 921
100 952
100 889
100 572
100 285
100 1406
100 1456
101 768
101 353
101 1043
101 1221
101 870
101 1374
101 1468
101 318
102 1024
102 396
102 912
102 1426
102 915
102 665
102 293
102 690
102 1333
102 182
102 1592
102 570
102 1461
102 592
102 214
102 348
102 477
102 1063
102 1262
102 636
102 126
103 136
103 650
103 1163
103 140
103 783
103 913
103 537
103 164
103 1455
103 178
103 947
103 309
103 1597
103 715
103 462
103 1234
103 215
103 729
103 1253
103 486
103 1522
103 500
103 127
103 725
104 365
105 972
105 314
106 137
106 1219
106 438
106 553
106 732
107 193
107 194
107 395
107 172
107 1245
107 432
107 841
107 641
108 386
108 361
108 492
108 1390
108 189
108 247
108 920
108 125
108 351
109 674
109 324
109 470
109 762
109 534
109 206
109 264
109 242
109 468
109 1369
109 568
109 1268
109 721
109 273
109 798
110 482
110 483
110 1596
110 458
110 1422
110 208
110 739
110 404
110 213
110 1146
110 1077
110 1246
111 971
111 1438
111 115
111 564
111 342
112 392
112 814
112 662
112 791
112 1560
112 921
112 296
112 813
112 1454
112 690
112 954
112 1484
112 334
112 854
112 215
112 879
112 1527
112 251
112 281
113 401
113 809
113 1200
113 880
113 241
113 302
113 436
113 181
113 534
113 346
113 1018
113 1310
113 865
114 619
114 816
114 1302
114 760
114 186
114 668
114 1375
115 131
115 615
115 1491
115 137
115 1419
115 238
115 1232
115 145
115 914
115 1260
115 119
115 1532
115 490
116 1026
116 259
116 144
116 147
116 288
116 420
116 934
116 937
116 968
116 568
116 1469
116 581
116 710
116 712
116 1360
116 347
116 492
116 240
116 370
116 1407
117 420
117 421
117 811
117 526
117 952
117 307
117 1046
117 1001
117 408
117 125
117 222
117 1151
118 364
118 273
118 503
118 1306
118 253
119 452
119 536
119 1394
119 376
119 210
119 372
119 1045
119 120
119 1076
119 410
119 634
119 895
120 1033
120 142
120 1197
120 150
120 536
120 537
120 175
120 162
120 173
120 177
120 962
120 837
120 838
120 199
120 332
120 721
120 982
120 360
120 366
120 240
120 377
121 560
122 160
122 1442
122 278
122 1169
122 617
122 235
122 529
122 790
122 181
122 313
122 1078
122 284
122 670
122 997
123 385
123 1154
123 947
123 393
123 311
123 364
123 498
123 276
123 951
123 1334
123 292
123 156
123 663
124 417
124 583
124 828
124 235
124 785
124 909
124 754
124 152
124 922
124 157
124 190
125 1024
125 131
125 1047
125 1036
125 1165
125 270
125 527
125 403
125 1045
125 918
125 535
125 218
125 542
125 1056
125 1569
125 422
125 941
125 177
125 1458
125 443
125 1411
125 1220
125 1096
125 208
125 1166
125 602
125 1500
125 1374
125 863
125 187
125 1509
125 1003
125 493
125 1392
125 242
125 1526
125 1275
125 764
125 381
127 773
127 134
127 457
127 427
127 1580
127 818
127 214
127 1190
127 188
127 1117
128 1408
128 620
128 258
128 585
128 1451
128 366
128 593
128 1520
128 184
128 948
128 539
129 936
129 940
129 571
129 287
130 168
130 201
130 1459
130 345
130 606
131 823
132 768
132 1381
132 297
132 588
132 143
132 144
132 1337
132 517
133 534
133 770
133 816
133 179
133 505
134 908
134 278
134 1561
134 542
134 673
134 1196
134 687
134 818
134 1205
134 442
134 192
134 193
134 197
134 844
134 333
134 1117
134 356
134 746
134 239
134 498
134 243
134 632
134 1019
135 155
135 196
135 197
135 493
135 1110
135 887
135 516
135 154
136 192
136 323
136 379
136 1239
136 556
136 1597
136 1400
136 946
136 899
136 918
136 247
136 901
136 284
136 285
136 351
137 1027
137 1550
137 912
137 401
137 538
137 1180
137 418
137 284
137 1543
137 1074
137 1207
137 833
137 581
137 729
137 352
137 610
137 1004
137 1266
137 1514
138 899
138 1125
138 455
138 649
138 871
138 620
138 439
138 638
139 256
139 260
139 653
139 1423
139 279
139 163
139 222
139 1079
139 318
139 1476
139 586
139 337
139 228
139 478
139 1380
139 491
139 623
139 240
140 483
140 1188
140 198
140 840
140 171
140 268
140 1368
140 771
140 629
140 1587
140 984
140 1251
140 412
140 555
141 449
141 643
141 561
141 632
141 875
141 1591
141 206
141 143
141 177
141 1097
141 430
141 1595
142 161
142 1537
142 1035
142 301
142 1521
142 531
142 180
142 1302
142 1481
142 537
142 218
142 883
142 1501
142 158
143 1275
143 166
143 1483
143 1307
143 254
144 291
144 1066
144 523
144 1181
144 211
144 1162
144 407
144 186
144 378
144 1044
145 194
145 227
145 1251
145 360
145 508
145 323
145 515
145 689
145 274
145 532
145 1390
145 156
145 314
145 671
146 224
146 546
146 260
146 201
146 270
146 637
146 468
146 462
146 1497
146 1412
146 1020
146 1406
147 800
147 774
147 1449
147 1068
147 173
147 430
147 759
147 570
148 353
148 517
148 199
148 363
148 1264
148 1170
148 1397
148 1466
148 997
148 575
149 260
149 861
149 716
149 1198
149 1006
149 591
149 562
149 1220
149 476
149 554
149 318
149 1503
151 469
152 1256
152 1218
152 747
152 1171
152 678
152 456
152 403
152 1437
152 560
152 712
152 786
152 275
152 792
152 1497
152 349
153 776
153 1165
153 495
153 436
153 639
154 1227
154 804
154 494
154 561
154 1332
154 361
154 377
154 1149
154 881
155 1250
155 652
155 593
155 212
155 1112
156 866
156 219
156 337
156 363
156 173
156 635
156 1107
156 436
156 309
156 374
156 1001
156 1405
156 543
157 676
157 917
157 965
157 1501
157 741
158 1303
159 418
159 358
159 389
159 1417
159 879
159 659
159 1013
159 1174
159 569
159 634
159 325
160 259
160 941
160 559
160 720
160 1042
160 472
160 350
161 449
161 1157
161 1168
161 946
161 782
161 217
161 1403
161 220
161 925
162 211
162 342
163 289
163 1435
163 1412
163 1385
163 463
163 1394
163 1171
163 513
163 984
163 602
163 603
163 1117
164 608
164 324
164 234
164 780
164 845
164 973
164 1325
164 470
164 504
164 1508
164 1178
164 188
166 672
166 577
166 227
166 1124
166 1318
166 1450
166 487
166 972
166 1104
166 1109
166 793
166 1339
166 220
166 1055
167 768
167 1156
167 1544
167 269
167 1425
167 248
167 1310
167 417
167 420
167 424
167 172
167 822
167 1465
167 451
167 888
167 854
167 1367
167 221
167 1249
167 1399
167 376
168 1473
168 258
168 290
169 1089
169 515
169 328
169 1449
169 939
169 1261
169 434
169 1273
169 761
169 1051
169 540
169 1181
170 389
170 236
170 706
170 212
170 1225
170 308
171 1313
171 194
171 300
171 1395
171 405
171 873
171 858
171 1403
171 924
171 202
171 524
171 287
172 1287
172 482
172 228
172 230
172 930
172 494
172 207
172 1230
172 1591
172 1400
172 892
172 1255
173 961
173 271
173 949
173 883
174 896
174 400
174 357
174 336
174 562
174 1108
174 757
174 729
174 219
175 696
175 270
175 312
175 1554
175 311
176 325
176 1550
176 275
176 1270
177 1253
177 1324
177 397
177 1269
177 186
177 283
177 284
178 1467
178 454
178 488
178 1549
178 910
178 680
178 658
178 243
178 1116
179 384
179 964
179 211
179 414
179 787
179 254
179 357
180 499
180 539
181 388
181 1003
181 1396
182 718
182 225
182 452
182 646
182 935
182 616
182 682
182 1100
182 1533
182 496
182 405
182 1049
182 720
182 709
183 347
183 1496
183 421
183 945
183 747
183 683
183 872
183 920
183 1139
183 246
183 184
183 219
183 1279
184 937
184 465
184 306
184 379
184 972
184 1150
185 1089
185 1237
185 452
185 1542
185 273
185 246
185 605
185 853
186 1106
187 1384
187 204
187 456
187 659
187 1593
187 1338
188 929
188 674
188 502
188 198
188 906
188 873
188 458
188 1453
188 270
188 938
188 1042
188 500
188 654
188 1304
188 724
188 349
188 958
189 674
189 485
189 599
190 289
190 548
190 998
190 519
190 713
190 455
190 1461
190 1009
190 211
190 245
190 1496
190 248
190 932
191 1088
191 225
191 417
191 1120
191 683
191 204
191 946
191 501
191 375
191 1562
191 598
192 369
192 602
193 224
193 448
193 687
193 1296
193 479
194 776
194 700
195 578
195 267
195 332
195 1017
195 927
195 412
195 1386
196 610
196 1495
196 615
196 972
196 962
196 654
196 1474
196 275
196 1460
196 438
196 1271
196 380
196 797
197 1030
197 827
197 205
197 1522
197 947
197 315
197 828
197 1223
198 225
198 1242
198 1476
198 989
198 267
198 749
198 957
198 1361
198 466
198 204
198 1441
198 280
198 1012
198 1095
198 571
198 221
199 547
199 566
199 966
199 807
199 680
199 399
199 216
199 214
199 282
199 1391
199 1434
199 478
200 1344
200 1345
200 611
200 901
200 522
200 877
200 281
200 1373
200 830
201 288
201 579
201 774
201 618
201 1452
201 499
201 1126
202 705
202 676
202 1222
202 263
202 444
203 1568
203 1345
203 209
203 825
203 1181
203 1288
204 864
204 802
204 1479
204 489
204 298
204 684
204 429
204 366
204 689
204 1498
204 1372
205 608
205 385
205 580
205 1097
205 1387
205 689
205 1331
205 1354
205 1406
206 256
206 930
206 362
206 1134
206 531
206 1358
206 783
206 1525
207 352
207 1352
207 456
207 1130
207 1175
207 943
207 625
207 308
207 886
207 440
207 532
207 315
207 286
208 1482
208 1536
208 330
208 847
208 1329
208 980
208 629
209 891
209 241
209 1148
209 746
209 630
209 443
209 1149
209 1471
210 988
210 810
210 406
210 444
211 419
211 229
211 934
211 1427
211 834
211 462
211 751
211 660
211 1022
211 439
211 1487
211 869
212 1595
212 1156
212 1061
212 425
212 1132
212 753
212 245
212 694
212 663
212 252
213 259
213 426
213 246
213 1017
214 716
214 742
214 233
214 1290
214 588
214 529
214 1586
214 1107
214 886
214 408
214 1567
214 1341
215 1321
215 1167
215 854
215 441
216 623
216 475
217 830
217 333
217 718
217 623
217 814
217 890
218 1472
218 614
218 563
218 307
218 1145
218 315
219 485
219 1320
219 1353
219 524
219 633
220 1075
220 300
220 367
220 758
221 1250
221 297
221 1326
221 664
221 799
221 255
222 868
222 331
222 1105
222 950
222 459
223 1136
223 571
223 991
223 329
223 484
223 976
223 243
223 1175
223 473
223 282
223 319
224 1474
224 1029
224 673
224 1575
224 1036
224 592
224 1079
224 760
224 1178
224 859
224 752
224 1362
225 483
225 836
225 1061
225 231
225 1159
226 321
226 1475
226 1511
227 289
227 707
227 968
227 977
227 680
227 1168
227 1047
227 859
227 572
228 256
228 353
228 1286
228 609
228 811
228 369
228 436
228 692
228 283
228 261
229 1363
229 748
229 630
229 1279
229 1340
230 531
230 1397
230 600
230 1148
230 509
231 1539
231 919
231 1471
231 412
232 386
232 294
232 819
232 472
232 1529
233 483
233 967
233 1170
233 1070
233 1053
233 402
233 1470
233 250
233 347
233 509
234 1155
234 1415
234 410
234 540
234 671
234 308
234 1081
234 570
234 573
234 1598
234 322
234 579
234 804
234 1498
234 733
234 351
234 360
234 617
234 242
234 1523
235 836
235 1541
235 326
235 263
235 1000
235 778
235 651
235 1324
235 750
235 336
235 903
235 1454
235 504
235 477
236 422
236 1038
236 340
236 1116
237 683
237 464
237 563
237 853
238 288
238 450
238 422
238 1575
238 1290
238 264
238 626
238 1046
238 1024
238 926
238 1023
239 1285
239 1225
240 1121
240 1028
240 1488
240 359
240 360
240 1559
240 711
240 861
240 848
240 408
240 407
240 1039
240 255
241 1352
241 1224
241 620
241 1205
242 452
242 577
242 552
242 458
242 464
242 561
242 1464
243 758
243 1447
243 648
243 1321
243 1453
243 1198
243 1583
243 403
243 501
243 470
243 253
244 900
244 1190
244 583
244 431
244 752
244 337
244 1200
244 1339
245 897
245 421
245 327
245 371
245 373
245 246
246 866
246 515
246 424
246 1145
246 1151
247 264
247 1010
247 1020
248 579
248 1297
248 1398
248 1560
249 948
250 1007
250 266
250 815
250 574
251 1188
251 427
251 1548
251 1293
251 600
251 938
252 1510
252 1030
252 1099
252 720
252 765
253 902
253 1416
253 914
254 555
255 652
256 1539
256 614
256 488
256 329
256 904
256 627
256 777
256 1016
256 1338
256 1436
257 992
257 321
257 1541
257 871
257 872
257 1514
257 1069
257 1101
257 943
257 1142
258 672
258 801
258 1138
258 372
258 1503
259 1049
259 999
259 1257
259 394
259 427
259 560
259 1105
259 820
259 792
259 569
259 1112
259 892
259 511
260 514
260 295
260 648
260 754
260 339
260 959
261 832
261 1419
261 391
261 743
261 1444
261 511
262 459
263 1099
263 1351
263 276
263 469
263 695
264 1261
264 274
264 278
264 666
264 639
265 1576
265 1299
265 375
265 856
266 675
266 1036
266 1453
266 341
266 605
266 830
267 549
267 861
267 528
267 785
267 467
267 982
267 1015
267 959
267 542
267 511
268 737
268 428
268 1080
268 626
268 1271
268 1016
269 1260
269 927
270 384
270 1089
270 291
270 1153
270 668
270 528
270 1441
270 1161
270 603
270 799
271 580
271 844
271 624
271 659
272 448
272 512
272 451
272 454
272 1175
272 461
272 892
272 559
272 305
272 1554
272 1427
272 661
272 521
272 1081
272 862
272 1375
273 1563
274 1576
274 1582
274 564
274 1209
274 344
274 1108
275 1030
275 1196
276 1134
276 1309
276 1361
276 541
276 1567
277 481
277 1250
277 358
277 449
277 362
277 775
277 400
277 307
277 857
277 988
277 1157
278 769
278 323
278 745
278 1007
278 281
278 383
279 1452
279 780
279 1488
279 412
279 1087
280 1139
280 1157
280 586
280 1270
280 286
281 520
281 1308
282 585
282 814
282 1039
282 552
282 890
282 1599
282 669
283 940
283 1584
284 489
284 496
284 860
285 1216
285 955
285 1319
285 498
285 469
286 516
287 1425
287 1032
287 653
287 1133
287 368
287 625
287 1050
287 860
287 1182
288 751
288 432
288 1272
288 1404
289 788
289 628
290 1512
290 1391
290 488
290 466
290 1078
290 1533
291 322
291 995
291 964
291 1103
291 764
292 1130
292 1296
293 388
293 722
293 1364
293 846
294 974
294 1040
294 725
294 953
294 1115
295 1184
295 1124
295 850
296 645
297 391
297 349
297 625
297 434
297 371
297 1559
297 442
298 904
298 938
298 1109
299 719
299 1174
299 379
300 1378
300 1459
300 341
300 377
300 1247
301 519
301 1259
302 975
302 1589
302 1060
302 634
303 555
303 1213
304 987
304 382
305 1415
305 1547
305 685
305 367
305 1010
305 851
305 405
305 983
305 312
305 478
306 484
306 383
307 423
307 522
308 806
309 490
309 698
309 702
310 388
310 491
310 1261
310 783
310 720
310 338
310 1333
310 1148
310 554
310 1438
311 1186
311 1451
312 1220
312 973
312 401
312 404
312 921
312 734
313 547
313 1542
313 1318
313 556
313 334
313 435
313 660
313 982
313 1193
313 1593
314 456
314 525
315 1185
315 463
315 597
316 966
317 1240
318 1514
318 355
318 821
318 1197
318 1230
318 1155
318 629
318 1437
319 1515
319 399
319 692
319 1495
320 1037
320 469
320 503
320 415
321 1379
321 467
321 1180
322 1092
322 1159
322 1484
322 346
322 1371
323 428
323 1081
324 1044
325 520
325 427
325 1229
325 1166
325 1455
326 751
326 916
326 1278
327 335
327 633
327 1274
327 347
327 797
328 392
328 1270
328 792
328 633
328 604
328 1085
329 838
329 702
329 985
329 442
329 1307
329 381
331 388
331 1000
331 585
331 691
331 949
331 376
331 1333
332 419
332 821
332 707
333 1344
333 1537
333 407
333 955
333 766
333 1023
334 481
334 486
334 872
334 1194
334 524
334 1427
334 343
334 1212
334 345
335 1359
336 770
336 453
336 684
336 794
337 1006
337 1424
337 339
337 1390
337 803
338 875
338 566
338 1502
339 441
339 1015
340 577
340 1573
340 1040
340 1365
340 1339
340 382
341 514
341 906
341 473
341 472
342 1491
342 1368
343 529
344 1379
344 582
344 1064
344 395
344 1357
344 1426
344 538
345 1231
345 809
345 525
345 687
345 1421
345 1103
346 1509
346 649
346 1194
346 539
346 701
347 553
348 1004
348 1389
348 1328
348 1204
349 387
349 1381
349 779
349 461
349 893
350 1380
350 1369
350 1439
351 707
351 366
351 1208
352 999
352 1515
352 1356
352 1016
353 1422
353 508
353 957
353 990
353 1407
354 837
354 362
354 1131
354 1516
354 597
355 769
355 1097
355 918
355 543
356 519
356 731
356 1085
357 1377
357 447
358 1283
358 747
359 967
359 639
360 679
360 950
360 1303
360 411
360 1341
361 1351
361 375
362 805
362 650
362 494
362 371
362 1203
363 960
363 1161
363 1546
363 1164
363 1421
363 1457
363 1173
363 822
364 1408
364 897
366 577
366 1143
366 590
366 822
366 1047
366 795
366 1596
366 541
367 513
368 1444
368 999
368 586
368 1330
368 1139
368 372
368 373
368 824
368 1244
369 846
369 848
369 1010
369 1364
369 510
370 736
370 1069
370 880
370 902
370 535
370 383
371 1328
371 422
372 1534
373 806
373 646
373 1106
373 1334
373 953
373 474
373 767
373 666
374 1430
374 1185
374 679
374 1517
374 1335
375 806
375 744
375 939
375 653
376 646
376 587
376 623
376 1040
376 1080
376 1241
376 1119
377 417
377 675
377 1448
377 1490
377 795
377 1564
378 867
378 1160
378 1455
378 766
379 688
379 411
380 709
380 1076
381 386
381 495
381 656
382 544
382 958
382 1191
382 757
382 1111
382 1502
382 510
382 725
383 1377
383 1481
383 1322
383 1527
383 1292
383 1006
383 621
383 471
383 1176
383 507
383 1151
384 709
384 935
384 552
384 553
384 491
384 464
384 504
384 984
384 981
384 1114
385 885
386 1403
386 684
386 651
386 685
386 718
386 1325
386 816
386 1096
386 437
388 723
389 739
389 583
389 1520
389 793
389 507
390 833
390 1033
390 556
390 731
390 1084
391 852
391 1173
391 1046
391 408
391 414
392 418
392 844
392 943
392 1392
393 618
393 973
393 914
394 775
394 905
394 589
394 1353
394 1053
395 899
395 644
395 583
395 1577
395 429
395 1102
395 1200
395 1507
395 474
395 923
396 1186
396 684
396 947
396 1209
397 402
397 1119
398 963
398 911
398 1336
398 671
399 827
399 1191
399 543
400 517
400 711
400 1082
400 959
401 1441
401 957
402 707
402 1556
403 773
403 1100
403 782
403 1445
403 1496
403 1074
403 574
403 991
404 1499
404 1598
404 1471
405 1026
405 453
405 1096
405 1506
405 793
405 1535
406 522
406 1169
406 1143
406 1052
406 733
406 478
407 516
407 1031
407 525
407 530
407 900
407 474
407 419
407 1444
407 1199
407 1080
407 1468
407 445
407 1086
407 848
407 593
407 858
407 607
407 740
407 622
407 634
408 1590
408 1483
408 1204
408 765
408 1343
409 1387
409 1331
410 803
410 1194
411 1026
411 676
411 1001
411 473
411 924
411 926
412 1378
412 1385
412 714
412 1419
412 749
412 1166
412 941
412 1393
413 802
415 1447
415 500
416 705
416 1318
416 1409
416 431
416 1073
416 1212
417 1443
417 1413
417 1396
417 1098
417 1202
417 467
417 756
417 437
417 1450
418 1542
418 1581
418 1022
418 857
418 446
419 1504
419 1221
419 1262
419 887
419 664
420 1472
420 772
420 1414
420 1259
421 1350
421 1206
422 1376
422 898
422 1398
422 717
422 884
422 1366
423 839
423 1004
423 1193
423 508
424 716
425 1243
425 1257
425 1072
425 447
426 1450
426 1515
426 441
428 471
428 761
428 1530
429 936
429 685
429 628
430 559
430 888
430 862
432 486
432 1262
432 761
433 1098
433 686
433 628
433 1406
434 1256
434 1460
434 733
434 1470
436 678
436 575
437 545
437 460
437 1487
437 1309
437 1470
438 802
438 1227
438 1299
438 1014
438 1323
440 800
440 1254
440 812
440 1069
440 819
440 820
440 1568
441 1511
441 557
441 596
441 1173
441 991
442 963
442 1284
442 453
442 823
442 562
442 468
442 1428
442 986
442 1094
443 994
443 573
443 1234
443 531
443 855
444 645
444 807
444 563
445 985
446 594
447 1520
447 848
447 603
448 1328
448 1316
448 993
448 1127
448 845
449 544
449 911
449 864
449 1316
449 1101
449 1006
449 557
449 754
449 470
449 505
449 699
449 1397
450 495
451 1188
451 813
451 1167
451 795
451 1439
452 1321
452 467
452 500
452 1461
452 956
452 637
453 1216
453 964
453 980
454 1357
454 567
454 731
455 1156
455 966
455 1383
455 881
455 569
455 1498
456 1254
456 1128
456 1462
456 702
457 877
457 503
458 589
458 1496
458 1043
458 1114
459 835
459 1062
459 1017
459 1418
460 512
460 1273
461 782
461 1522
461 824
462 931
462 464
463 1446
463 1009
463 1066
463 527
463 872
463 850
464 771
464 779
464 1443
464 727
464 669
464 1310
465 1176
466 1219
466 1114
466 1530
467 1282
467 1384
467 1002
467 1569
467 505
468 1264
469 647
469 1038
469 564
469 863
470 512
470 719
470 1488
470 1265
470 852
470 1401
470 538
470 1135
471 994
471 1485
472 603
472 636
473 1238
474 772
474 1352
474 789
474 889
475 643
475 1010
476 551
476 496
476 721
476 1171
476 1269
477 481
478 931
478 1540
478 1253
478 1485
478 590
478 1528
479 1478
479 1164
479 815
479 694
479 1433
480 1292
480 882
480 484
480 996
480 957
481 546
481 1541
482 832
482 1192
482 841
482 558
482 751
482 1458
482 667
482 890
483 1090
483 1409
483 499
484 1060
484 540
484 794
484 700
485 551
485 626
485 502
486 1392
486 1060
486 594
487 683
487 598
487 733
488 547
488 713
488 1295
489 1419
490 896
490 1269
490 1156
490 1286
490 497
492 1064
493 1032
493 828
494 645
494 1261
494 1298
494 1141
494 1014
494 635
495 1433
495 811
495 1025
495 523
495 669
495 787
495 1431
495 783
495 510
496 1336
497 870
497 1140
498 1179
498 1005
498 912
498 1495
498 828
499 993
499 1041
500 1164
500 1041
500 1533
501 1347
501 922
502 611
502 767
503 961
503 1110
503 967
503 978
505 1024
505 1473
505 1454
505 594
505 1396
505 1275
506 616
506 1171
506 983
506 1465
507 1411
507 1130
507 529
507 788
507 1054
508 1254
508 809
508 565
508 1113
510 1597
510 703
512 1058
512 586
512 1221
513 678
513 1383
513 818
513 1587
513 693
514 771
514 1142
514 535
514 1078
514 599
515 895
516 1384
516 1552
516 1526
517 1410
517 997
517 808
517 1322
517 658
517 635
518 1028
518 1172
519 1443
519 784
519 1476
520 896
520 946
520 1176
521 1413
521 1387
521 849
522 933
522 778
522 1581
522 1519
523 1287
523 717
523 1015
524 1227
524 1290
524 1309
524 949
524 983
524 1060
524 762
524 605
524 1279
525 579
525 868
526 960
526 1059
526 1008
526 760
527 1057
527 915
528 869
528 1289
528 1493
529 1187
529 677
529 1425
529 1449
529 1226
529 1232
529 1009
529 1593
529 989
530 564
530 1240
533 591
533 600
534 1408
534 1475
534 1039
535 868
535 714
535 884
535 856
535 842
536 897
536 1528
536 1584
536 849
536 1141
536 1497
536 730
537 747
537 650
538 1002
539 1185
539 749
540 1377
540 616
540 847
540 1360
540 1364
540 777
540 1388
540 1434
540 1439
541 1385
541 1136
543 1480
543 905
543 876
543 1507
543 1459
544 1252
544 710
544 1493
544 951
545 1447
545 911
545 881
546 708
546 1432
547 631
547 728
548 1572
548 820
548 661
548 1353
549 1120
549 738
549 551
549 1493
549 703
550 588
550 1593
551 1022
552 662
553 1152
553 808
553 767
554 640
554 1189
555 1169
555 607
556 1157
556 1031
556 1365
556 1446
556 1084
557 1216
557 695
557 1021
558 1092
558 874
558 1297
560 898
560 681
560 701
560 1456
562 1318
562 1298
562 1015
562 1180
563 1580
563 1365
563 1545
563 1147
563 1054
564 641
564 1508
564 1126
564 682
564 1561
564 1402
565 613
565 710
566 1379
566 1545
566 1530
568 614
568 807
568 1008
568 1553
568 1463
568 1080
569 705
569 969
569 939
569 1313
569 627
569 1355
570 598
571 909
571 1233
572 582
572 1022
573 878
574 1305
575 816
575 1493
575 1246
576 1057
576 1073
576 1207
579 763
580 1144
580 1404
581 1313
581 1291
581 1502
583 738
584 833
584 1338
585 1444
585 742
585 847
585 696
585 667
586 752
586 1332
587 1238
587 664
587 722
587 1139
587 697
587 699
588 697
589 796
589 1500
590 780
590 1489
590 1594
591 960
592 1538
593 624
593 722
593 1055
594 736
594 1029
594 753
594 1162
594 689
594 1204
594 639
595 1538
595 875
595 1127
595 1008
595 1553
595 1315
595 698
595 1551
595 1242
595 735
596 1540
596 1128
596 908
596 911
596 1585
597 1088
597 688
598 1563
598 835
598 1417
598 657
598 735
599 723
600 976
600 817
600 1045
601 1125
601 1034
601 1362
601 1081
601 1014
601 1562
602 645
603 1570
603 1579
603 1147
603 958
604 1345
604 1065
604 938
604 1485
604 795
604 701
604 767
605 800
605 1191
605 1489
605 1336
606 1262
607 717
608 918
608 1471
609 1249
610 1549
611 739
611 1394
611 661
611 636
611 677
612 712
612 1012
612 1145
612 1146
612 917
613 1398
614 1586
615 1005
616 1101
617 1063
618 673
618 1543
618 1083
619 882
619 1233
619 1082
620 992
620 1515
620 916
621 1123
621 1070
621 700
621 1021
622 869
622 813
622 686
622 1075
622 1177
622 735
624 817
624 1099
624 1326
624 1556
625 1376
625 1256
625 1360
625 681
625 856
625 1246
626 1442
626 1453
626 882
626 955
628 1416
628 1570
628 1160
628 883
628 1244
629 1007
629 1211
631 651
631 692
631 1588
633 1233
633 734
634 865
634 1478
634 681
635 1258
635 1426
636 772
636 1368
636 923
637 896
637 1067
637 1501
637 1048
637 1565
637 1373
638 818
639 1346
639 656
640 1317
640 1287
640 1518
640 1269
641 965
641 1264
641 860
641 693
642 1028
642 995
644 1174
644 1023
645 1547
645 1393
646 1350
646 1072
646 1050
648 1513
648 1242
649 717
649 1074
650 709
650 1126
650 843
650 1524
650 1358
650 1170
650 1076
650 1559
651 1297
652 786
653 1003
653 1129
653 762
654 901
654 808
654 1237
655 1380
655 1414
656 1284
656 1469
657 737
657 1489
658 1588
658 1083
658 1535
660 1201
661 850
663 1452
664 965
664 921
664 762
665 1221
665 681
665 1131
665 1038
666 1154
666 805
666 969
666 765
666 927
667 1322
667 814
668 1320
668 1329
669 1184
669 933
669 1372
670 711
670 1516
670 691
670 755
671 715
671 724
671 1291
672 1349
672 1481
672 1307
673 1312
673 1137
673 915
673 1271
673 926
674 925
674 724
674 862
675 1031
675 1202
676 1002
676 1336
676 1308
676 1214
678 686
679 831
680 801
680 1387
681 1153
681 878
681 1558
681 1367
682 1223
682 789
682 855
683 1576
683 1161
683 891
684 1508
684 810
684 781
684 1048
685 726
685 1311
686 835
686 1258
686 1004
686 975
686 1175
687 1330
687 725
688 1563
688 726
688 732
689 1376
689 1350
689 1112
689 1401
690 1560
691 1480
691 1588
691 1561
692 1504
692 1251
692 1033
693 1217
694 805
695 801
695 1477
695 898
696 782
696 1490
696 1587
696 760
698 857
700 928
700 1124
700 1382
700 1143
701 1027
701 1313
701 1135
701 1554
701 763
702 1068
702 1342
704 864
704 784
704 1017
704 987
704 831
705 839
705 846
705 1584
705 1009
705 1495
705 1532
705 1086
706 776
706 1230
706 1544
706 1557
706 755
706 763
706 1500
707 1032
708 1334
709 1129
709 753
709 1266
710 979
711 1094
713 1511
714 796
714 755
715 780
716 1487
716 1238
716 1582
717 960
717 1345
717 1516
717 1563
718 1284
718 825
719 1192
719 1166
719 1423
719 727
719 1019
719 956
720 1154
720 1100
720 919
721 843
721 1317
721 907
721 1585
721 1411
721 1149
722 1111
723 752
724 1254
724 1103
725 1123
725 1210
725 1583
726 1255
726 1324
726 945
727 976
727 787
727 1337
727 1263
727 894
728 793
728 1534
730 1463
730 794
730 1211
732 1539
732 785
732 1203
733 1358
734 1414
734 948
734 854
735 965
735 1393
735 970
735 1388
736 1535
737 1136
739 1033
739 1201
739 741
740 832
741 1448
741 826
742 803
742 1177
742 990
744 871
744 1002
744 1206
745 1519
746 1075
747 1241
749 1064
749 1134
750 777
751 1235
751 1347
751 839
751 1503
751 1087
753 839
753 1265
753 1491
753 884
754 930
754 833
754 939
754 1265
758 765
759 1248
759 970
759 1167
759 1208
761 823
764 1389
764 784
764 852
765 1346
768 1222
768 1578
768 781
768 788
769 869
769 843
769 1370
770 1141
772 928
772 1240
772 1438
773 1367
775 1416
775 1363
777 1044
779 1577
780 1268
780 1239
781 857
783 1098
783 1196
783 981
784 1122
784 813
785 1259
786 1007
787 880
788 1183
789 1235
789 790
790 1303
791 1319
792 1125
792 1319
792 1277
793 1059
794 1266
795 1185
795 937
795 1517
795 1012
796 1442
796 850
796 987
797 1584
797 1405
798 992
799 996
799 1386
800 1312
801 1041
801 1395
801 1093
802 1576
802 989
803 1248
805 1308
806 1067
806 910
806 1244
807 1258
807 1332
808 1420
809 1509
809 1294
813 962
813 1290
813 1492
814 1570
814 916
814 1116
814 1245
821 1431
822 1243
826 1293
828 1133
829 1543
830 944
831 1248
831 1447
831 883
831 1469
833 1222
833 1386
833 1036
835 1378
835 1179
836 1091
837 1294
837 1107
837 1111
837 1466
839 1445
840 931
841 1129
841 1556
841 1304
842 1140
842 894
843 1018
844 1184
844 1214
845 1442
845 1061
845 914
845 1591
845 1215
846 1229
846 1073
847 1011
848 961
848 1431
848 1044
849 878
849 1456
849 1023
850 1090
850 1192
850 1075
850 1503
852 1046
856 1464
856 936
856 1208
858 1127
858 1575
858 1220
859 1133
860 1124
860 944
861 865
865 909
865 886
868 1538
870 908
870 984
871 1072
873 1510
873 874
873 1100
873 878
873 1272
874 1446
877 1319
877 976
879 1126
879 1035
879 893
880 1199
880 1428
881 1089
881 1390
881 1585
882 1211
882 1246
883 1505
883 1365
883 1429
884 1201
884 917
885 1424
885 1138
885 980
885 1304
887 1550
887 1150
888 1151
889 1316
891 1555
892 1030
892 1224
892 1467
894 1255
894 1484
894 1132
894 986
894 954
895 932
898 1013
898 1215
899 1344
899 1317
899 1137
899 1077
900 1551
901 956
904 1045
907 1408
907 1039
907 1337
907 1054
909 1450
909 1454
910 1568
910 1556
911 1226
911 1579
911 1037
911 945
911 1230
911 1083
913 1411
914 1109
916 942
917 1034
917 1021
917 1087
918 1320
919 1459
919 1531
919 1118
920 1013
920 1279
920 1077
921 1158
923 1125
924 1432
925 1574
926 1388
927 1117
928 1536
929 1147
930 1218
930 1235
930 1525
932 1169
932 1397
934 970
935 1281
936 1063
936 1359
936 981
937 1105
938 1128
941 1093
942 1236
942 1306
948 1278
951 1423
951 1554
952 1102
954 1574
954 1518
955 990
956 1120
956 1399
958 1337
959 1541
961 1518
961 1555
962 1572
962 978
964 1276
966 1366
966 1532
967 1267
969 1481
970 1195
973 1327
973 1297
976 1382
977 1087
980 1240
982 1208
983 1477
984 1231
985 1285
986 1581
986 1310
988 1412
990 1035
992 1186
992 1383
992 1487
996 1201
997 1379
997 1489
999 1506
999 1132
1000 1229
1000 1457
1000 1077
1002 1572
1002 1599
1002 1247
1004 1059
1004 1263
1004 1049
1005 1299
1005 1492
1010 1172
1010 1501
1013 1158
1013 1101
1013 1435
1014 1547
1016 1300
1016 1146
1017 1234
1018 1486
1018 1138
1020 1434
1021 1552
1021 1299
1021 1470
1022 1131
1022 1346
1022 1359
1022 1334
1025 1574
1025 1102
1025 1071
1027 1115
1027 1051
1028 1315
1029 1055
1030 1591
1031 1505
1031 1330
1034 1349
1034 1052
1034 1502
1035 1598
1036 1070
1038 1180
1040 1464
1041 1417
1043 1078
1044 1335
1045 1416
1046 1468
1049 1410
1049 1173
1049 1559
1051 1219
1051 1300
1052 1119
1054 1206
1056 1102
1057 1466
1059 1571
1060 1134
1063 1071
1064 1292
1064 1386
1069 1492
1070 1140
1071 1249
1071 1289
1073 1286
1073 1422
1074 1508
1076 1141
1076 1274
1076 1082
1077 1351
1077 1354
1080 1478
1080 1579
1081 1238
1082 1506
1082 1446
1083 1499
1085 1168
1086 1104
1087 1119
1088 1301
1089 1152
1089 1090
1089 1485
1092 1218
1092 1358
1094 1528
1094 1435
1095 1546
1096 1235
1099 1348
1099 1535
1101 1135
1106 1182
1107 1330
1107 1182
1107 1381
1111 1512
1111 1148
1113 1268
1115 1385
1115 1578
1117 1494
1117 1343
1118 1521
1118 1183
1119 1228
1119 1458
1119 1373
1122 1539
1122 1413
1122 1181
1124 1137
1124 1333
1125 1376
1125 1424
1126 1536
1127 1388
1127 1567
1127 1341
1132 1161
1133 1462
1135 1219
1135 1189
1135 1452
1136 1451
1141 1571
1144 1193
1144 1163
1145 1486
1145 1458
1147 1211
1151 1448
1151 1194
1151 1177
1151 1178
1152 1285
1162 1291
1163 1223
1163 1399
1167 1189
1167 1315
1168 1538
1168 1292
1168 1340
1168 1407
1170 1344
1173 1468
1174 1549
1175 1558
1177 1573
1178 1523
1179 1349
1179 1543
1179 1523
1182 1534
1183 1320
1184 1402
1186 1366
1186 1335
1187 1531
1190 1553
1198 1427
1199 1555
1201 1263
1202 1585
1203 1326
1203 1564
1206 1407
1208 1465
1210 1519
1212 1328
1212 1341
1218 1404
1220 1531
1220 1598
1223 1342
1225 1425
1226 1257
1227 1540
1229 1422
1235 1301
1236 1567
1241 1350
1242 1281
1246 1588
1246 1592
1247 1249
1249 1354
1251 1409
1251 1510
1254 1395
1254 1405
1256 1558
1258 1526
1261 1430
1263 1369
1265 1455
1268 1521
1271 1494
1271 1278
1276 1375
1282 1346
1282 1566
1285 1475
1288 1417
1288 1460
1292 1361
1297 1544
1305 1482
1307 1469
1309 1464
1310 1521
1311 1448
1318 1431
1321 1497
1322 1565
1337 1488
1343 1347
1350 1474
1352 1582
1353 1518
1357 1412
1358 1460
1368 1571
1368 1526
1377 1577
1383 1578
1383 1519
1384 1445
1386 1415
1388 1484
1388 1524
1388 1465
1388 1466
1388 1562
1394 1436
1401 1426
1410 1472
1416 1507
1417 1474
1417 1551
1424 1520
1434 1589
1436 1438
1437 1490
1443 1529
1447 1570
1447 1564
1449 1553
1453 1546
1456 1514
1458 1548
1459 1516
1461 1477
1469 1595
1472 1589
1480 1499
1481 1525
1486 1513
1494 1517
1500 1524
1503 1511
1504 1544
1504 1545
1510 1557
1515 1558
