0 1
0 2
0 771
0 1156
0 6
0 908
0 781
0 17
0 19
0 276
0 921
0 26
0 284
0 672
0 1712
0 1315
0 422
0 39
0 168
0 42
0 306
0 1326
0 815
0 1200
0 177
0 50
0 820
0 1589
0 1353
0 56
0 57
0 59
0 444
0 61
0 574
0 319
0 1824
0 1730
0 836
0 1609
0 1863
0 1292
0 207
0 464
0 209
0 339
0 1239
0 88
0 847
0 988
0 989
0 1121
0 699
0 1637
0 617
0 235
0 1264
0 467
0 120
0 1785
0 255
0 899
0 126
0 127
1 3
1 4
1 5
1 663
1 1432
1 1689
1 156
1 414
1 32
1 417
1 675
1 37
1 934
1 1575
1 711
1 180
1 1595
1 60
1 702
1 65
1 1603
1 71
1 200
1 73
1 1869
1 591
1 722
1 1059
1 212
1 1103
1 991
1 1382
1 102
1 1212
1 106
1 620
1 111
1 1648
1 118
1 1620
1 1020
1 1535
2 1536
2 1155
2 133
2 7
2 8
2 1801
2 1419
2 1676
2 272
2 1810
2 534
2 665
2 925
2 881
2 903
2 300
2 690
2 179
2 436
2 1333
2 1078
2 190
2 63
2 1856
2 1094
2 203
2 1740
2 1686
2 1491
2 599
2 609
2 237
2 1262
2 1552
2 369
2 757
2 1274
2 510
3 769
3 11
3 652
3 14
3 1040
3 18
3 935
3 427
3 303
3 62
3 831
3 12
3 720
3 1106
3 348
3 990
3 1377
3 1378
3 99
3 1125
3 1261
3 880
3 244
3 631
4 23
5 1334
5 231
5 137
5 1319
5 16
5 726
5 9
5 656
6 352
6 1058
6 1190
6 326
6 1895
6 745
6 376
6 1331
6 888
6 664
6 1593
6 476
6 1285
7 64
7 816
7 419
7 1642
8 1153
8 261
8 1670
8 909
8 1550
8 15
8 913
8 1685
8 24
8 25
8 154
8 412
8 666
8 670
8 517
8 40
8 1578
8 45
8 186
8 31
8 1216
8 194
8 1355
8 837
8 587
8 1751
8 1888
8 1026
8 1509
8 230
8 1511
8 1515
8 1133
8 496
8 121
8 506
8 509
9 66
9 131
9 1220
9 1674
9 679
9 259
9 10
9 706
9 750
9 1002
9 147
9 21
9 22
9 1849
9 89
9 1290
9 1183
9 253
9 565
10 987
10 772
10 677
10 70
10 104
10 139
10 205
10 623
10 1488
10 977
10 691
10 1844
10 1389
10 553
10 123
10 93
10 719
10 191
12 1158
12 13
12 1522
12 916
12 28
12 669
12 34
12 291
12 164
12 1317
12 171
12 813
12 438
12 58
12 827
12 67
12 1351
12 201
12 845
12 206
12 80
12 1617
12 932
12 349
12 863
12 1134
12 112
12 1010
13 450
13 36
13 1252
13 1800
13 558
13 431
13 277
13 889
13 795
13 1468
13 94
13 373
14 704
14 379
14 1739
14 29
14 113
14 707
14 729
14 314
14 47
14 250
15 589
15 159
16 1456
16 162
16 1798
16 841
16 490
16 363
16 1613
16 46
16 1104
16 760
16 530
16 52
16 469
16 87
16 472
16 20
16 1018
16 1144
16 1813
16 293
17 354
17 1171
17 936
17 554
17 1698
17 83
17 1258
17 701
17 30
18 1478
18 51
18 280
18 931
18 223
19 449
19 779
19 208
19 849
19 918
19 1368
19 1690
19 541
20 1776
21 195
21 302
21 944
21 1833
21 169
22 1395
22 708
22 575
23 1248
23 902
23 38
23 954
23 1360
23 182
23 377
23 282
23 27
23 1276
23 90
24 163
24 1770
24 1259
24 403
24 119
24 1244
24 861
25 585
25 1080
26 737
26 1602
26 1072
26 228
26 165
26 807
26 618
26 43
26 1390
26 48
26 1316
26 274
26 1556
26 1758
26 855
26 344
26 420
26 922
26 1278
26 1255
27 896
27 33
27 1513
27 246
27 471
27 713
27 1098
27 428
27 78
27 1108
27 117
27 54
27 55
27 1504
27 572
27 972
27 543
28 397
29 983
30 44
30 1421
31 1017
32 330
33 749
33 68
33 966
33 1224
33 41
33 484
33 1230
33 367
33 245
33 345
33 1402
33 573
33 437
34 512
34 35
34 584
34 75
34 173
34 368
34 82
34 1139
34 564
34 318
34 310
34 920
34 1076
34 91
34 158
35 232
35 1738
35 1803
35 1646
35 401
35 342
36 976
36 1652
36 1760
36 108
37 1117
37 49
39 1545
39 486
40 101
40 304
40 53
40 312
40 639
41 1123
41 372
41 1335
41 601
41 1562
41 286
42 1788
43 1704
44 522
44 828
44 1662
45 1834
45 84
45 885
45 1102
46 551
46 433
46 371
46 501
46 407
46 1151
47 1299
47 738
47 549
47 166
47 337
47 1000
47 266
47 1460
47 1416
47 241
47 115
47 116
47 278
47 696
47 217
47 1046
47 1084
47 426
48 161
48 1349
48 552
48 210
48 1045
48 854
49 834
49 835
49 1764
49 72
49 1129
49 299
49 492
49 1521
49 1714
49 211
49 1497
49 473
49 799
49 1435
49 1597
49 69
50 96
50 129
50 240
50 384
50 759
51 489
51 219
51 533
51 222
52 1632
52 100
52 234
52 204
52 882
52 632
52 338
52 628
52 374
52 536
52 1188
52 1114
54 1696
54 97
54 1223
54 746
54 175
54 181
54 1592
54 633
54 1501
54 381
54 734
55 1081
55 1453
55 1731
56 1528
56 76
57 992
57 196
57 1303
57 1247
57 1568
57 1047
57 761
57 411
57 924
57 1337
57 1119
58 358
58 135
58 1832
58 77
58 365
58 242
58 343
58 1112
58 890
59 612
60 184
61 144
61 1839
61 79
62 1470
64 392
64 907
64 1044
64 1563
64 1051
64 805
64 550
64 1066
64 1339
64 1343
64 1090
64 963
64 582
64 74
64 81
64 1364
64 1369
64 220
64 615
64 1007
64 1533
65 576
65 258
65 645
65 970
65 273
65 85
65 247
65 249
65 187
66 192
66 324
66 103
66 1607
66 172
66 466
66 405
66 346
66 1405
67 962
67 1667
67 132
67 197
67 1030
67 105
67 1495
67 1586
67 1774
67 1708
67 114
67 86
67 697
67 409
67 1241
67 1660
67 382
68 818
68 1110
68 351
69 224
69 608
69 227
69 1604
69 937
69 142
69 275
69 894
69 1870
69 730
69 638
69 607
71 92
71 1113
71 295
72 482
73 596
76 213
76 134
76 263
76 136
76 149
76 150
76 155
76 1573
76 810
76 819
76 1718
76 1208
76 1215
76 199
76 1225
76 1229
76 336
76 1493
76 353
76 360
76 107
76 755
76 341
77 130
79 288
79 480
79 518
79 390
79 1415
79 1227
79 141
79 109
79 1734
79 851
79 1400
79 1209
80 1138
80 1709
80 455
81 583
81 525
81 590
81 1074
81 884
81 1710
81 1366
81 215
81 152
81 1428
81 1052
81 479
84 1890
84 462
84 153
84 317
84 95
85 654
86 1348
86 393
86 138
86 221
86 521
86 125
88 128
88 470
88 110
88 725
89 399
89 167
90 1807
90 1025
90 1222
90 1514
90 170
90 143
90 1711
90 602
90 1019
90 445
90 735
91 1169
91 790
92 1289
92 1729
92 262
93 1192
94 1793
95 642
95 817
95 917
95 311
95 122
95 1887
97 1868
97 1668
97 98
97 124
98 494
99 176
99 1864
100 145
100 1549
101 448
101 515
101 829
101 600
102 148
103 357
103 526
104 866
104 1251
104 1765
104 870
104 651
104 1538
104 1745
104 183
106 1701
106 460
106 239
106 279
106 700
106 927
107 804
107 359
109 1600
109 418
109 391
109 1226
109 271
109 627
109 1012
109 1466
110 328
110 1257
110 592
110 1880
110 1170
110 1463
110 1243
110 1054
111 260
111 1825
111 375
113 904
113 1519
114 298
114 1387
114 1100
114 1873
114 1077
114 188
114 157
115 1088
115 388
115 1063
115 140
115 1177
115 218
116 226
117 721
119 546
119 323
119 516
119 692
119 1818
120 225
120 1651
120 1547
120 588
120 1490
120 435
123 481
124 1263
125 739
125 1574
125 398
125 1266
125 243
125 1684
125 1175
126 248
126 687
128 705
128 741
128 254
128 1367
129 160
129 547
129 1126
129 396
129 1584
129 1050
130 1498
130 1414
130 661
131 290
131 151
131 659
131 1494
131 233
131 216
131 313
134 193
134 1132
134 465
134 986
134 671
135 803
135 389
135 678
135 1447
135 1546
135 1746
135 1327
135 562
135 307
135 695
135 826
136 340
136 146
136 1819
137 292
138 1702
140 641
141 762
141 1157
143 1324
143 1374
143 334
143 335
146 424
146 452
146 1304
146 951
147 178
148 872
149 1458
149 715
149 1582
151 626
151 869
151 791
152 1186
155 325
155 265
155 594
155 406
155 1145
155 1181
155 606
156 322
156 868
156 229
156 289
156 684
156 202
156 332
156 753
156 980
156 981
156 1342
157 1091
157 356
157 189
159 744
159 458
159 174
159 308
159 1591
161 1605
163 1140
163 1733
163 238
163 852
163 1461
163 439
163 500
164 1320
165 294
165 1031
165 329
165 1777
165 531
165 1791
167 1250
167 1767
167 648
167 1097
167 301
167 1128
167 1843
168 640
168 842
168 1459
168 1755
168 798
169 264
169 570
169 630
169 495
170 1561
171 1281
171 454
171 683
171 461
171 1277
172 257
172 716
172 287
173 1411
173 676
173 581
173 198
173 1064
173 297
173 1354
173 1008
173 1859
173 905
173 415
173 421
175 1802
175 767
177 569
177 1775
178 857
178 580
178 806
178 959
179 621
179 682
180 1446
180 487
181 185
183 513
183 610
183 1761
183 1282
183 1585
183 1204
183 1659
183 703
185 1409
185 873
185 333
185 446
185 1305
185 1182
185 1439
186 1036
189 1048
189 505
189 1779
189 556
191 214
191 1053
191 1174
191 408
191 362
192 383
193 776
193 1529
193 350
194 1492
194 948
195 1634
195 475
195 1236
196 1131
198 1503
199 1440
199 1028
199 1780
199 1412
199 507
200 1011
200 542
200 430
201 613
201 998
201 456
201 718
201 432
207 1164
207 900
207 789
209 268
210 929
212 468
212 838
213 616
213 364
213 1323
213 942
215 862
216 440
217 1057
217 833
217 811
217 1015
217 539
218 270
220 355
220 236
220 557
220 657
220 281
220 1599
221 1033
221 891
221 423
222 347
222 1358
222 491
223 529
223 1193
224 1159
224 459
224 1198
224 658
224 1013
224 965
225 1124
226 865
226 1570
226 622
226 1828
227 1666
227 1579
227 1481
227 267
227 733
227 598
227 1719
227 1373
228 1680
230 634
230 283
230 1383
232 413
233 1321
234 971
235 296
238 387
239 736
239 801
239 1150
239 887
242 1041
242 1781
242 743
243 1249
243 1636
243 493
243 252
243 765
243 895
244 867
244 251
245 1162
247 395
252 256
252 1425
252 751
253 1328
253 1756
253 1109
253 1721
254 285
258 1165
258 1537
259 1270
259 714
259 269
259 685
259 978
259 1142
259 1693
263 1837
264 499
264 1876
265 514
265 604
266 766
267 560
267 649
267 1784
268 1107
269 1344
269 537
269 1238
269 1799
270 1831
271 1682
271 380
272 453
273 777
275 825
275 1722
275 636
276 629
276 1149
277 457
277 1485
277 605
278 1115
278 655
278 1191
281 425
281 1302
284 1265
286 848
286 740
286 305
287 1009
288 1531
289 960
289 1681
289 309
291 447
292 800
292 563
293 519
295 366
296 783
297 956
299 315
300 402
301 823
301 523
302 793
302 946
302 1830
304 416
304 1664
304 579
304 1060
304 394
304 331
304 1422
304 1272
304 995
304 1448
304 728
304 1572
304 410
304 316
304 794
304 958
305 784
305 443
305 723
306 1629
307 320
307 1577
307 955
307 1173
310 595
310 830
312 915
314 770
314 361
314 524
314 674
314 1615
314 1812
314 538
315 1176
315 1449
316 792
316 1465
318 1672
318 1073
319 321
319 483
319 839
319 1037
319 1039
319 1840
319 1362
319 1178
319 508
320 400
321 544
321 1068
321 463
321 498
321 1083
323 378
323 1822
325 1657
325 327
326 1650
326 1189
327 385
327 1506
327 1427
329 511
330 724
331 532
332 571
333 840
333 1392
333 1736
333 1211
333 1086
335 688
336 535
338 497
339 1726
339 503
340 1122
341 1218
341 429
341 1424
341 1523
341 756
342 1147
342 710
345 1892
345 1542
347 434
347 843
347 485
347 1437
349 832
349 1032
349 877
349 593
349 787
349 502
349 477
351 1185
351 693
352 386
352 879
353 559
354 370
357 1692
360 441
360 822
362 680
363 999
365 1601
369 1118
370 1789
371 442
372 1628
372 548
372 1071
373 1408
373 1350
373 1286
375 727
376 984
377 812
378 597
378 943
382 985
382 919
383 568
383 1330
383 625
385 504
385 768
385 1003
385 878
386 545
386 1386
386 1179
388 662
390 1855
390 883
390 1180
391 1202
391 404
394 1024
394 1137
394 1480
394 1195
394 561
395 1671
395 520
395 1197
395 686
395 1817
395 1885
396 1606
397 780
399 1656
400 1469
401 752
402 653
404 1452
404 860
407 1371
407 788
408 1475
409 1093
409 1847
411 488
411 624
411 1280
413 974
415 451
415 694
417 1560
418 478
420 689
425 614
429 1161
429 1643
429 1588
431 637
433 1099
437 1291
437 717
438 1654
438 1462
438 1022
443 853
444 1782
446 577
448 1014
449 1426
452 957
456 1757
457 1404
457 566
463 1845
465 1184
465 1079
466 1284
468 1049
469 1273
469 1347
469 1384
470 906
471 1307
471 1167
472 474
472 1130
473 1544
473 1381
473 681
474 809
474 1087
475 973
477 1288
477 540
478 1394
478 1875
478 1269
480 1035
480 1486
482 1576
482 1314
482 814
482 527
483 821
484 754
484 1346
492 1790
495 892
497 1206
498 1245
499 1625
500 961
500 1029
501 673
502 660
505 578
506 1136
506 1720
506 1612
507 555
509 528
509 1116
516 1806
518 1525
520 1707
520 1786
520 773
521 1893
523 1361
523 1067
525 876
527 668
528 1434
531 1508
533 567
540 644
540 1559
541 1483
545 1518
547 1329
549 1311
549 1345
549 1027
549 1569
553 797
555 1565
555 1687
559 1310
560 1393
564 1473
564 1860
564 1253
564 619
564 1388
564 1231
564 785
564 947
564 1551
566 1540
568 786
568 611
568 1763
569 643
569 1737
570 1325
571 1397
574 1715
575 586
575 1778
576 1061
576 647
581 859
581 635
587 1554
588 747
588 1254
588 1385
588 1451
588 603
589 709
590 864
594 1665
597 1203
597 758
598 856
600 1842
606 994
606 1741
606 1407
607 1527
610 1296
611 1787
612 1557
614 1594
614 1021
615 928
615 1168
615 1172
615 1234
616 1399
617 858
617 1034
618 667
620 1043
620 1871
621 1457
621 874
621 930
621 950
625 808
625 1564
632 698
632 1507
634 964
634 646
634 938
634 1618
634 1370
635 1635
635 846
642 1313
643 850
647 898
647 1706
648 650
648 1814
649 1413
649 1356
649 782
649 1433
649 953
649 732
650 712
650 1089
651 1772
655 731
657 774
657 1194
657 1747
657 1141
657 1398
657 1336
657 1210
658 1454
659 893
659 1062
665 1023
666 1199
668 939
668 1219
670 945
672 1275
672 1443
672 910
673 1851
673 1886
676 1376
678 1797
680 1627
681 1082
682 1429
682 763
683 1233
684 1267
692 1042
693 1213
693 1663
693 1069
693 742
694 1532
697 1056
697 1455
697 1621
697 1688
697 1406
698 969
698 778
698 1558
700 1001
710 764
710 1877
711 1111
715 748
716 996
716 1287
717 1365
721 1298
721 1891
722 949
722 1725
729 1075
729 1085
730 1372
730 897
730 844
735 1505
736 1645
737 926
740 875
742 802
742 1683
745 1187
746 1580
748 1420
749 975
751 775
754 1516
754 1530
754 1539
754 1510
757 1217
759 1294
760 1070
761 1766
761 1143
763 1762
763 1590
765 1101
767 1679
767 1695
768 1242
770 1166
771 993
771 1246
772 1375
778 1340
782 1699
782 1417
784 1520
784 1430
790 796
791 1805
792 824
795 1196
795 1092
796 886
798 1748
799 1500
801 997
802 1865
802 1146
805 1583
807 1154
807 911
808 1016
812 1403
812 1678
812 1499
812 1567
818 1332
818 1879
818 1489
824 1829
834 952
834 1675
834 1713
834 1055
836 933
836 1717
838 1268
838 1445
839 901
845 968
847 1352
847 982
851 1517
852 912
852 1723
858 940
858 941
858 1566
858 1005
863 871
865 1318
867 923
873 914
874 1380
879 1581
882 1240
882 1816
882 1826
882 1038
883 1152
883 1065
884 1464
884 1878
884 1809
885 1095
886 1338
886 1811
886 1006
887 1641
890 967
901 1363
901 1820
909 1894
910 1312
911 1297
913 1649
913 1205
915 1850
915 1623
925 1716
926 1256
930 1555
932 1502
933 979
937 1105
941 1838
945 1526
946 1004
947 1857
949 1534
954 1444
954 1794
954 1148
954 1614
958 1438
959 1436
959 1861
961 1201
963 1163
981 1705
986 1221
986 1271
994 1127
1001 1543
1005 1884
1007 1835
1016 1742
1025 1823
1030 1442
1038 1467
1039 1096
1039 1477
1040 1841
1045 1283
1048 1697
1048 1866
1048 1727
1056 1691
1058 1808
1059 1410
1072 1827
1073 1792
1073 1235
1075 1214
1077 1821
1081 1322
1084 1359
1086 1608
1087 1724
1089 1474
1090 1120
1095 1160
1095 1644
1097 1135
1097 1750
1104 1237
1111 1753
1114 1301
1114 1655
1118 1661
1124 1596
1135 1423
1140 1619
1140 1309
1145 1472
1153 1232
1153 1846
1161 1482
1163 1471
1164 1228
1167 1862
1170 1207
1177 1379
1181 1587
1190 1874
1190 1898
1192 1848
1199 1295
1200 1341
1202 1896
1202 1396
1207 1293
1211 1624
1220 1653
1236 1512
1236 1450
1236 1260
1238 1804
1238 1854
1249 1391
1251 1673
1259 1610
1259 1308
1259 1754
1259 1279
1260 1418
1261 1796
1265 1883
1266 1300
1271 1658
1274 1306
1278 1611
1291 1357
1293 1431
1314 1441
1322 1815
1330 1647
1339 1633
1344 1476
1347 1882
1367 1858
1368 1769
1369 1626
1372 1677
1382 1401
1388 1732
1393 1669
1404 1744
1404 1773
1429 1553
1429 1548
1429 1487
1438 1728
1441 1852
1452 1496
1455 1598
1468 1694
1468 1479
1472 1897
1481 1484
1496 1524
1496 1881
1502 1630
1508 1700
1518 1836
1519 1867
1520 1616
1520 1783
1520 1541
1520 1759
1525 1752
1527 1571
1529 1631
1534 1771
1534 1735
1550 1795
1556 1638
1588 1640
1602 1622
1609 1768
1619 1743
1623 1639
1656 1703
1675 1899
1689 1889
1730 1749
1754 1853
1815 1872
