0 256
0 1
0 3
0 4
0 1285
0 392
0 783
0 17
0 788
0 150
0 25
0 31
0 675
0 164
0 37
0 167
0 686
0 693
0 951
0 441
0 58
0 318
0 67
0 610
0 1104
0 81
0 82
0 83
0 596
0 36
0 93
0 865
0 482
0 100
0 337
0 116
0 852
1 2
1 1067
1 5
1 7
1 393
1 653
1 143
1 1297
1 21
1 773
1 673
1 290
1 1186
1 296
1 135
1 182
1 901
1 1083
1 65
1 66
1 324
1 200
1 587
1 77
1 1115
1 741
1 107
1 505
1 380
1 381
1 383
2 640
2 1026
2 131
2 1247
2 8
2 9
2 10
2 782
2 1295
2 16
2 408
2 659
2 20
2 277
2 279
2 24
2 154
2 1181
2 799
2 32
2 34
2 987
2 420
2 38
2 39
2 168
2 551
2 1283
2 44
2 989
2 136
2 350
2 438
2 55
2 57
2 954
2 59
2 572
2 61
2 191
2 321
2 609
2 204
2 1227
2 76
2 906
2 336
2 467
2 84
2 214
2 885
2 216
2 857
2 603
2 890
2 222
2 485
2 992
2 144
2 1043
2 571
2 1124
2 166
2 486
2 764
2 363
2 876
2 792
2 613
2 113
2 243
2 254
2 1065
2 212
2 300
2 124
2 125
2 126
3 101
3 119
3 15
3 1170
3 403
3 87
3 631
3 26
3 543
3 28
3 253
3 63
4 128
4 1159
4 663
4 396
4 1005
4 273
4 18
4 23
4 921
4 964
4 29
4 414
4 289
4 35
4 548
4 933
4 173
4 46
4 1201
4 52
4 694
4 752
4 194
4 836
4 1008
4 545
4 12
4 1103
4 208
4 855
4 94
4 1248
4 866
4 763
4 109
4 624
4 500
4 1269
4 249
4 250
4 123
5 320
5 928
5 644
5 6
5 104
5 745
5 42
5 172
5 750
5 616
5 85
5 246
5 218
5 635
5 956
5 858
6 561
6 1290
8 771
8 519
8 1033
8 11
8 268
8 13
8 14
8 911
8 148
8 533
8 27
8 159
8 33
8 803
8 1190
8 681
8 775
8 45
8 47
8 439
8 60
8 447
8 1217
8 139
8 1014
8 73
8 75
8 464
8 598
8 89
8 604
8 96
8 487
8 103
8 493
8 751
8 496
8 498
8 1268
8 758
8 959
9 784
9 429
9 343
10 1167
10 943
11 384
11 260
11 522
11 779
11 19
11 534
11 665
11 1075
11 1058
11 301
11 942
11 264
11 51
11 53
11 566
11 569
11 353
11 329
11 465
11 88
11 225
11 230
11 872
11 1131
11 877
11 1171
11 122
11 379
12 406
12 1223
13 481
13 710
13 41
13 375
13 1019
13 92
14 224
14 502
15 1235
15 674
15 326
15 70
15 102
15 422
15 40
15 1226
15 203
15 899
15 744
15 147
15 1173
15 187
15 395
15 190
16 192
16 1193
16 910
16 217
16 62
17 736
17 1029
17 1200
17 338
17 567
17 443
18 547
18 902
18 648
18 331
18 909
18 398
18 50
18 1205
18 1180
18 671
19 1156
19 1032
19 74
19 523
19 1279
19 342
19 311
19 121
19 1273
19 892
19 1209
20 112
20 593
20 234
20 1281
21 765
21 22
22 160
22 229
22 849
22 368
22 49
22 979
22 404
22 280
22 1177
22 767
23 156
23 501
23 193
24 352
24 97
24 579
24 537
24 357
24 129
24 233
24 106
24 43
24 335
24 1219
24 1145
24 512
24 151
24 120
24 409
24 413
24 30
24 255
26 499
27 153
28 839
28 137
28 1294
28 175
28 80
28 146
28 1108
28 975
28 796
30 90
30 795
30 205
32 410
32 111
33 433
33 844
34 1056
34 451
34 68
34 199
34 842
34 284
36 345
36 127
37 1259
37 679
37 459
37 1230
37 622
37 894
38 889
38 883
39 516
39 905
39 140
39 749
39 145
39 531
39 155
39 417
39 938
39 48
39 185
39 449
39 197
39 71
39 458
39 589
39 597
39 470
39 599
39 602
39 734
39 223
39 480
39 1257
39 237
39 110
39 239
39 241
39 242
39 1272
39 1150
39 853
40 54
41 1121
41 132
41 455
41 488
41 1292
41 647
41 1036
41 712
41 114
41 152
41 829
43 513
43 1194
43 174
43 95
44 108
45 202
45 1199
45 1160
45 530
45 115
45 468
45 958
45 86
45 791
45 539
45 830
46 163
46 361
46 652
46 365
46 183
48 999
49 56
49 549
49 1287
50 180
50 1085
50 743
51 770
51 1188
51 72
51 657
51 827
52 64
52 1099
52 294
52 401
52 680
52 394
52 171
52 177
52 692
52 772
52 900
52 586
52 735
53 269
56 157
56 351
57 619
58 339
59 536
59 699
59 1183
61 960
61 69
61 358
61 263
61 170
61 875
61 312
62 450
62 79
63 986
63 668
63 757
64 271
65 99
65 391
65 1084
65 236
65 879
65 278
65 444
65 573
66 322
66 655
68 670
69 257
70 786
71 678
72 1284
72 1215
72 727
72 639
73 220
74 275
74 98
74 382
75 1189
75 78
75 319
76 293
77 1072
78 184
78 188
78 687
79 963
80 307
80 453
81 641
81 162
81 931
81 201
81 426
81 532
81 756
81 471
81 601
81 637
81 981
82 903
82 265
82 430
82 303
82 240
82 369
82 178
82 431
82 1208
82 91
82 287
83 1241
83 348
85 248
85 206
86 984
86 881
86 828
86 1238
87 299
87 418
87 886
87 270
90 1216
90 226
90 1221
90 790
90 837
91 105
91 138
91 747
91 1001
91 118
91 777
92 700
93 704
94 232
94 259
94 310
94 719
97 186
97 189
97 295
98 948
98 258
98 1214
98 509
99 1048
99 117
99 614
100 936
100 988
100 1030
100 327
101 996
101 677
101 713
101 298
101 142
101 477
101 176
101 820
101 664
101 1060
101 330
104 325
104 939
104 1229
104 238
104 221
105 334
105 1137
105 371
105 916
105 373
105 1116
106 722
106 149
106 1086
108 1196
108 923
108 1187
108 1039
110 746
110 715
110 302
110 977
110 1176
112 707
112 521
112 267
112 306
112 691
112 697
112 633
112 158
113 769
113 419
113 709
113 207
113 1240
113 538
114 778
115 134
115 262
115 595
115 309
115 245
116 1168
116 780
118 305
118 141
121 286
121 198
121 195
121 658
123 376
123 819
123 251
123 133
124 130
125 953
125 867
125 581
127 1244
128 1162
130 969
132 833
134 720
134 556
135 800
136 227
136 620
138 768
138 354
138 196
138 456
138 179
138 314
139 231
140 161
140 1012
140 1069
140 662
142 1213
142 898
142 859
142 1063
143 1122
143 362
143 621
143 721
143 575
144 843
145 1286
147 282
148 377
148 435
152 446
153 528
153 211
154 1051
154 165
154 725
158 1102
158 317
158 436
158 213
158 1047
158 925
161 332
161 169
161 266
161 1143
162 274
162 219
162 346
163 789
164 578
164 805
164 425
164 340
164 1022
165 1185
167 802
167 1260
168 1028
168 484
169 632
170 460
170 638
171 860
171 427
171 1236
171 1263
172 774
172 526
172 527
172 529
172 1044
172 919
172 415
172 291
172 292
172 555
172 1071
172 181
172 702
172 1095
172 461
172 344
172 473
172 494
172 244
172 1016
172 252
174 1125
174 1015
174 472
174 605
174 261
180 1073
181 412
182 416
182 813
184 333
186 896
190 840
191 514
191 814
191 535
192 650
192 247
194 1097
195 1220
195 541
195 1006
197 801
197 1228
197 626
197 469
197 1270
198 1129
200 288
200 706
200 818
200 817
200 594
200 308
200 1049
201 210
201 563
202 1089
202 1251
202 228
202 1191
202 304
202 209
202 854
202 600
203 1231
203 762
203 1175
203 974
205 560
207 1042
207 703
208 804
208 895
208 215
209 1163
209 407
210 607
212 1002
212 462
215 584
216 372
216 562
221 323
221 235
223 281
223 489
223 1140
224 781
224 524
224 445
224 695
226 1288
226 811
226 349
226 1053
227 492
227 917
229 385
229 776
229 625
229 821
229 283
230 873
230 1010
230 276
235 968
235 297
237 424
238 389
238 711
239 1088
239 366
240 474
242 360
242 355
242 341
242 1222
244 1276
244 479
245 448
245 313
245 759
245 399
246 580
246 388
246 397
247 731
249 798
251 696
251 497
251 356
251 1017
252 285
253 1031
254 1027
254 708
254 517
254 642
254 733
259 766
262 272
262 411
263 328
263 812
265 1007
266 1025
266 591
268 851
270 957
272 834
272 315
272 1126
273 754
273 386
273 565
275 822
276 882
276 1020
276 1018
281 723
281 908
282 592
282 1157
283 378
284 370
285 546
286 904
287 950
287 887
291 428
291 1009
291 915
291 726
291 553
296 466
299 316
303 390
303 649
303 490
303 1052
303 606
303 1206
303 506
303 508
303 542
306 656
306 1210
306 672
307 1147
308 1000
308 434
314 940
316 698
316 476
318 824
318 1021
320 666
320 558
322 440
322 495
323 400
326 629
328 611
329 737
331 976
331 980
331 478
334 809
335 544
337 993
337 364
342 669
343 504
344 347
344 935
346 387
348 748
348 862
349 608
349 577
349 998
350 1280
350 421
350 973
350 623
350 374
351 1050
351 1195
351 1079
354 367
356 1296
356 1245
356 1197
356 359
359 962
360 483
360 978
361 570
362 760
362 1174
363 1113
363 643
363 1164
363 510
365 402
365 794
365 701
367 585
367 850
367 1118
368 930
368 1148
369 967
369 423
373 520
375 1202
376 405
379 1254
383 1123
383 463
386 630
390 934
394 457
394 437
396 1112
398 1045
399 1091
399 997
400 1024
400 582
400 838
400 1132
400 724
400 1081
404 937
405 922
405 684
406 815
409 515
409 559
410 1119
412 568
412 690
415 1087
417 645
417 874
417 718
417 1264
417 1274
418 442
418 475
418 716
419 1035
419 454
420 552
420 660
423 1154
424 432
426 730
434 540
437 1275
440 995
440 918
441 826
441 1135
443 907
445 926
447 1146
447 1203
448 452
449 785
449 507
449 612
450 588
451 564
452 615
454 835
454 1255
461 1057
461 525
461 870
463 861
465 972
466 574
467 728
467 1105
467 583
477 491
478 816
480 868
481 651
485 676
485 1258
486 739
487 1144
488 554
488 636
489 871
490 884
490 661
492 503
493 944
495 689
495 1062
496 682
497 1064
501 511
502 880
503 1068
505 685
505 518
508 755
510 955
513 832
513 738
513 646
513 557
513 846
513 1041
513 634
514 970
518 1261
518 550
518 823
521 1169
522 576
522 627
522 848
522 1184
523 1282
524 1092
527 806
532 1192
535 617
543 667
546 888
548 831
550 1250
557 946
559 878
570 1278
574 654
578 1077
580 753
580 893
582 1055
587 628
587 732
587 590
587 1093
590 688
590 864
590 845
590 1128
594 929
594 1232
596 991
599 618
601 740
614 924
615 841
615 1107
616 982
617 1289
618 913
621 1149
622 1153
622 742
624 717
626 912
627 1211
629 897
633 807
636 869
638 1158
640 1139
640 683
640 1130
644 1080
646 1100
653 1090
653 941
656 1249
664 1142
670 1038
673 810
674 714
675 761
676 927
677 1152
677 705
678 1179
680 1094
686 1003
688 1204
688 797
689 729
689 847
689 947
698 1151
700 1178
702 808
706 1011
708 920
714 1114
715 971
719 787
720 1004
730 1110
738 1046
748 891
749 1224
763 793
763 1061
771 1198
772 825
774 1234
785 1225
785 863
786 1265
790 990
802 1138
803 949
803 1133
809 1136
812 856
817 1141
823 945
826 1218
826 1233
827 1070
828 1243
832 1242
848 965
861 1111
865 1134
867 1267
868 1182
886 1096
886 961
886 1256
889 1299
892 1207
900 1117
902 1120
903 932
903 1109
904 1034
904 1054
907 966
908 1291
909 914
910 1013
918 952
918 1166
918 983
948 1040
948 994
953 985
958 1253
958 1101
960 1037
964 1098
972 1066
984 1023
995 1078
999 1082
1009 1076
1014 1127
1033 1172
1036 1165
1057 1059
1063 1246
1066 1074
1070 1106
1073 1262
1085 1239
1088 1161
1093 1252
1096 1155
1104 1298
1111 1237
1119 1293
1146 1266
1185 1212
1199 1271
1272 1277
