0 64
0 176
0 4
0 5
0 6
0 7
0 8
0 41
0 13
0 242
0 15
0 80
0 114
0 19
0 246
0 87
0 79
0 31
1 97
1 262
1 35
1 4
1 101
1 166
1 7
1 8
1 184
1 111
1 15
1 145
1 147
1 52
1 278
1 56
1 180
1 27
1 126
2 4
2 5
2 6
2 8
2 14
2 145
2 20
2 149
2 22
2 26
2 157
2 389
2 173
2 61
2 322
2 216
2 102
2 232
2 241
2 375
2 248
2 382
3 256
3 4
3 5
3 6
3 11
3 13
3 16
3 18
3 19
3 21
3 280
3 25
3 26
3 28
3 30
3 32
3 134
3 39
3 41
3 300
3 312
3 317
3 62
3 139
3 77
3 284
3 89
3 218
3 233
3 117
3 125
3 255
4 5
4 6
4 129
4 136
4 9
4 10
4 12
4 13
4 14
4 15
4 17
4 18
4 19
4 20
4 21
4 22
4 24
4 25
4 26
4 155
4 286
4 133
4 33
4 278
4 35
4 36
4 37
4 40
4 169
4 299
4 301
4 47
4 48
4 49
4 307
4 308
4 54
4 56
4 57
4 186
4 316
4 202
4 175
4 195
4 70
4 74
4 163
4 84
4 270
4 377
4 88
4 345
4 94
4 165
4 131
4 101
4 273
4 367
4 112
4 168
4 391
4 254
4 120
4 121
4 126
4 127
5 128
5 179
5 7
5 9
5 10
5 11
5 12
5 398
5 15
5 17
5 146
5 131
5 20
5 21
5 201
5 27
5 28
5 30
5 31
5 36
5 41
5 135
5 44
5 173
5 46
5 175
5 51
5 52
5 286
5 137
5 58
5 59
5 188
5 189
5 193
5 194
5 67
5 197
5 198
5 71
5 73
5 74
5 79
5 159
5 399
5 301
5 271
5 92
5 93
5 354
5 195
5 359
5 380
5 171
5 364
5 238
5 112
5 116
5 119
5 378
5 124
6 129
6 214
6 328
6 7
6 8
6 9
6 394
6 151
6 12
6 141
6 270
6 272
6 17
6 147
6 23
6 397
6 25
6 27
6 157
6 30
6 159
6 32
6 33
6 36
6 38
6 39
6 42
6 172
6 46
6 47
6 136
6 54
6 55
6 312
6 185
6 61
6 191
6 175
6 197
6 327
6 72
6 330
6 183
6 204
6 333
6 334
6 335
6 336
6 338
6 84
6 213
6 86
6 88
6 91
6 95
6 227
6 100
6 230
6 102
6 104
6 194
6 167
6 109
6 370
6 115
6 252
7 265
7 10
7 11
7 14
7 16
7 17
7 146
7 24
7 25
7 52
7 55
7 62
7 320
7 321
7 66
7 200
7 89
7 347
7 222
7 97
7 112
8 385
8 392
8 9
8 11
8 140
8 354
8 16
8 20
8 23
8 34
8 134
8 38
8 174
8 303
8 48
8 50
8 290
8 192
8 65
8 77
8 81
8 355
8 347
8 94
8 98
8 99
8 362
8 236
8 244
8 246
8 119
9 10
9 143
9 22
9 284
9 158
9 35
9 305
9 42
9 302
9 49
9 189
9 318
9 191
9 67
9 326
9 327
9 76
9 82
9 163
9 340
9 228
9 236
9 241
9 247
9 253
9 382
9 383
10 12
10 13
10 143
10 18
10 278
10 388
10 282
10 29
10 32
10 161
10 34
10 37
10 40
10 220
10 43
10 44
10 221
10 179
10 54
10 57
10 59
10 60
10 64
10 68
10 77
10 212
10 86
10 88
10 92
10 93
10 316
10 364
10 243
10 117
10 124
11 192
11 137
11 323
11 43
11 144
11 328
11 107
11 148
11 342
11 374
11 28
12 19
12 21
12 345
12 290
12 40
12 170
12 45
12 49
12 184
12 58
12 394
12 319
12 66
12 196
12 329
12 78
12 209
12 214
12 217
12 358
12 111
12 248
12 42
13 14
13 144
13 280
13 22
13 24
13 29
13 39
13 46
13 51
13 66
13 72
13 205
13 206
13 209
13 211
13 224
13 98
13 295
13 369
13 372
13 245
13 250
13 383
13 255
14 74
14 116
14 151
15 134
15 266
15 397
15 16
15 18
15 23
15 154
15 156
15 29
15 31
15 162
15 37
15 38
15 28
15 44
15 52
15 53
15 311
15 57
15 71
15 85
15 221
15 100
15 294
15 366
15 243
16 96
16 132
16 39
16 105
16 394
16 45
16 50
16 371
16 340
16 251
16 75
16 94
16 63
17 129
17 137
17 138
17 33
17 164
17 390
17 38
17 46
17 53
17 56
17 317
17 71
17 200
17 202
17 209
17 82
17 227
17 109
18 65
18 357
18 232
18 73
18 43
18 80
18 369
18 355
18 279
18 132
18 155
18 190
19 67
19 275
19 76
19 75
19 157
19 81
19 24
19 313
19 335
19 93
20 128
20 140
20 142
20 144
20 281
20 160
20 171
20 44
20 302
20 47
20 61
20 66
20 69
20 200
20 78
20 79
20 341
20 345
20 220
20 96
20 354
20 239
20 368
21 130
21 355
21 76
21 77
21 306
21 172
21 183
21 252
21 30
22 182
22 324
22 258
22 151
22 204
22 237
22 149
22 73
22 23
22 216
22 164
22 27
23 192
23 321
23 165
23 231
23 223
23 304
23 168
23 302
23 116
23 238
23 180
23 26
23 159
23 60
23 31
24 352
24 68
24 37
24 107
24 365
24 176
24 370
24 181
25 179
25 87
25 141
25 305
25 82
25 51
25 84
25 150
25 55
25 68
25 217
25 155
25 185
25 389
26 225
26 296
26 332
26 111
26 81
26 213
26 59
27 280
27 29
27 33
27 166
27 48
27 51
27 60
27 63
27 69
27 79
27 210
27 211
27 213
27 228
27 90
27 93
27 227
27 100
27 233
27 110
27 361
27 253
28 391
28 137
28 275
28 148
28 159
28 290
28 35
28 40
28 177
28 309
28 186
28 71
28 87
28 221
28 104
28 106
28 107
28 387
28 239
28 114
28 117
28 249
28 378
29 32
29 65
29 165
29 136
29 268
29 78
29 208
29 305
29 50
29 343
29 152
29 125
30 263
30 73
30 294
30 59
31 34
31 178
31 49
31 50
31 53
31 150
31 346
31 143
31 188
31 309
32 34
32 36
32 41
32 395
32 67
32 340
32 85
32 297
32 122
32 346
32 149
33 65
33 194
33 359
33 167
33 265
33 234
33 75
33 114
33 371
33 245
33 120
33 186
33 95
34 165
34 135
35 393
35 322
35 69
35 134
35 103
35 264
35 42
35 109
35 237
35 148
35 55
36 161
36 353
36 296
36 266
36 268
36 241
36 132
36 58
36 123
36 390
36 298
36 95
37 193
37 323
37 392
37 332
37 109
37 110
37 283
37 106
38 164
38 337
38 43
38 172
38 45
38 277
38 313
38 104
38 239
38 190
39 385
39 100
39 133
39 106
39 332
39 277
39 344
39 58
39 123
39 266
39 126
40 205
40 334
40 170
41 98
41 264
41 378
41 396
41 242
41 146
41 387
41 53
41 118
41 343
41 90
41 315
41 218
42 180
42 308
43 130
43 363
43 133
43 135
43 261
43 167
43 45
43 47
43 307
43 308
43 185
43 187
43 60
43 63
43 224
43 329
43 204
43 78
43 207
43 211
43 212
43 342
43 87
43 89
43 350
43 223
43 96
43 379
43 103
43 295
43 237
43 121
43 251
43 383
44 176
44 259
44 68
44 70
44 169
44 173
44 48
44 271
44 178
44 326
44 85
44 292
44 251
44 317
44 318
44 287
45 117
46 226
46 336
46 83
46 54
46 92
46 62
47 101
47 372
47 260
48 229
48 75
48 80
48 113
48 84
48 61
49 229
49 70
49 103
49 141
49 142
49 367
49 206
49 145
49 196
49 393
49 57
49 91
50 259
50 132
50 207
51 195
51 101
51 184
51 56
51 293
52 64
52 357
52 201
52 203
52 257
52 208
52 81
52 214
52 273
52 63
53 130
53 83
53 86
54 147
54 198
54 338
54 270
54 83
54 116
54 85
54 196
54 94
55 293
55 105
55 171
55 108
55 140
55 243
55 276
55 119
55 346
55 285
56 311
57 320
57 353
57 99
57 230
57 70
57 389
57 136
57 361
57 238
57 248
57 228
57 122
57 287
58 162
58 168
58 252
58 62
59 196
59 358
59 381
60 115
60 169
60 83
60 299
61 161
61 267
61 107
61 268
61 142
61 177
61 366
61 118
61 183
61 90
61 351
61 348
61 126
61 319
62 69
62 169
62 139
62 347
62 113
62 302
62 213
62 398
62 233
62 283
62 158
62 389
63 64
63 259
63 229
63 110
63 182
64 353
64 130
64 315
64 325
64 108
64 110
64 242
64 86
64 248
64 91
64 74
65 256
65 234
65 242
65 151
65 377
65 283
65 287
66 96
66 206
66 269
66 82
66 91
67 289
67 72
67 88
68 202
69 161
69 260
69 102
69 327
69 72
69 303
69 80
69 177
69 181
69 264
69 152
69 127
70 289
70 98
70 386
70 113
70 118
71 306
73 294
73 232
74 256
74 76
74 180
74 278
75 262
75 184
76 99
76 166
76 177
76 284
76 138
77 227
77 231
77 108
77 111
77 163
77 344
77 123
77 158
78 322
78 195
78 230
78 141
78 175
78 115
79 257
79 362
79 191
79 123
79 95
80 160
80 263
80 176
80 300
80 223
81 99
81 366
82 397
82 145
82 158
82 287
82 160
82 162
82 292
82 293
82 197
82 342
82 217
82 92
82 97
82 103
82 114
82 245
82 121
82 122
82 380
83 128
83 299
83 292
83 124
83 139
83 332
83 399
83 304
83 156
83 115
83 375
83 89
84 269
84 215
84 154
84 379
85 356
85 182
85 104
85 105
85 395
85 147
85 216
85 90
85 125
86 102
86 171
86 271
86 148
86 118
86 311
86 281
86 219
86 150
87 201
87 120
88 371
88 112
88 275
88 182
88 375
88 344
88 348
89 97
89 226
89 138
89 240
89 144
90 174
91 224
91 295
91 235
91 272
91 380
92 388
93 234
93 108
93 349
94 220
95 258
95 131
95 392
95 146
95 153
96 128
96 368
96 261
96 105
96 205
96 249
96 125
97 258
97 390
97 392
97 269
97 153
97 218
97 314
97 285
97 127
98 106
98 300
98 120
98 156
98 190
99 396
99 119
99 189
100 296
100 363
101 179
101 360
101 170
101 140
101 281
101 250
102 193
102 264
102 174
102 399
102 189
103 164
104 228
104 362
104 210
104 212
105 225
106 231
106 372
107 324
107 272
108 277
108 152
108 153
108 190
109 321
109 139
109 304
109 181
109 279
109 267
109 121
109 154
110 131
110 208
110 113
110 339
110 346
110 222
111 142
111 309
111 122
112 267
113 352
113 197
113 135
113 296
113 359
113 172
113 316
113 381
113 127
114 143
114 149
115 124
115 331
115 376
115 207
115 188
116 307
116 188
117 301
117 342
117 154
119 257
119 265
119 303
120 129
120 326
120 236
120 174
121 133
121 166
121 360
121 249
122 295
122 337
122 216
122 222
123 387
125 138
125 291
125 150
125 153
126 396
127 167
127 205
128 225
128 226
128 311
129 194
129 266
129 203
129 365
129 338
129 211
129 185
129 152
130 235
131 160
131 334
131 312
132 234
133 314
134 203
134 337
134 178
135 198
135 341
135 375
135 282
135 187
136 384
136 170
136 173
137 387
137 260
137 365
137 398
137 187
138 199
138 271
139 298
139 355
140 256
141 192
141 226
141 209
141 202
141 240
142 261
142 348
143 384
143 162
143 339
143 276
143 361
143 347
143 349
144 358
144 297
144 364
144 319
145 323
145 277
145 251
146 163
146 391
146 273
146 345
146 217
146 283
146 377
147 284
147 220
147 157
148 294
148 168
148 361
148 218
148 155
148 223
149 360
149 238
151 321
151 330
151 206
151 156
151 286
152 181
152 253
154 325
154 203
155 254
156 267
157 178
157 183
158 386
158 199
158 305
158 318
158 376
160 230
160 298
160 307
160 212
160 186
160 350
161 200
161 201
161 395
161 253
161 329
161 261
162 258
163 301
163 246
163 219
164 240
164 297
164 208
164 243
164 247
164 313
164 219
165 263
165 349
165 215
165 191
167 340
167 244
168 288
168 289
168 199
168 331
168 274
169 325
169 199
169 396
169 241
169 279
169 285
169 351
170 221
171 214
172 328
172 300
172 362
172 204
172 240
172 244
172 310
172 376
173 198
173 252
174 273
174 247
175 210
175 276
175 254
177 236
178 344
180 360
180 369
181 367
181 318
182 193
182 292
183 288
183 279
184 215
186 310
186 187
187 289
187 219
188 398
188 215
188 255
189 263
189 374
191 374
194 237
194 239
196 224
196 333
196 245
197 207
197 313
197 367
197 222
198 288
198 352
198 324
198 244
199 288
199 320
199 382
199 246
199 343
200 368
201 356
201 210
201 379
202 304
203 390
203 235
203 373
203 255
204 327
205 357
206 257
206 315
207 320
207 322
207 291
207 280
208 393
208 334
209 225
209 337
212 299
212 356
216 259
216 249
218 262
220 339
220 231
220 268
220 269
225 333
225 335
226 232
226 310
226 285
227 229
227 233
227 235
227 370
228 247
228 265
232 298
233 386
233 372
235 291
235 324
237 281
238 353
238 331
238 250
239 384
239 331
239 399
239 274
239 377
239 254
239 351
241 274
241 308
242 306
244 260
244 315
244 349
245 376
245 282
246 290
247 368
247 250
249 385
249 333
252 357
252 391
252 330
252 282
253 270
253 317
254 262
254 274
256 370
258 366
258 379
258 350
259 354
259 297
259 272
259 341
263 323
263 276
263 314
264 329
264 319
265 275
265 351
266 310
267 364
267 350
268 338
270 303
273 306
274 293
274 286
276 339
276 309
277 352
277 291
281 359
281 328
283 385
288 386
292 384
293 393
294 395
294 336
295 326
295 371
295 341
295 316
299 374
299 378
301 330
305 312
308 314
313 363
313 373
315 325
315 394
316 365
318 335
320 343
321 381
326 358
326 369
328 356
328 397
334 336
342 380
343 388
344 348
345 373
347 382
358 388
360 363
367 381
370 373
379 383
