0 640
0 770
0 4
0 5
0 6
0 8
0 11
0 528
0 401
0 414
0 156
0 158
0 1055
0 288
0 35
0 804
0 1158
0 806
0 807
0 28
0 42
0 555
0 304
0 307
0 180
0 181
0 566
0 697
0 828
0 931
0 577
0 204
0 337
0 419
0 85
0 825
0 858
0 347
0 350
0 103
0 232
0 361
0 107
0 108
0 115
0 376
0 895
1 1283
1 4
1 263
1 397
1 910
1 400
1 21
1 664
1 26
1 292
1 710
1 1191
1 552
1 1195
1 564
1 1140
1 443
1 317
1 838
1 841
1 330
1 205
1 721
1 1061
1 1122
1 622
1 116
1 246
1 121
2 4
2 5
2 6
2 7
2 8
2 12
2 15
2 16
2 17
2 18
2 20
2 533
2 27
2 28
2 29
2 32
2 33
2 36
2 37
2 45
2 61
2 1092
2 1099
2 1101
2 78
2 1108
2 1116
2 96
2 110
2 112
2 1140
2 127
2 644
2 134
2 139
2 652
2 1166
2 152
2 153
2 1179
2 668
2 669
2 158
2 1184
2 674
2 170
2 685
2 177
2 183
2 187
2 188
2 1213
2 1215
2 1218
2 712
2 209
2 734
2 223
2 748
2 237
2 1265
2 247
2 248
2 249
2 776
2 267
2 1297
2 795
2 817
2 808
2 815
2 305
2 839
2 339
2 365
2 890
2 893
2 383
2 400
2 430
2 950
2 441
2 954
2 958
2 456
2 972
2 995
2 488
2 489
3 4
3 5
3 6
3 7
3 8
3 407
3 13
3 18
3 532
3 25
3 152
3 153
3 774
3 799
3 1072
3 1186
3 803
3 37
3 39
3 169
3 300
3 301
3 1198
3 431
3 48
3 49
3 62
3 67
3 196
3 197
3 74
3 206
3 719
3 464
3 338
3 718
3 601
3 786
3 111
3 372
3 425
3 248
3 788
4 5
4 611
4 129
4 136
4 9
4 11
4 1218
4 14
4 17
4 19
4 404
4 277
4 406
4 23
4 25
4 699
4 668
4 133
4 422
4 40
4 169
4 391
4 44
4 303
4 560
4 1288
4 563
4 53
4 1079
4 440
4 59
4 714
4 63
4 832
4 194
4 963
4 1220
4 71
4 328
4 969
4 74
4 208
4 83
4 86
4 857
4 859
4 92
4 159
4 95
4 224
4 571
4 101
4 359
4 360
4 387
4 109
4 238
4 751
4 499
4 247
4 529
4 124
4 767
5 1153
5 6
5 7
5 8
5 9
5 10
5 267
5 642
5 173
5 294
5 1073
5 22
5 23
5 664
5 281
5 26
5 346
5 34
5 35
5 36
5 38
5 433
5 42
5 45
5 686
5 815
5 816
5 177
5 51
5 1205
5 822
5 649
5 56
5 57
5 58
5 188
5 830
5 343
5 1227
5 68
5 1093
5 1222
5 73
5 695
5 76
5 1009
5 466
5 675
5 1108
5 85
5 1238
5 215
5 88
5 218
5 1167
5 476
5 477
5 608
5 227
5 166
5 486
5 615
5 616
5 618
5 108
5 594
5 697
5 112
5 753
5 1235
5 501
5 502
5 503
5 120
5 1236
5 763
5 170
5 998
6 256
6 262
6 7
6 136
6 1266
6 10
6 395
6 12
6 142
6 1069
6 823
6 494
6 22
6 408
6 641
6 794
6 155
6 572
6 31
6 673
6 931
6 548
6 688
6 41
6 426
6 43
6 44
6 1010
6 558
6 304
6 1160
6 178
6 309
6 713
6 543
6 443
6 444
6 319
6 587
6 69
6 327
6 840
6 73
6 202
6 75
6 987
6 1231
6 466
6 534
6 725
6 346
6 475
6 1245
6 606
6 1247
6 352
6 610
6 611
6 741
6 359
6 489
6 999
6 809
6 110
6 624
6 113
6 140
6 756
6 117
6 169
6 501
6 1295
6 1150
6 247
7 9
7 10
7 11
7 14
7 16
7 17
7 18
7 19
7 20
7 21
7 1048
7 537
7 26
7 1199
7 28
7 30
7 31
7 32
7 34
7 549
7 556
7 45
7 46
7 47
7 50
7 52
7 566
7 61
7 62
7 63
7 64
7 523
7 580
7 69
7 71
7 585
7 74
7 75
7 76
7 78
7 86
7 603
7 610
7 614
7 102
7 529
7 109
7 111
7 625
7 627
7 630
7 134
7 1160
7 144
7 792
7 663
7 159
7 672
7 1187
7 1190
7 170
7 175
7 1203
7 180
7 182
7 189
7 191
7 1216
7 194
7 196
7 1223
7 722
7 215
7 731
7 221
7 222
7 735
7 226
7 227
7 1261
7 750
7 1264
7 1266
7 760
7 256
7 257
7 775
7 783
7 274
7 1070
7 278
7 280
7 288
7 804
7 318
7 323
7 327
7 331
7 848
7 338
7 739
7 347
7 354
7 868
7 361
7 362
7 877
7 373
7 374
7 887
7 379
7 386
7 387
7 395
7 909
7 916
7 918
7 921
7 413
7 421
7 937
7 940
7 438
7 447
7 960
7 588
7 459
7 972
7 479
7 487
7 1016
8 1153
8 727
8 392
8 9
8 10
8 663
8 12
8 13
8 1038
8 15
8 18
8 19
8 405
8 22
8 23
8 26
8 796
8 31
8 676
8 162
8 1047
8 36
8 679
8 41
8 1194
8 178
8 50
8 51
8 52
8 1077
8 969
8 57
8 826
8 187
8 61
8 1232
8 799
8 962
8 843
8 829
8 70
8 1224
8 457
8 75
8 206
8 781
8 80
8 612
8 722
8 83
8 334
8 87
8 984
8 473
8 218
8 271
8 220
8 650
8 609
8 100
8 229
8 1254
8 103
8 233
8 924
8 1003
8 236
8 878
8 367
8 368
8 753
8 1107
8 628
8 1013
8 745
8 890
8 123
8 1149
8 894
8 1279
9 641
9 262
9 265
9 13
9 527
9 17
9 277
9 150
9 919
9 24
9 900
9 157
9 287
9 32
9 162
9 942
9 1122
9 678
9 777
9 626
9 662
9 176
9 1204
9 54
9 55
9 965
9 444
9 191
9 192
9 197
9 713
9 823
9 845
9 79
9 88
9 89
9 349
9 769
9 1188
9 101
9 230
9 743
9 1128
9 105
9 874
9 236
9 1135
9 856
9 241
9 370
9 371
9 634
9 123
9 254
10 896
10 1287
10 363
10 777
10 11
10 908
10 13
10 14
10 938
10 273
10 427
10 19
10 148
10 21
10 281
10 153
10 618
10 1263
10 156
10 157
10 417
10 34
10 219
10 38
10 1265
10 168
10 796
10 170
10 43
10 760
10 1084
10 136
10 308
10 181
10 54
10 695
10 824
10 60
10 318
10 1128
10 704
10 65
10 66
10 801
10 331
10 461
10 269
10 791
10 337
10 82
10 212
10 87
10 344
10 771
10 91
10 1244
10 733
10 222
10 1125
10 1123
10 529
10 231
10 104
10 380
10 234
10 107
10 364
10 637
10 753
10 628
10 245
10 504
10 891
10 252
10 125
10 766
10 127
11 256
11 514
11 776
11 12
11 397
11 418
11 16
11 658
11 512
11 23
11 24
11 156
11 1207
11 30
11 231
11 34
11 549
11 166
11 39
11 42
11 44
11 45
11 46
11 48
11 689
11 414
11 310
11 55
11 641
11 955
11 1212
11 577
11 1089
11 1096
11 586
11 587
11 844
11 77
11 718
11 1101
11 209
11 219
11 348
11 862
11 479
11 224
11 1026
11 103
11 234
11 107
11 1167
11 1021
11 754
11 882
11 1281
11 639
12 1248
12 555
12 180
12 1057
12 489
12 141
12 14
12 15
12 16
12 104
12 52
12 149
12 955
12 25
12 27
12 30
12 685
13 391
13 141
13 15
13 387
13 24
13 27
13 797
13 31
13 544
13 35
13 36
13 166
13 433
13 681
13 43
13 174
13 605
13 392
13 50
13 53
13 56
13 186
13 187
13 650
13 800
13 1092
13 198
13 199
13 72
13 202
13 975
13 593
13 1167
13 93
13 869
13 38
13 519
13 362
13 647
13 110
13 1008
13 895
14 1091
14 261
14 787
14 20
14 21
14 289
14 675
14 48
14 305
14 179
14 594
14 65
14 66
14 835
14 710
14 200
14 713
14 79
14 81
14 82
14 343
14 857
14 1115
14 992
14 1125
14 744
14 361
14 109
14 623
14 1010
14 639
14 637
14 126
14 127
15 1033
15 270
15 527
15 401
15 274
15 148
15 151
15 536
15 155
15 29
15 30
15 798
15 40
15 688
15 817
15 947
15 542
15 696
15 570
15 708
15 454
15 73
15 930
15 1231
15 1208
15 467
15 729
15 1288
15 95
15 623
15 372
15 886
15 248
15 276
15 122
15 1021
15 638
16 132
16 261
16 262
16 265
16 526
16 143
16 20
16 661
16 772
16 24
16 409
16 158
16 1221
16 33
16 1186
16 164
16 293
16 167
16 812
16 303
16 790
16 438
16 313
16 442
16 60
16 447
16 576
16 325
16 353
16 78
16 1231
16 334
16 732
16 225
16 231
16 360
16 362
16 364
16 752
16 754
16 121
16 831
17 787
17 302
17 286
17 1056
17 556
17 46
17 1184
17 328
17 331
17 204
17 79
17 210
17 601
17 484
17 113
17 1171
17 118
17 122
18 261
18 521
18 266
18 1293
18 1172
18 154
18 33
18 39
18 40
18 810
18 598
18 93
18 1074
18 190
18 69
18 470
18 338
18 611
18 725
18 214
18 92
18 221
18 99
18 868
18 101
18 230
18 105
18 491
18 241
18 509
18 894
19 131
19 147
19 1177
19 27
19 801
19 163
19 166
19 555
19 559
19 688
19 1073
19 306
19 1084
19 138
19 63
19 64
19 833
19 1097
19 719
19 341
19 89
19 250
19 95
19 736
19 870
19 1212
19 492
19 114
19 884
19 1257
19 506
19 381
20 1156
20 390
20 904
20 272
20 1044
20 1173
20 25
20 1192
20 263
20 684
20 1072
20 309
20 310
20 953
20 58
20 700
20 62
20 705
20 1121
20 1031
20 1243
20 355
20 364
20 750
20 498
20 120
21 272
21 22
21 285
21 928
21 290
21 419
21 1062
21 168
21 171
21 813
21 50
21 56
21 400
21 709
21 225
21 460
21 469
21 1238
21 606
21 224
21 144
21 98
21 870
21 105
21 1130
21 237
21 114
21 378
21 764
22 135
22 652
22 273
22 146
22 660
22 150
22 283
22 542
22 290
22 551
22 42
22 47
22 190
22 68
22 711
22 72
22 76
22 332
22 464
22 211
22 889
22 856
22 89
22 93
22 741
22 1169
22 1257
22 121
22 1277
23 519
23 137
23 523
23 1293
23 195
23 1044
23 149
23 535
23 29
23 1183
23 690
23 180
23 952
23 57
23 959
23 1090
23 67
23 837
23 76
23 953
23 1111
23 381
23 663
23 119
23 1172
23 250
23 125
23 638
24 1292
24 1038
24 144
24 274
24 154
24 29
24 544
24 33
24 422
24 941
24 1201
24 312
24 967
24 851
24 729
24 349
24 1246
24 97
24 501
24 887
24 1278
25 145
25 275
25 667
25 28
25 802
25 39
25 939
25 940
25 49
25 58
25 444
25 196
25 209
25 1252
25 616
25 620
25 496
25 498
26 131
26 193
26 141
26 904
26 1174
26 796
26 286
26 160
26 1186
26 167
26 297
26 1068
26 49
26 755
26 182
26 65
26 482
26 1255
26 360
26 115
27 171
27 901
27 1143
27 148
27 150
27 794
27 283
27 38
27 167
27 1192
27 937
27 43
27 813
27 562
27 307
27 186
27 1085
27 964
27 711
27 200
27 203
27 846
27 1231
27 80
27 985
27 94
27 223
27 99
27 238
27 375
27 120
27 765
28 257
28 1162
28 269
28 782
28 789
28 32
28 1069
28 51
28 55
28 828
28 831
28 705
28 67
28 214
28 856
28 473
28 614
28 232
28 362
28 511
29 164
29 511
29 40
29 892
29 151
29 322
29 482
29 84
29 118
29 185
29 379
29 156
29 313
29 287
30 259
30 133
30 526
30 540
30 287
30 944
30 292
30 165
30 935
30 560
30 561
30 53
30 698
30 317
30 62
30 320
30 963
30 463
30 723
30 212
30 87
30 600
30 606
30 355
30 358
30 616
30 105
30 876
30 759
30 1291
31 1298
31 147
31 405
31 151
31 924
31 801
31 1243
31 41
31 299
31 429
31 53
31 1219
31 336
31 977
31 1107
31 91
31 1147
31 1124
31 369
31 626
31 122
31 891
32 772
32 521
32 1170
32 1048
32 666
32 801
32 37
32 41
32 426
32 943
32 819
32 566
32 58
32 1086
32 620
32 66
32 323
32 70
32 839
32 73
32 332
32 463
32 208
32 723
32 213
32 88
32 603
32 80
32 492
32 242
32 1065
33 1131
33 1041
33 217
33 413
33 164
33 37
33 680
33 298
33 59
33 957
33 65
33 333
33 1252
33 91
33 865
33 100
33 619
33 1009
34 128
34 642
34 262
34 1172
34 537
34 412
34 773
34 35
34 164
34 168
34 169
34 47
34 177
34 1074
34 51
34 54
34 184
34 314
34 59
34 650
34 1086
34 703
34 321
34 1035
34 68
34 329
34 344
34 1116
34 96
34 226
34 829
34 1276
35 512
35 134
35 268
35 282
35 239
35 795
35 1250
35 47
35 49
35 696
35 321
35 582
35 72
35 331
35 546
35 464
35 980
35 471
35 95
35 848
35 738
35 484
35 229
35 232
35 1259
35 365
35 367
35 639
36 838
36 297
36 746
36 375
36 460
36 98
36 892
36 304
36 85
36 726
36 279
36 1260
36 399
36 845
36 277
37 326
37 294
37 291
37 624
37 163
37 117
37 888
38 1088
38 289
38 67
38 712
38 811
38 635
38 786
38 931
38 315
38 123
38 413
39 385
39 130
39 261
39 264
39 137
39 781
39 927
39 160
39 161
39 44
39 46
39 52
39 311
39 574
39 64
39 194
39 324
39 199
39 74
39 1230
39 218
39 347
39 92
39 871
39 757
39 506
40 681
40 612
40 340
40 55
40 217
41 751
41 635
41 1063
41 252
41 1005
41 748
41 77
41 1052
41 271
41 337
41 1087
41 377
41 90
41 191
41 124
41 1082
41 1135
42 64
42 1058
42 483
42 100
42 454
42 833
42 1289
42 138
42 236
42 224
42 1198
42 86
42 759
42 1188
42 1271
42 805
43 132
43 139
43 813
43 276
43 534
43 155
43 1055
43 390
43 1201
43 553
43 173
43 945
43 820
43 56
43 954
43 316
43 138
43 193
43 71
43 968
43 1100
43 462
43 269
43 505
43 473
43 348
43 606
43 737
43 411
43 102
43 872
43 60
43 235
43 622
43 61
43 881
43 114
43 499
43 404
43 126
44 160
44 161
44 704
44 598
44 428
44 108
44 205
44 365
44 726
44 785
44 149
44 470
44 376
44 1113
44 461
44 541
44 125
45 683
45 68
45 211
45 300
45 818
45 1197
45 114
45 147
45 247
45 792
45 57
45 883
45 669
45 69
46 1216
46 1089
46 258
46 388
46 214
46 305
46 206
46 418
46 880
46 242
46 54
46 408
46 790
46 284
46 542
46 389
47 129
47 1220
47 886
47 615
47 364
47 109
47 142
47 1003
47 48
47 920
47 500
47 213
47 568
47 1127
47 380
47 990
47 159
48 897
48 644
48 263
48 523
48 143
48 279
48 1028
48 539
48 930
48 294
48 560
48 689
48 952
48 585
48 465
48 495
48 254
48 894
49 912
49 909
49 206
49 515
49 952
49 179
49 183
49 344
49 60
50 737
50 707
50 646
50 146
50 71
50 75
50 847
50 368
50 81
50 82
50 1239
50 311
50 1017
50 855
50 990
50 341
51 128
51 134
51 399
51 1045
51 280
51 411
51 1182
51 604
51 431
51 688
51 264
51 819
51 821
51 822
51 313
51 59
51 958
51 320
51 449
51 197
51 588
51 207
51 720
51 593
51 953
51 220
51 351
51 102
51 1020
51 243
51 116
51 1270
51 635
51 636
52 228
52 517
52 388
52 81
52 276
52 341
52 374
52 856
52 153
52 1179
52 541
53 257
53 798
53 451
53 789
53 137
53 1290
53 956
53 559
53 1139
53 211
53 468
53 446
53 1060
53 591
53 252
54 271
54 659
54 789
54 931
54 300
54 948
54 821
54 443
54 706
54 467
54 84
54 854
54 609
54 231
54 104
54 746
54 108
54 622
54 496
54 250
55 161
55 523
55 70
55 987
55 77
55 567
55 493
55 949
55 150
55 119
55 475
55 471
56 131
56 1028
56 140
56 399
56 272
56 403
56 533
56 924
56 293
56 174
56 175
56 947
56 311
56 195
56 324
56 710
56 216
56 610
56 613
56 113
56 250
56 1277
57 840
57 338
57 470
57 1119
57 284
57 767
58 256
58 66
58 643
58 204
58 83
58 158
59 135
59 265
59 268
59 1296
59 402
59 420
59 310
59 701
59 63
59 1185
59 1096
59 975
59 85
59 477
59 490
59 1133
59 1011
59 895
60 130
60 1037
60 789
60 534
60 538
60 1053
60 938
60 303
60 448
60 456
60 77
60 721
60 1106
60 596
60 88
60 220
60 106
60 237
60 242
60 115
60 500
60 629
60 1258
60 638
61 1185
61 72
61 435
61 980
61 181
61 136
61 698
61 638
62 192
62 848
62 1097
62 1101
62 110
62 80
62 1123
62 1234
62 467
62 558
62 820
62 1053
63 547
63 132
63 1187
63 394
63 171
63 876
63 557
63 653
63 83
63 810
63 154
63 1180
63 733
64 130
64 524
64 1037
64 301
64 528
64 1051
64 91
64 804
64 685
64 314
64 189
64 1093
64 1143
64 86
64 730
64 143
64 478
64 97
64 1063
64 113
64 119
64 656
64 379
65 867
65 1075
65 198
65 97
65 552
65 139
65 176
65 963
65 87
65 124
66 193
66 258
66 483
66 260
66 325
66 913
66 104
66 1100
66 141
66 687
66 570
66 433
66 378
66 510
66 155
66 93
66 94
67 267
67 1038
67 1169
67 259
67 285
67 1181
67 949
67 322
67 333
67 1105
67 82
67 213
67 214
67 90
67 603
67 1123
67 1124
67 1190
67 116
67 895
68 417
68 358
68 70
68 402
68 873
68 142
68 207
68 112
68 1074
68 210
68 1155
68 340
68 117
68 216
68 916
68 346
68 126
69 978
69 422
69 133
69 424
69 135
69 1245
69 369
69 212
69 597
69 697
69 90
69 890
69 94
69 1087
70 749
70 976
70 1044
70 184
70 932
70 926
70 1023
71 545
71 327
71 459
71 1256
71 204
71 106
71 140
71 210
71 557
71 1196
71 116
71 693
71 980
71 1147
71 188
72 129
72 513
72 144
72 915
72 1048
72 665
72 1178
72 415
72 288
72 422
72 183
72 184
72 574
72 834
72 1094
72 199
72 1098
72 1106
72 84
72 215
72 864
72 99
72 612
72 254
73 1154
73 1284
73 520
73 265
73 414
73 178
73 307
73 521
73 1211
73 444
73 800
73 201
73 78
73 81
73 339
73 100
73 102
73 106
73 238
74 322
74 630
74 678
74 239
74 742
74 242
74 419
74 437
74 182
74 228
75 500
75 1180
75 522
75 363
75 173
75 936
75 84
75 249
75 956
75 94
76 870
76 423
76 1103
76 536
76 185
76 380
77 1108
77 138
77 1273
77 79
77 140
77 756
77 1109
77 345
77 346
77 251
77 92
77 474
77 255
78 795
78 101
78 107
78 812
78 366
78 398
78 543
78 453
79 128
79 132
79 1287
79 655
79 659
79 665
79 154
79 540
79 1061
79 425
79 302
79 175
79 705
79 196
79 197
79 455
79 207
79 208
79 212
79 398
79 89
79 597
79 487
79 1137
79 499
79 383
80 162
80 1029
80 926
80 397
80 782
80 973
80 565
80 535
80 157
81 96
81 1092
81 103
81 266
81 434
81 176
81 905
81 568
81 906
81 127
82 420
82 562
82 462
82 1210
83 1286
83 1158
83 172
83 910
83 1139
84 1299
84 1197
84 851
85 271
85 657
85 152
85 299
85 303
85 178
85 691
85 308
85 824
85 185
85 453
85 198
85 455
85 457
85 1227
85 336
85 1245
85 996
85 614
85 230
85 1257
85 120
85 636
85 767
86 96
86 1063
86 365
86 787
86 438
86 122
86 1211
86 266
87 389
87 467
87 474
87 447
87 666
87 159
88 1025
88 1258
88 472
88 1014
88 248
89 964
89 966
89 396
89 592
89 595
89 1140
89 1205
89 1016
89 249
89 90
89 667
89 1117
90 320
90 353
90 98
90 545
90 779
90 142
90 1168
90 561
90 1163
90 253
90 1285
91 960
91 1284
91 1030
91 129
91 1288
91 649
91 277
91 410
91 163
91 172
91 319
91 578
91 118
91 291
91 97
91 1141
91 246
91 119
92 608
92 992
92 1133
92 965
92 1024
92 106
92 174
92 111
92 529
92 628
92 625
92 152
92 420
92 284
92 298
92 884
92 1221
93 192
93 861
93 746
93 299
93 322
93 642
93 596
93 533
93 279
93 1112
93 1172
93 1177
93 443
93 765
94 1026
94 259
94 515
94 535
94 792
94 421
94 807
94 1066
94 1208
94 1209
94 698
94 700
94 462
94 335
94 592
94 1112
94 229
94 147
94 630
95 130
95 264
95 649
95 1291
95 654
95 784
95 151
95 932
95 165
95 1198
95 1081
95 571
95 195
95 708
95 219
95 481
95 1251
95 743
95 744
95 497
95 126
96 163
96 452
96 145
96 137
96 98
96 971
96 111
96 146
96 915
96 1012
96 469
96 215
96 875
96 1060
96 282
96 699
96 125
97 1051
97 1093
97 519
97 617
97 234
97 139
97 842
97 1074
97 306
97 448
97 951
97 833
97 445
97 222
97 415
98 99
98 168
98 553
98 621
98 526
98 591
98 372
98 1078
98 702
98 735
99 1024
99 806
99 520
99 618
99 171
99 974
99 432
99 392
99 244
99 1144
100 1287
100 177
100 786
100 1115
100 1149
101 481
101 987
101 1257
101 266
101 816
101 115
101 1173
101 1161
101 985
101 186
101 539
101 668
101 378
101 510
102 293
102 157
103 554
104 1092
104 683
104 578
104 238
104 433
104 245
104 855
104 917
105 1121
105 707
105 996
105 934
105 396
105 690
105 857
105 500
105 670
105 665
105 1049
106 897
106 1154
106 393
106 656
106 1045
106 664
106 281
106 285
106 295
106 440
106 1083
106 340
106 469
106 727
106 345
106 400
106 315
106 503
106 382
107 1036
107 143
107 401
107 1175
107 798
107 553
107 430
107 1081
107 1085
107 1096
107 585
107 472
107 985
107 1248
107 225
107 226
107 230
107 145
107 488
107 112
107 243
107 1269
107 118
108 672
108 488
108 1296
108 1137
108 659
108 149
108 1118
108 757
109 518
109 135
109 148
109 117
109 470
109 1145
109 251
110 131
110 424
110 955
110 369
110 179
110 963
110 727
110 123
110 445
110 287
111 640
111 772
111 133
111 390
111 1288
111 515
111 417
111 830
111 1216
111 865
111 461
111 659
111 1273
111 915
111 479
111 481
111 355
111 1132
111 243
111 761
111 510
112 482
112 208
112 465
112 930
113 1121
113 645
113 752
113 1174
113 186
114 596
114 181
114 183
114 632
114 1018
114 1109
115 864
115 457
115 205
115 973
115 121
116 896
116 165
116 202
116 173
116 253
116 882
116 373
116 1251
116 699
116 1244
116 189
116 485
117 577
117 167
117 1110
118 449
118 386
118 1126
118 296
118 425
118 588
118 717
118 1117
118 920
119 128
119 1258
119 416
119 124
119 925
119 734
120 834
120 634
120 228
120 423
120 648
120 356
120 941
120 1197
120 246
120 505
120 345
120 602
120 253
121 260
121 160
121 676
121 1072
121 568
121 1209
121 1082
121 1090
121 451
121 326
121 977
121 339
121 218
121 219
121 485
121 229
121 337
121 1255
121 894
122 872
122 653
122 1134
122 275
122 314
123 1280
123 466
123 1017
124 162
124 1127
124 554
124 1281
124 1293
124 306
124 191
125 1091
125 967
125 296
125 235
125 1073
125 532
125 1192
125 554
126 809
126 299
126 275
126 1208
126 537
126 1020
127 544
127 672
127 172
127 450
127 925
127 336
127 595
127 829
128 243
128 508
128 350
129 451
129 933
129 426
129 879
129 324
129 316
130 872
130 458
130 871
130 590
130 591
130 666
130 815
130 188
130 1050
131 161
131 1218
131 572
131 439
131 241
131 564
131 1142
131 407
131 476
131 509
131 318
132 516
132 583
132 904
132 145
132 530
132 788
132 1113
132 879
132 785
132 189
133 1157
133 577
133 1274
133 607
134 1060
134 424
134 940
134 515
134 625
134 850
134 629
134 278
134 798
135 450
135 454
135 715
136 546
136 421
136 497
136 1000
136 329
136 873
136 237
136 477
136 465
136 850
136 403
136 471
136 217
136 829
136 915
136 254
137 928
137 514
137 1259
137 613
137 200
137 1250
137 267
137 760
137 559
137 273
137 914
137 216
137 793
137 475
137 1191
137 1055
138 706
138 195
138 324
138 1225
138 270
138 528
138 146
138 951
138 249
138 458
140 936
140 690
140 314
141 736
141 1241
141 878
141 906
141 269
141 846
141 1299
141 597
141 1017
141 1080
141 217
141 783
141 415
142 615
142 1265
142 465
142 1274
143 673
143 1067
144 581
144 1030
144 359
144 394
144 428
144 1263
144 918
144 1118
144 831
145 1251
145 1203
145 680
145 332
145 172
145 1264
145 626
145 211
145 405
145 457
145 478
145 282
145 187
145 350
146 962
146 355
146 328
146 946
146 526
146 627
146 245
146 1079
146 185
146 1087
146 309
147 760
147 530
147 728
147 699
148 203
149 834
149 1073
149 586
149 270
149 220
149 1034
150 343
150 459
150 484
150 617
150 695
150 1127
150 369
150 1010
150 279
150 990
150 255
151 675
152 1184
152 228
152 493
152 399
152 563
152 308
152 568
152 819
153 1122
153 233
153 205
153 525
153 880
153 1043
153 949
153 938
153 190
154 200
154 1129
154 240
154 244
154 823
154 1114
154 959
154 317
155 968
155 404
155 184
155 468
155 255
156 384
156 939
156 358
156 945
156 244
156 251
157 257
157 582
157 268
157 434
157 766
157 447
158 176
158 202
158 942
158 861
158 384
158 1236
158 1194
158 343
158 445
159 901
159 203
159 492
159 308
159 1050
159 283
159 413
159 1150
160 480
160 292
160 842
160 1095
160 272
161 428
161 631
161 845
161 654
161 209
161 718
161 758
161 252
162 240
162 165
162 353
162 1002
162 1245
162 370
162 661
162 410
162 319
162 957
162 862
162 223
163 199
163 393
163 1242
163 702
164 352
164 1002
164 814
164 509
164 593
164 786
165 512
165 774
165 747
165 396
165 1007
165 498
165 179
166 489
166 531
166 745
166 472
166 761
166 670
167 976
167 326
167 270
167 504
167 506
167 670
168 736
168 193
168 774
168 551
168 1020
168 864
168 780
168 174
168 911
168 753
168 370
168 1110
168 439
168 859
168 636
168 853
169 545
169 838
169 361
169 524
169 514
169 1230
169 371
169 407
169 452
169 858
169 797
170 290
170 482
170 788
170 383
171 421
171 615
171 971
171 620
171 429
171 621
171 749
171 773
171 278
171 1212
171 221
172 192
172 321
172 251
172 975
172 593
172 460
172 175
172 498
172 991
173 418
173 342
173 998
173 201
173 298
173 908
173 493
173 974
173 579
173 182
173 233
173 825
173 374
173 253
173 293
174 897
174 578
174 356
174 198
174 1281
174 1019
175 869
175 1130
175 1226
175 382
176 423
176 855
176 784
176 727
176 889
176 1151
176 446
176 1087
177 384
177 640
177 194
177 655
177 1084
178 395
178 1164
178 655
178 240
178 649
178 373
179 1184
179 611
179 260
179 806
179 745
179 339
179 619
179 1102
179 591
179 1164
179 275
179 1276
179 508
180 484
180 296
180 363
180 717
180 914
180 309
180 412
181 385
181 1043
181 292
181 627
181 351
182 1283
182 1160
182 685
182 661
182 283
182 1178
182 1055
182 291
182 420
182 297
182 1195
182 689
182 190
182 449
182 1094
182 348
182 352
182 739
182 997
182 366
182 625
182 891
183 302
183 824
184 800
184 1157
184 1222
184 497
184 210
184 531
184 441
185 328
185 1168
186 273
187 576
187 1005
188 480
188 513
188 258
188 419
188 588
188 207
188 945
188 579
188 382
189 481
190 232
190 1099
190 1215
190 648
190 933
190 571
190 286
190 677
191 1267
191 548
191 1189
191 552
191 778
191 935
191 1166
191 1107
191 311
191 889
191 730
191 1086
192 644
192 301
192 947
192 758
192 201
193 227
193 1193
193 1098
193 461
193 1256
193 754
193 899
193 213
193 939
193 222
194 201
194 396
194 991
195 483
195 295
195 456
195 494
195 497
195 1204
195 342
195 505
196 546
196 203
196 1122
196 590
196 1142
196 847
198 290
198 1253
198 844
198 556
198 1016
198 730
199 325
199 235
199 307
199 598
199 803
199 357
200 868
200 295
200 1096
200 491
200 1052
200 445
201 452
201 550
201 756
201 280
201 987
202 1004
202 621
202 430
202 687
202 671
203 1155
203 773
203 652
203 658
203 771
203 536
203 435
203 312
203 570
203 323
203 839
203 456
203 349
203 479
203 743
203 234
203 887
203 633
204 827
204 1014
204 360
204 1167
204 276
204 437
204 694
204 507
204 917
205 448
205 226
205 1222
205 423
205 522
205 557
205 814
205 1005
205 377
205 1071
205 769
205 957
206 216
206 697
207 802
207 997
207 233
207 886
208 752
208 1001
208 241
208 919
208 570
209 352
209 1222
209 493
209 278
209 223
210 677
210 782
211 651
211 694
211 296
211 490
211 491
211 1004
211 917
212 1027
214 994
214 647
214 404
214 255
215 225
215 323
215 740
215 897
215 395
215 1292
215 1294
215 427
215 671
216 1280
216 450
216 295
216 522
216 1295
216 592
216 405
216 407
216 1179
216 317
216 1077
217 388
217 302
217 439
217 221
218 808
218 406
218 956
219 260
219 677
219 239
219 240
219 408
219 282
219 858
220 835
220 913
220 268
220 494
220 536
220 1268
220 376
220 867
220 437
221 491
221 424
221 551
222 356
222 776
222 809
222 909
222 784
222 661
222 819
222 667
222 693
223 1200
223 245
223 1178
223 1018
223 349
224 513
224 227
224 869
224 914
224 836
224 938
225 1188
225 412
226 993
226 550
226 1228
226 757
226 569
226 441
227 541
228 514
228 326
228 648
228 811
228 1101
228 750
228 394
228 1246
229 805
229 1193
229 716
230 289
230 645
230 556
230 1135
230 502
230 573
230 286
230 1279
231 841
231 335
231 821
231 905
231 281
231 1103
231 1279
232 453
232 235
232 525
232 239
232 274
232 468
232 535
232 1240
233 559
233 531
233 1014
234 745
234 236
234 368
234 375
234 1049
235 768
235 807
235 595
235 917
235 825
235 604
235 979
235 703
236 1139
236 709
236 902
236 300
236 904
236 371
236 1076
236 1108
236 922
236 635
236 284
236 1183
236 1061
237 1064
237 1011
237 244
237 1114
237 735
238 1267
238 715
238 367
238 912
238 1203
238 761
238 316
239 874
239 851
239 532
239 394
239 319
240 518
240 564
240 408
240 602
240 415
241 1029
242 321
242 485
242 1259
242 403
242 569
242 298
243 1254
243 1007
243 607
244 1094
244 264
245 737
245 623
245 246
245 409
245 1179
245 508
246 961
246 1128
246 367
246 335
246 495
247 341
247 822
247 280
247 516
247 988
247 543
248 259
248 386
248 1085
248 662
248 730
248 527
248 573
249 800
249 391
249 377
249 607
250 354
250 1283
250 520
250 584
250 1002
250 747
250 429
250 552
250 762
250 285
250 1022
251 459
252 452
252 709
252 680
252 1015
252 1036
252 1102
252 1256
252 681
252 600
252 580
252 1082
252 542
252 1077
253 258
253 330
253 402
254 653
255 705
255 354
255 357
255 843
255 670
256 896
256 898
256 1218
256 1262
256 373
256 1174
256 511
257 579
258 1270
258 986
259 1120
259 354
259 581
259 327
259 655
259 344
259 1106
259 451
259 724
259 631
259 1145
259 767
259 1115
259 703
260 416
260 704
260 520
260 846
260 533
260 374
260 313
260 1144
260 1205
261 645
261 1195
261 1253
262 516
262 263
262 682
262 539
263 325
263 716
263 669
263 446
264 768
264 621
264 371
264 1083
265 437
265 503
266 291
266 679
266 306
266 410
267 301
269 711
269 392
269 1033
269 305
269 724
269 1077
269 986
270 640
270 297
270 334
270 560
270 585
270 1112
270 701
271 480
271 842
271 907
271 366
271 785
272 391
272 654
272 464
272 1238
273 436
274 1197
274 342
274 471
274 1211
274 383
275 1036
275 1201
275 340
275 857
276 592
277 891
277 775
277 644
277 501
277 538
277 1181
278 768
278 641
278 1051
278 713
278 403
278 596
278 885
278 439
278 475
279 304
279 1062
279 1009
279 733
279 849
279 564
279 981
279 1207
279 580
279 442
280 288
280 289
280 898
280 503
280 1250
280 368
280 981
280 826
280 351
281 833
281 643
281 871
281 334
281 335
281 378
281 860
282 416
282 868
282 1285
282 486
282 353
282 1153
282 714
282 779
282 494
282 1195
282 791
282 504
282 906
282 1239
283 1126
283 425
283 586
283 613
283 951
283 751
283 446
284 1228
285 965
285 294
285 907
285 814
285 879
286 320
286 645
286 876
286 757
286 375
287 728
289 315
290 1120
290 450
290 435
290 990
291 1280
291 656
291 539
291 1181
291 1183
291 544
291 810
291 351
291 574
291 1215
291 964
291 974
291 472
291 549
291 739
291 486
291 624
291 318
292 1067
292 613
292 358
292 426
292 715
292 1261
292 590
292 944
292 691
292 980
292 312
293 1030
293 1105
293 913
293 436
294 743
294 905
294 431
294 310
294 922
295 558
295 1201
295 402
295 602
297 1159
297 525
297 401
297 1272
297 1247
298 1035
298 431
298 631
299 646
299 614
299 333
299 589
299 837
299 966
300 384
300 738
300 487
300 398
300 434
300 627
300 1175
300 1210
300 603
300 1021
301 654
301 608
301 988
301 381
302 1027
302 683
302 574
304 547
304 999
304 712
304 329
304 793
304 356
304 507
305 835
305 913
305 438
305 1207
306 1088
306 724
306 1015
306 345
306 330
307 960
307 706
307 579
307 997
307 710
307 630
307 766
308 1152
308 929
308 852
308 1274
308 922
308 330
309 875
310 315
310 1156
310 359
311 834
311 740
311 812
311 1119
311 455
311 332
311 312
311 826
311 839
311 734
312 329
312 693
312 793
312 347
312 316
313 994
313 357
313 1000
313 333
313 397
313 794
313 863
314 582
314 989
314 1104
314 755
314 502
314 348
314 602
315 576
315 900
315 393
315 1170
315 1075
315 1049
315 554
316 814
316 838
316 1159
316 681
316 462
316 463
316 978
316 982
316 1015
316 411
317 770
318 928
318 806
318 619
318 940
318 1295
318 1233
319 791
319 749
319 622
319 599
320 910
320 883
321 551
321 380
321 647
321 594
321 949
321 476
322 385
322 674
322 714
322 748
322 589
322 1165
322 633
322 478
322 637
323 454
323 731
323 575
324 651
324 385
324 1232
324 429
324 1008
324 1272
324 545
324 999
324 474
324 565
325 336
325 363
325 1158
325 1237
325 342
326 970
326 430
326 468
326 477
328 490
328 740
328 599
328 892
329 860
330 643
330 682
332 968
332 1268
332 599
332 572
333 357
333 929
333 492
333 460
333 755
333 411
333 701
334 350
336 584
337 1010
337 1171
337 1013
337 409
337 732
337 926
337 1193
338 428
338 366
338 734
339 580
339 1136
339 478
340 772
340 953
340 1226
340 1247
341 995
342 490
342 1039
342 1241
342 543
343 1180
343 1103
343 791
343 409
343 700
344 768
344 998
344 518
344 583
344 651
344 589
344 944
344 778
344 1233
344 469
344 1067
344 440
344 706
344 1146
344 1147
344 381
344 959
345 914
345 849
346 647
346 1080
346 851
346 728
347 903
347 1114
347 510
348 905
348 495
348 376
348 1178
349 1206
349 1017
349 1214
350 935
351 726
351 410
351 700
352 687
352 859
352 863
353 387
353 698
353 466
353 370
353 738
354 1046
356 416
356 866
356 803
356 612
356 582
356 524
356 749
356 849
356 435
356 1204
356 986
357 900
358 1204
358 427
358 372
358 504
359 382
360 983
360 377
360 442
361 818
362 1203
363 898
363 432
363 1171
363 506
363 763
363 618
364 417
364 932
364 805
364 673
364 1249
364 436
364 379
365 1194
366 584
366 1293
366 1233
367 804
367 519
367 1036
367 691
367 567
367 923
367 575
369 936
369 777
369 1004
369 662
369 701
370 865
370 811
370 590
370 692
370 888
370 729
371 386
371 453
371 427
371 1234
371 569
371 1083
372 967
372 978
372 483
372 508
373 1270
373 1118
374 836
374 1260
374 1229
374 1075
374 605
374 1151
375 511
376 818
376 969
377 769
377 821
377 575
377 607
378 388
378 390
378 802
378 678
378 406
378 847
378 1276
378 925
378 965
379 480
379 658
379 733
379 434
380 610
380 836
380 1129
380 1263
381 668
382 1024
382 389
382 524
382 589
382 1046
382 827
382 476
382 605
383 922
383 1117
385 863
386 737
386 1259
386 583
386 1129
386 920
386 562
386 729
386 893
387 1091
387 393
387 499
387 516
388 389
388 1062
388 458
388 762
389 1168
389 617
389 779
389 398
389 1136
389 991
389 702
390 1234
391 448
391 432
391 877
391 495
391 916
391 629
391 406
391 601
391 957
392 900
392 1162
392 722
393 928
393 1267
393 717
393 598
393 572
393 703
394 1138
395 1286
395 999
395 1298
395 555
395 1132
395 941
395 849
395 948
396 776
396 599
396 850
396 473
396 581
397 1115
397 722
397 921
397 1019
398 1279
399 736
399 874
399 1291
399 813
399 1200
399 441
400 1051
400 742
400 686
400 532
400 955
400 604
401 619
401 882
402 763
402 1001
402 412
402 541
403 934
403 1235
404 961
404 808
404 691
404 664
404 1156
406 512
406 970
406 1143
406 1015
407 1034
407 877
407 1297
407 436
407 521
407 414
408 1156
408 562
409 689
409 783
410 1260
410 418
410 569
410 442
411 911
412 548
412 624
412 950
412 1012
412 509
413 1088
413 747
413 843
414 626
414 735
415 1040
415 902
415 911
415 1210
416 522
416 844
416 1134
416 888
416 925
417 1249
417 1202
418 1285
418 1041
418 750
418 636
418 671
419 770
419 764
419 1003
419 684
419 690
420 692
421 866
421 587
421 581
421 486
421 553
421 586
421 558
421 496
421 1097
421 1075
421 822
421 601
421 1176
421 537
421 683
421 1159
421 1253
422 1217
422 899
422 455
422 746
422 732
423 656
423 432
423 1212
425 1009
425 787
425 854
426 463
426 892
426 830
427 950
427 1208
427 538
427 989
428 1006
428 927
429 549
429 487
429 662
429 763
430 1193
430 1068
430 815
430 1042
430 600
430 669
431 1284
431 540
431 861
431 575
432 488
433 962
433 984
433 440
434 933
434 1095
435 1196
435 885
435 474
436 992
436 709
436 1211
437 646
437 848
437 561
437 1141
437 1225
438 741
438 1043
440 721
440 632
440 1150
441 1158
441 458
441 1173
442 802
442 1189
442 650
442 595
442 927
442 1162
442 671
443 870
443 721
444 682
444 983
444 910
444 1299
445 550
445 449
445 1031
445 716
445 919
445 634
446 865
446 578
446 1126
447 1289
447 682
447 903
447 1044
447 893
448 528
448 567
448 1209
448 1019
448 637
449 530
449 534
450 1182
450 862
450 1023
450 1277
450 958
451 1000
452 609
452 1186
452 731
452 527
452 1106
452 507
453 609
454 513
454 517
454 525
454 945
454 1275
455 678
456 1076
456 566
456 1022
457 1163
457 1263
457 1064
458 1061
459 1248
459 1071
459 820
459 692
460 899
460 496
460 1011
461 507
461 959
462 961
462 716
462 1299
464 1171
464 773
464 1276
467 1001
467 715
467 812
467 1298
467 695
467 1244
468 837
468 1210
468 1149
469 485
469 679
469 1006
470 738
470 502
470 1175
470 797
471 583
471 792
471 505
473 576
473 646
473 587
473 1165
473 648
473 597
475 548
475 660
475 540
476 994
478 907
478 797
479 877
480 890
480 1018
481 1290
481 875
481 759
481 633
481 1215
481 1052
482 594
483 853
483 1109
483 565
484 518
484 707
484 923
485 517
485 1126
485 871
485 1132
486 1225
487 565
488 994
489 1188
489 530
489 1275
490 531
492 863
493 1242
493 1105
493 657
493 1130
493 1177
493 538
493 817
494 866
494 1176
495 1146
496 1163
496 1157
497 832
497 881
497 946
498 832
498 1251
498 1136
499 983
500 752
500 885
501 961
501 517
501 561
502 546
502 1150
503 643
503 975
505 1028
505 1256
505 810
505 781
505 982
506 1066
507 547
507 741
508 1104
509 608
509 764
509 686
509 724
509 573
510 584
510 1046
510 889
511 547
511 937
512 777
512 1230
512 1187
512 1012
512 1140
513 1199
514 616
514 923
515 841
515 1163
516 550
518 898
518 1169
518 882
518 573
520 1142
520 708
521 1152
521 818
521 984
523 720
523 934
523 1032
523 684
523 824
524 973
524 1076
524 1207
525 781
525 918
526 970
527 567
529 1297
529 731
530 1025
531 774
531 600
531 1107
532 674
532 744
532 563
532 660
532 1237
533 974
533 658
533 924
534 907
534 1155
535 1041
535 788
537 875
537 948
537 982
537 663
537 826
537 1157
538 557
539 604
539 1182
540 1088
540 1154
540 1278
540 758
542 996
544 675
544 726
545 1098
545 653
545 1070
545 854
545 1239
545 1054
546 651
546 1072
546 828
547 1081
548 799
549 1040
550 1277
551 1262
551 702
552 1136
552 563
553 756
554 1025
554 1131
554 1235
555 620
555 887
555 632
555 1243
556 880
557 1026
557 869
558 932
558 976
558 696
558 1241
559 1057
559 1013
560 1177
560 1112
560 921
561 1119
562 694
562 765
562 1214
563 1160
564 674
564 1187
564 1064
564 873
564 989
564 723
564 1141
564 634
564 1295
564 986
564 799
565 673
565 859
565 571
566 1206
566 1031
566 982
567 686
568 837
568 881
568 1260
568 850
568 628
569 993
569 758
569 1271
570 912
570 1059
570 1289
570 1234
570 981
571 1090
571 617
571 684
571 1168
571 754
572 896
572 1255
572 908
572 1005
572 780
573 827
574 885
574 1078
574 858
574 639
575 692
576 934
577 1027
577 1131
579 775
579 1192
579 879
579 1111
579 1011
580 1225
580 623
581 712
582 765
582 665
584 679
584 660
584 1080
585 1081
586 676
587 771
588 1194
588 631
589 1240
589 793
590 1094
590 1045
590 991
592 971
593 1039
593 952
593 605
595 1023
597 1254
598 968
602 1239
602 911
602 983
603 841
603 751
604 1265
604 947
605 1190
608 808
608 1039
608 976
608 823
609 1113
609 766
612 642
613 672
613 1034
613 1084
614 629
616 711
616 1039
616 677
617 1213
618 657
620 720
620 657
621 1032
622 842
622 1166
622 1043
623 1220
623 1046
624 944
624 1021
625 832
625 969
627 718
627 1120
627 1250
627 846
627 1137
627 1048
627 1022
628 633
629 632
630 1034
631 1282
631 1016
632 840
634 764
635 770
636 809
636 1069
636 696
638 1232
639 707
640 652
640 946
640 1007
641 782
641 795
642 1022
643 1037
643 921
643 1151
644 740
644 1038
644 919
644 666
645 1248
645 676
645 778
647 920
648 1116
649 878
651 725
651 827
652 714
652 693
652 828
653 1066
653 939
653 1100
653 878
653 943
653 1105
653 979
653 1111
653 761
653 667
654 978
654 762
654 956
655 964
655 680
656 1185
656 725
657 694
657 860
657 1053
658 1058
658 899
658 1223
660 739
660 1110
660 844
660 687
660 744
660 1059
663 852
663 1206
663 796
664 1214
665 1154
665 742
666 1190
666 880
667 747
668 1294
669 1264
669 1141
669 1180
670 1161
671 902
671 1229
672 790
673 1031
673 1202
673 860
674 817
675 1199
675 719
676 903
676 937
676 1223
676 1070
676 1226
676 933
677 769
677 996
677 1006
677 872
679 1145
680 783
680 825
681 1243
682 1047
685 771
686 775
686 981
687 719
687 1014
688 995
689 779
689 717
690 1065
692 704
692 816
692 755
692 853
692 1142
692 759
692 989
692 1086
696 708
696 972
697 1000
699 916
700 864
700 836
701 867
701 1125
701 1286
701 1037
701 1047
702 1133
702 732
703 929
703 785
704 816
704 1013
704 1116
704 1151
707 803
707 967
710 811
711 926
713 843
713 723
714 923
716 762
718 1283
719 720
719 884
719 728
720 835
720 780
720 1068
720 883
720 972
722 805
723 840
723 748
724 942
725 1047
725 1023
727 742
728 992
728 1095
728 1085
729 778
732 852
732 1110
734 1093
734 1223
735 1062
735 1078
736 780
737 881
737 950
737 951
739 903
740 1292
741 1268
743 1057
743 1064
745 1082
746 1056
746 845
746 1138
749 1254
749 901
749 1228
749 784
749 1111
752 1155
754 962
754 1008
754 1161
754 1229
754 988
754 1029
755 854
756 1164
756 977
757 1071
757 1170
757 1242
757 1083
760 1099
761 874
764 1119
765 884
767 807
767 794
769 1284
770 1153
770 1238
770 886
771 866
771 1134
771 1071
772 1232
772 876
772 954
773 909
773 1219
773 862
774 1216
774 1217
776 958
777 831
778 1124
778 1029
778 1224
783 1247
785 929
785 790
785 855
785 1272
786 1089
787 893
788 1032
789 1067
789 1050
790 1040
791 852
791 1054
792 1143
793 1078
793 988
796 1271
796 1149
797 1008
798 1109
801 993
801 1170
803 820
804 930
806 941
807 861
809 1059
809 1252
810 847
810 1113
816 1275
820 908
821 1102
823 1001
823 853
823 873
823 830
824 1033
826 942
826 984
828 1065
828 1066
829 1098
832 1058
832 1118
834 1100
834 943
838 1152
839 1189
839 888
840 1030
840 1053
841 1196
843 997
843 902
843 1296
845 1132
845 1162
846 1144
846 979
849 1176
853 1278
855 883
856 1137
857 1219
857 946
860 1148
861 1006
862 867
866 912
866 948
868 1199
868 1045
869 1097
869 1117
870 1058
870 1266
870 1018
871 1264
874 1161
876 1104
877 1290
878 1133
878 943
879 1138
880 1035
880 1166
881 1274
882 960
882 1089
882 1063
883 1233
884 1040
885 1042
887 1049
889 1191
889 1131
890 901
891 1226
891 1135
892 1095
893 1289
893 906
893 1262
895 1033
896 1028
896 1079
899 1240
900 1139
900 1145
901 1065
901 1103
904 1069
904 1165
910 1221
911 936
911 927
913 1219
913 954
914 970
914 979
915 1227
916 918
916 1206
916 1244
917 1191
917 1290
917 1275
919 1287
922 1269
927 966
927 1235
930 998
930 1272
931 1182
932 1174
933 1159
934 935
935 1003
936 1090
938 1269
939 1060
940 1198
940 1262
941 1020
942 1227
943 1032
943 1148
944 1052
948 1026
948 1173
948 1054
953 1217
955 1125
955 1230
956 971
956 1012
958 985
961 966
961 1004
962 1027
962 973
963 1114
964 1129
964 977
964 1175
965 1050
967 1146
969 1042
972 995
978 1236
980 993
980 1220
982 1024
984 1035
985 1025
985 1261
987 1202
988 1221
988 1246
989 1165
989 1200
990 1070
991 1007
995 1296
1000 1002
1002 1255
1008 1068
1008 1271
1010 1019
1012 1164
1014 1080
1014 1273
1015 1121
1015 1099
1015 1213
1018 1152
1019 1041
1020 1169
1023 1042
1024 1056
1024 1246
1024 1214
1025 1054
1029 1280
1035 1057
1036 1282
1039 1124
1039 1278
1041 1127
1041 1196
1042 1091
1051 1249
1052 1102
1053 1282
1053 1236
1053 1079
1053 1241
1054 1056
1054 1059
1061 1189
1061 1297
1062 1128
1063 1268
1067 1120
1067 1249
1067 1224
1067 1144
1067 1237
1069 1213
1070 1237
1071 1298
1072 1176
1073 1076
1074 1183
1077 1266
1078 1292
1079 1217
1083 1123
1083 1269
1085 1148
1085 1240
1090 1104
1090 1202
1096 1148
1105 1291
1105 1228
1105 1229
1107 1273
1115 1209
1118 1130
1119 1282
1126 1134
1130 1286
1133 1147
1135 1200
1135 1138
1138 1205
1138 1146
1145 1258
1145 1294
1149 1253
1164 1281
1166 1181
1176 1185
1179 1252
1192 1224
1198 1242
1211 1267
1218 1294
1247 1285
1247 1261
1251 1270
