0 1
0 2
0 3
0 5
0 7
0 8
0 10
0 11
0 12
0 16
0 1557
0 22
0 24
0 1051
0 28
0 29
0 30
0 517
0 2132
0 34
0 1571
0 36
0 37
0 39
0 2093
0 861
0 560
0 562
0 563
0 569
0 572
0 62
0 2111
0 64
0 65
0 1092
0 70
0 71
0 1097
0 1612
0 591
0 593
0 1106
0 83
0 596
0 85
0 953
0 90
0 186
0 606
0 1808
0 101
0 615
0 1640
0 108
0 1647
0 1649
0 632
0 123
0 2174
0 1664
0 641
0 136
0 649
0 1165
0 153
0 154
0 155
0 1185
0 2076
0 1523
0 690
0 179
0 185
0 698
0 194
0 708
0 712
0 1746
0 212
0 1401
0 220
0 223
0 1218
0 1775
0 756
0 1793
0 1795
0 784
0 275
0 278
0 1817
0 283
0 799
0 1312
0 1315
0 807
0 988
0 299
0 1837
0 814
0 815
0 823
0 841
0 843
0 332
0 339
0 349
0 863
0 1936
0 2022
0 871
0 875
0 1912
0 377
0 382
0 902
0 1416
0 905
0 1933
0 400
0 913
0 1428
0 919
0 1946
0 928
0 929
0 930
0 1443
0 1450
0 941
0 1456
0 1969
0 435
0 1972
0 1975
0 441
0 447
0 1473
0 1476
0 1441
0 1356
0 975
0 1490
0 469
0 1017
0 1103
0 476
0 482
0 1510
0 491
0 1004
0 2029
0 498
0 1363
0 504
0 505
1 1524
1 1927
1 1673
1 650
1 2193
1 20
1 406
1 27
1 33
1 422
1 40
1 42
1 427
1 46
1 821
1 438
1 1208
1 313
1 314
1 315
1 193
1 417
1 456
1 842
1 1229
1 78
1 977
1 1234
1 467
1 88
1 93
1 1659
1 2148
1 294
1 110
1 112
1 1960
1 1268
1 1275
1 1020
1 1278
2 137
2 2188
2 430
2 631
2 538
3 4
3 1798
3 135
3 652
3 158
3 35
3 423
3 169
3 554
3 556
3 177
3 54
3 1600
3 1733
3 92
3 209
3 210
3 2003
3 1109
3 982
3 1881
3 860
3 222
3 2016
3 1127
3 1901
3 1776
3 502
3 124
4 32
4 1396
4 234
4 812
4 18
4 1267
4 116
4 439
4 84
5 385
5 514
5 262
5 1708
5 1419
5 1666
5 17
5 148
5 21
5 1174
5 409
5 25
5 31
5 289
5 932
5 6
5 1704
5 44
5 1970
5 47
5 816
5 50
5 51
5 1246
5 310
5 56
5 1375
5 1470
5 575
5 1220
5 709
5 1094
5 1482
5 1611
5 846
5 1360
5 344
5 94
5 677
5 1760
5 2107
5 100
5 2152
5 238
5 496
5 242
5 371
5 501
5 1142
5 1909
6 375
7 288
7 1049
7 778
7 1492
7 13
7 175
7 145
7 180
7 343
7 340
8 611
8 9
8 1262
8 1744
8 115
8 346
9 96
9 66
9 1316
9 1573
9 466
9 656
9 146
9 1890
9 628
9 1781
9 1047
9 26
9 1754
9 63
10 771
10 38
10 106
10 300
10 14
10 274
11 109
12 1920
12 43
12 1878
12 23
12 142
12 15
12 2064
12 19
12 1175
12 1436
12 933
12 2089
12 683
12 48
12 308
12 181
12 1983
12 1095
12 462
12 979
12 342
12 487
12 107
12 236
12 839
12 250
12 764
13 2045
13 885
13 621
14 292
14 934
14 1200
14 916
14 854
14 1304
14 1300
14 638
15 682
15 126
16 1939
16 287
17 98
17 196
17 103
17 1576
17 1065
17 1325
17 271
17 881
17 882
17 728
17 58
18 1826
18 1027
18 886
18 390
18 296
18 267
18 1541
18 2189
18 495
18 2024
18 1074
18 660
18 1269
18 118
18 119
18 2052
18 1461
20 1376
20 900
21 320
21 619
21 1126
21 1896
21 331
21 434
21 402
21 473
21 443
21 357
22 1724
23 421
23 582
23 455
23 138
23 117
24 2180
24 268
24 1296
24 914
24 1552
24 1566
24 1186
24 1585
24 1335
24 2118
24 327
24 330
24 470
24 2015
24 144
24 867
24 228
24 230
24 2156
24 1522
24 378
24 1532
24 255
27 1865
27 1037
27 398
27 1549
27 280
27 1567
28 1493
28 566
29 192
29 586
29 452
29 1728
30 832
30 354
30 355
30 506
31 614
31 909
31 205
31 404
31 1894
31 86
32 168
32 1904
32 61
32 1758
33 2051
33 391
33 1161
33 266
33 272
33 151
33 2075
33 1695
33 425
33 45
33 302
33 1967
33 1333
33 187
33 1084
33 1350
33 609
33 74
33 848
33 345
33 481
33 2019
33 1386
33 626
33 499
33 889
33 639
34 41
34 1292
34 1071
34 81
34 474
35 1058
35 1766
35 806
35 2033
35 49
35 723
35 150
35 1977
35 1822
36 99
36 2155
36 524
36 687
36 369
36 759
36 1950
37 384
37 1701
37 73
37 426
37 657
37 53
37 127
37 2149
37 191
38 1616
38 337
38 178
38 531
38 1578
38 511
39 161
39 91
39 213
39 1590
40 1254
40 1351
40 717
40 2190
40 113
40 852
41 2067
41 131
41 420
41 166
41 392
41 1164
41 1469
41 424
41 1491
41 984
41 989
41 1279
42 558
43 576
43 1378
43 485
43 1361
43 616
43 206
43 1551
43 208
43 497
43 82
43 147
43 2126
43 249
43 57
43 253
43 2133
44 1159
44 1546
44 1045
44 794
44 2081
44 1499
44 561
44 182
44 828
44 701
44 195
44 836
44 69
44 326
44 77
44 589
44 721
44 338
44 216
44 89
44 218
44 347
44 1629
44 869
44 1130
44 747
44 594
44 1007
44 1010
45 322
45 387
45 833
45 72
45 297
45 1090
45 2094
45 464
45 105
45 1500
45 1150
47 1992
47 1796
47 1332
47 446
48 291
48 1479
48 746
48 140
48 1168
48 1913
49 165
50 647
50 935
50 269
50 122
50 829
50 95
51 2179
51 102
51 2088
51 80
51 52
51 1624
51 635
51 1373
52 352
52 1096
52 719
52 1334
52 111
52 796
53 1937
53 915
54 640
54 931
54 1131
54 1507
54 55
54 888
54 189
56 1030
56 1672
56 1932
56 1171
56 662
56 407
56 156
56 1157
56 1825
56 1956
56 1965
56 947
56 59
56 60
56 67
56 68
56 1862
56 1997
56 733
56 1886
56 1889
56 610
56 1892
56 114
56 372
56 1271
57 104
57 75
58 198
59 488
59 691
59 1846
59 1423
60 2078
60 1343
62 321
62 1639
62 1288
62 1193
62 1501
62 248
62 281
62 1887
62 221
62 1183
63 1394
65 97
65 706
65 1931
65 132
65 1446
65 897
65 167
65 1483
65 333
65 1457
65 246
65 730
66 243
66 1206
67 1528
67 1204
67 183
69 808
69 1880
70 2181
70 2184
70 1620
70 951
70 444
70 965
71 865
71 1187
71 1802
71 1111
71 1662
72 160
72 199
72 1385
72 1621
72 542
73 130
73 1199
73 2195
73 133
73 263
73 1282
73 359
73 684
73 866
73 334
73 79
73 211
73 87
73 120
73 1273
73 1179
73 1276
73 1061
74 76
75 1016
75 1626
75 1542
75 655
76 1984
76 1314
76 1413
76 1190
76 2151
76 232
76 395
76 1118
76 1038
76 1392
76 945
76 627
76 245
76 1290
76 959
76 1212
76 157
76 286
76 735
77 758
80 1952
80 1671
80 681
80 1236
80 1110
80 121
80 1692
82 1505
82 149
83 233
83 608
84 256
84 367
85 1083
85 1223
86 174
87 1803
89 1506
89 1475
89 453
89 1834
89 1658
89 2044
91 1676
91 2077
92 992
92 129
92 324
92 486
92 336
92 1331
92 309
92 251
92 1948
92 317
92 670
93 1710
94 1104
94 164
94 1736
94 1069
94 944
94 1237
94 1853
95 864
95 1538
95 1731
95 997
95 2054
95 908
95 1514
95 363
95 876
95 306
95 270
95 2125
95 373
95 921
95 125
96 1569
96 926
96 247
97 1494
99 128
99 510
99 134
100 536
101 537
102 859
102 573
102 1133
103 1391
104 1152
104 2114
104 1059
104 804
104 1993
104 141
104 374
104 312
104 1819
106 259
106 2061
106 471
107 1327
108 159
109 225
109 298
110 1060
110 264
110 201
110 630
110 1114
110 477
111 512
111 937
111 1367
112 742
112 998
112 328
112 1606
112 1558
112 1369
112 217
112 1310
113 1811
115 570
115 1661
116 936
116 393
116 139
116 364
116 1657
117 1786
118 1163
118 1580
118 653
118 190
119 361
119 851
119 907
119 1052
120 163
120 1828
120 229
120 305
120 547
120 1756
120 285
121 366
121 1991
122 539
122 964
122 1998
123 429
123 862
123 415
124 1022
125 152
125 311
125 468
125 1774
128 197
128 550
128 680
128 1642
128 143
128 1018
130 1064
130 601
131 1023
131 465
131 1098
131 2069
131 753
131 1266
131 917
131 1417
131 1241
131 922
131 731
131 316
131 831
132 1893
133 1408
133 449
133 323
133 1217
133 1866
133 788
133 958
133 318
133 607
134 633
135 244
135 2013
137 825
137 1556
139 1857
139 388
139 773
139 295
139 1192
139 663
139 564
139 974
139 303
139 1782
139 818
139 2041
139 276
139 629
139 1561
139 599
139 463
139 1502
139 479
141 1170
141 1675
141 1924
142 577
142 1147
145 200
145 219
146 1954
146 1066
146 2027
146 241
146 1526
146 521
146 2104
146 411
146 1151
147 898
147 555
147 529
147 983
147 1277
148 523
148 519
149 224
149 513
149 770
149 1508
149 1511
149 173
149 1711
149 752
149 2035
149 1140
149 1536
149 604
149 894
149 1535
151 1400
151 410
151 1951
151 1287
152 1122
152 744
152 1260
152 399
152 207
153 1922
153 171
153 1990
153 239
155 162
156 226
156 2086
156 1905
156 809
156 1067
156 172
156 237
156 494
156 845
156 176
156 433
156 370
156 819
156 215
156 786
156 957
157 520
157 801
157 1141
158 1156
158 581
158 1958
158 878
158 792
158 827
158 1055
163 565
164 754
164 1591
166 448
166 353
166 1270
166 613
166 999
166 170
166 235
166 2092
166 1197
166 1445
166 1840
166 436
166 693
166 1014
166 265
166 2087
166 699
166 618
166 1077
167 659
167 793
167 617
170 227
170 1750
170 184
170 1145
170 188
173 257
173 258
173 403
173 1477
175 856
175 1669
176 961
176 674
176 396
176 2036
176 853
176 2164
176 2101
180 1088
180 490
180 2074
180 1050
180 1149
180 1599
181 612
181 1162
181 587
181 1210
182 1867
182 676
182 1001
182 522
182 1291
182 1646
182 2096
183 515
183 1681
184 1039
184 1452
184 1397
184 431
185 1739
185 356
186 1850
186 252
187 1648
187 1973
187 967
188 1368
188 461
191 1519
191 319
195 1135
195 903
196 203
196 1125
196 1769
196 1113
197 1800
199 1019
199 204
200 850
200 1734
201 546
201 1155
201 202
201 386
201 1645
201 1233
201 1839
202 1484
203 949
204 2040
204 725
206 329
206 2066
206 1188
206 533
207 442
207 622
207 214
208 394
208 1013
209 668
210 260
210 365
210 2192
210 1876
210 277
210 534
210 637
210 254
210 1941
211 231
212 1849
215 740
215 970
215 686
215 240
215 1073
215 820
215 503
215 1374
216 480
216 707
217 1354
217 1810
217 509
217 1847
218 644
218 450
218 1046
218 1215
219 645
219 966
219 620
219 654
219 541
220 419
221 1540
221 969
221 540
223 451
227 362
227 1311
228 1005
228 1003
228 901
228 583
229 1329
231 1735
231 261
231 478
231 397
232 301
232 1301
233 1139
233 1388
233 946
233 883
233 507
234 1537
234 418
235 578
239 1938
239 389
241 383
242 963
242 1357
242 304
242 307
242 500
242 1173
242 379
242 445
245 516
245 1637
245 1167
246 454
246 1128
246 858
246 571
246 381
247 273
250 1897
251 2158
251 1389
251 710
252 1380
256 838
256 1324
256 1012
256 284
256 1725
257 413
259 734
260 739
261 2102
262 408
262 1239
264 824
264 1202
264 598
268 787
268 293
272 1426
272 585
273 1832
275 1841
277 2112
277 720
277 868
277 325
277 432
277 282
278 703
278 1158
278 279
279 1831
279 2123
279 697
279 508
279 350
280 1306
282 1665
283 1226
283 518
284 688
285 595
285 2196
287 290
287 553
287 874
287 588
287 1614
287 1021
287 1100
287 1196
287 458
289 1284
292 1224
292 1259
292 1364
292 568
292 2108
292 351
295 1245
295 671
296 412
297 768
297 651
297 526
297 1966
299 1313
299 1963
299 1478
299 1099
299 559
299 855
302 1791
303 590
304 624
304 579
306 1307
308 437
308 358
311 1330
311 1382
311 605
311 527
313 1427
313 1751
315 401
315 1641
315 1615
315 1496
315 1048
315 763
317 884
317 722
317 1132
319 990
321 341
322 1485
322 2062
322 1138
322 1525
322 762
322 557
324 592
324 532
324 2059
325 1547
326 549
326 1319
326 1033
326 879
326 980
326 1625
328 2039
330 416
330 580
332 335
334 2147
334 648
334 1256
334 1235
334 1244
334 822
334 695
334 348
335 376
335 1323
336 732
339 1745
339 750
340 2068
342 667
348 1635
348 360
348 1678
348 904
348 1716
349 938
350 1251
350 1194
350 1011
350 726
350 920
350 1305
350 927
350 767
352 857
353 368
353 2025
357 1554
358 1504
358 665
358 939
359 484
363 1717
363 669
363 1861
365 1091
365 1682
366 813
367 817
370 705
370 1321
371 1044
373 489
373 2146
373 673
374 1440
374 1252
374 428
374 1326
374 783
374 1777
374 2002
374 694
374 760
375 1448
376 1308
377 1248
377 805
377 715
377 1299
377 1371
377 1597
378 2122
378 696
378 525
378 600
378 1459
378 789
378 380
378 895
382 1336
384 1455
385 1748
385 460
385 1398
385 2109
386 1764
387 1509
388 1677
389 440
389 896
389 1714
389 700
390 623
394 530
394 1843
394 692
394 1784
394 893
394 414
395 1281
395 1029
395 457
395 405
395 535
395 574
397 1365
399 1435
399 1166
400 2018
400 1042
400 1875
400 472
400 1628
402 1216
402 834
402 1613
402 543
404 761
406 1025
407 891
409 713
409 2020
410 1656
411 1154
411 1742
412 1297
412 1437
412 1809
413 1481
414 483
414 1868
417 2082
419 672
419 840
419 849
419 2098
419 1688
420 1824
420 1399
420 625
420 567
423 1563
424 1107
424 1545
425 1488
427 1575
429 658
430 544
431 2026
431 1516
431 2191
432 1349
433 1465
433 1915
433 1471
434 1411
434 978
434 2166
434 634
434 1663
434 1727
436 1214
437 1891
437 459
437 1985
439 1732
439 1994
440 545
441 1442
442 1699
443 1957
445 1227
446 873
446 1650
447 1953
447 1230
448 584
448 704
448 642
449 736
449 1807
450 973
452 791
454 870
457 2083
460 552
460 1652
461 2050
461 475
461 2110
462 892
464 2048
464 906
465 810
465 1885
467 603
467 679
469 2143
471 2008
471 1028
472 724
475 737
475 714
475 1054
475 1833
476 775
477 743
478 2043
479 492
479 1425
479 1143
479 1272
479 1213
480 2144
480 493
480 1453
481 1631
483 729
484 1587
484 798
485 1543
493 1801
493 755
493 548
493 2057
496 2116
496 1900
496 880
496 1205
496 795
497 1979
497 1703
500 1464
501 1898
505 1568
505 1696
506 1249
506 1863
508 1079
508 597
509 956
510 528
510 1112
510 1596
512 551
514 689
515 1783
515 1940
516 1298
517 1454
517 1559
518 1420
518 757
519 1987
519 1767
520 780
520 1293
521 943
523 741
524 678
527 738
528 826
528 2046
529 602
529 1838
535 1341
538 2134
538 1594
538 1630
543 1172
543 1318
544 1414
544 777
544 1258
544 1101
544 1429
544 2011
545 1765
545 646
545 745
545 887
545 923
545 636
546 1317
548 2084
548 942
549 1136
549 1181
550 1219
551 661
552 1148
553 1589
555 1961
558 1053
560 1722
562 1247
564 749
566 666
567 1910
569 1604
569 1439
571 1228
573 1449
573 918
573 1759
576 1903
576 1238
576 1719
579 1988
581 1358
583 844
588 718
589 1264
589 1178
592 765
592 781
594 716
595 2103
596 1874
596 1883
596 751
597 803
597 772
597 1129
597 1623
597 2009
597 1693
597 702
597 1087
600 2055
601 2049
602 1916
606 2160
606 643
607 911
608 1153
608 1362
608 1468
608 1753
609 685
609 1638
610 830
612 1726
616 675
616 711
617 994
617 1548
618 1120
619 877
621 1529
621 1002
621 847
622 1387
622 995
622 837
622 1870
624 952
624 811
624 1430
625 912
625 976
625 1855
631 993
632 1447
634 1384
634 1835
637 1859
637 782
637 2159
637 1592
637 664
637 1242
638 1289
640 1773
641 1949
647 2099
647 1035
649 1729
649 2140
651 1779
652 2187
654 1032
654 985
654 1006
657 2178
658 1040
658 1041
658 1068
664 800
664 1738
666 1460
666 1117
666 1687
669 1222
670 1337
670 1438
671 769
671 802
671 972
673 1512
674 1057
674 1403
674 1353
677 1976
684 1918
684 1345
686 1024
686 1195
687 1177
688 748
690 1730
692 2056
693 2073
693 2162
693 1814
694 899
694 1780
694 1342
696 2171
697 940
698 1034
701 1762
701 1379
701 776
701 1043
701 2038
701 2010
709 774
712 779
713 1622
719 727
720 971
722 954
729 1418
731 1201
732 1581
734 1137
734 1698
735 1723
736 1721
737 1338
737 790
737 766
741 991
744 1285
745 1741
745 2177
746 1121
746 2021
746 1930
746 1203
746 987
754 890
754 1082
756 785
756 797
756 1821
757 2079
759 1618
765 1515
765 1812
766 2023
767 1026
770 1072
770 2176
771 2170
771 1261
771 2197
775 1651
775 1123
776 1632
777 872
778 1093
778 1198
778 1971
778 1752
778 1530
778 1402
781 1295
782 1598
785 1996
785 986
787 1102
787 1031
788 2153
788 1486
789 962
789 1421
790 1086
792 2120
792 1899
792 1211
794 1794
794 1115
794 1119
795 1480
795 1070
795 2183
796 1926
796 1015
797 1778
797 950
801 1085
802 2172
804 2131
805 1550
805 2135
807 2186
812 1056
812 1347
812 1189
812 2124
812 1680
812 1845
815 2032
817 1424
817 955
821 1463
824 1221
825 1134
825 1689
826 968
827 1495
828 1584
828 1076
828 1858
829 1320
830 835
830 1902
837 981
837 1231
838 960
838 910
838 1144
840 1328
842 1560
843 1603
845 996
845 925
846 1344
847 2028
848 1474
851 1842
853 1544
854 2167
855 1105
858 1816
862 1062
870 1036
873 1694
873 1467
873 1462
874 1063
876 1608
879 1146
883 924
883 1749
883 1805
889 1570
890 1243
894 1000
895 1737
895 1124
895 1434
899 1009
899 2121
899 1191
905 2185
908 1359
912 1080
914 1274
923 2173
924 1209
924 948
928 1466
928 1303
929 1372
930 1432
932 1851
932 1517
933 1518
935 1253
935 1643
935 1836
935 1008
935 1240
935 1785
935 1370
937 1366
939 1978
940 1848
940 1250
940 1404
943 1458
943 1772
943 2058
944 1160
948 2080
950 1184
950 1644
953 1075
953 1789
958 1182
963 1513
964 1302
968 1945
972 1108
974 2168
975 2105
976 1685
977 1180
978 1947
978 1078
980 1553
987 1653
988 1294
993 2017
993 1806
997 1444
1000 2091
1000 1487
1001 1720
1005 2063
1006 2100
1011 1089
1011 2139
1011 1116
1016 1410
1017 1572
1018 1964
1020 1690
1020 1377
1021 1286
1022 1176
1025 1232
1025 1627
1028 1265
1030 1586
1035 1283
1040 1390
1042 1081
1042 1925
1042 1521
1044 1564
1044 2006
1047 1962
1052 1348
1058 2142
1060 1309
1062 1169
1063 1339
1063 1407
1068 1804
1068 1981
1070 1409
1070 1668
1070 1820
1075 1498
1078 1352
1079 1974
1081 1877
1083 1489
1084 1792
1086 1799
1093 1393
1096 1787
1109 1346
1110 2047
1118 1797
1118 1433
1118 1340
1118 1757
1118 1503
1125 1497
1130 1917
1131 1207
1132 1610
1140 1383
1143 2071
1143 1790
1144 1539
1144 1257
1144 1531
1144 1934
1145 2145
1145 1959
1145 1263
1150 1844
1159 1395
1159 1715
1161 1911
1167 1706
1171 2060
1175 1636
1175 1686
1180 1602
1181 1761
1191 1415
1203 1928
1205 1582
1212 1431
1213 1225
1214 1472
1218 1381
1220 1405
1227 2034
1230 1823
1232 1255
1233 1827
1237 1718
1237 2053
1240 1700
1240 1684
1241 1280
1241 1995
1242 1747
1242 1660
1243 1869
1245 1707
1250 2085
1250 1607
1251 1906
1256 2001
1256 1605
1259 2004
1259 1670
1259 1406
1259 1943
1261 1412
1267 2030
1273 1852
1275 1355
1276 1712
1280 1565
1285 1923
1290 2138
1291 1768
1291 1788
1295 1702
1296 2128
1300 1520
1301 1709
1302 1451
1306 2137
1306 1818
1313 1322
1315 1588
1316 1740
1316 2141
1329 1879
1330 2065
1330 1555
1338 1534
1340 2012
1344 1683
1344 1574
1350 1914
1350 1919
1351 1655
1352 1884
1385 2161
1393 1667
1410 2037
1410 1583
1411 1634
1411 1422
1413 1533
1413 1895
1445 1593
1449 1968
1460 2072
1464 2090
1468 2199
1469 1562
1469 1935
1492 1674
1493 2194
1501 1579
1513 1527
1514 1705
1514 2117
1518 2095
1528 2000
1531 1815
1546 1577
1546 2042
1552 1679
1553 2113
1555 1986
1556 1691
1558 1619
1565 1633
1566 1617
1570 1601
1571 2154
1575 1999
1584 1829
1585 2106
1589 1595
1595 1609
1595 1697
1598 1907
1600 1771
1605 1713
1606 1980
1608 1763
1614 1908
1623 1854
1631 2129
1642 1770
1649 2169
1649 1982
1649 1743
1653 1654
1677 2070
1703 2182
1703 1871
1705 2007
1708 2031
1718 1989
1719 1872
1726 2005
1729 1755
1733 1944
1734 1873
1780 1860
1782 1864
1789 1830
1791 1856
1791 1813
1806 1882
1832 1888
1834 2115
1851 2163
1853 2119
1876 2165
1877 1921
1899 2130
1903 1955
1908 1929
1917 2136
1926 1942
1940 2150
1947 2175
1976 2198
1994 2014
2059 2097
2082 2157
2121 2127
