0 514
0 939
0 4
0 5
0 6
0 7
0 8
0 9
0 140
0 664
0 1426
0 2115
0 148
0 21
0 278
0 665
0 137
0 25
0 1582
0 261
0 32
0 33
0 34
0 1819
0 36
0 37
0 39
0 1064
0 937
0 263
0 1586
0 686
0 1705
0 1584
0 817
0 178
0 819
0 1357
0 55
0 313
0 955
0 1468
0 793
0 1221
0 579
0 502
0 161
0 75
0 674
0 1826
0 717
0 1831
0 978
0 1877
0 1366
0 88
0 1989
0 1629
0 677
0 1760
0 1249
0 1286
0 1507
0 229
0 1169
0 2141
0 583
0 1191
0 494
0 1085
0 856
0 903
0 545
0 118
0 1193
0 1401
0 1073
0 380
0 405
1 128
1 515
1 4
1 1194
1 781
1 1678
1 18
1 691
1 695
1 1180
1 1342
2 253
2 993
2 35
2 4
2 5
2 6
2 1959
2 72
2 171
2 782
2 47
2 157
2 742
2 99
2 1969
2 22
2 1600
2 731
2 102
2 1086
3 1537
3 4
3 5
3 1820
3 10
3 12
3 16
3 21
3 662
3 28
3 1057
3 35
3 36
3 41
3 1198
3 48
3 1838
3 1651
3 185
3 571
3 835
3 708
3 845
3 78
3 342
3 347
3 100
3 2034
3 371
3 376
3 1020
4 5
4 6
4 7
4 8
4 9
4 13
4 14
4 15
4 528
4 1044
4 533
4 24
4 28
4 1056
4 37
4 40
4 41
4 44
4 563
4 53
4 54
4 55
4 57
4 58
4 2107
4 63
4 1089
4 69
4 72
4 1609
4 76
4 591
4 594
4 86
4 90
4 91
4 608
4 620
4 621
4 622
4 624
4 120
4 121
4 124
4 131
4 138
4 1165
4 661
4 152
4 367
4 172
4 691
4 1215
4 1219
4 197
4 203
4 210
4 1763
4 728
4 1244
4 734
4 739
4 235
4 751
4 1268
4 1269
4 771
4 1796
4 1536
4 283
4 306
4 1848
4 319
4 835
4 335
4 848
4 338
4 1363
4 1367
4 350
4 863
4 356
4 875
4 366
4 879
4 373
4 390
4 1927
4 1424
4 402
4 1940
4 920
4 409
4 922
4 1436
4 423
4 426
4 947
4 954
4 449
4 455
4 456
4 462
4 1493
4 1498
4 1004
4 497
4 1524
4 1014
5 1025
5 6
5 7
5 8
5 9
5 10
5 11
5 12
5 13
5 14
5 527
5 16
5 17
5 1043
5 20
5 21
5 22
5 23
5 24
5 1050
5 27
5 28
5 29
5 30
5 33
5 34
5 548
5 38
5 40
5 41
5 42
5 519
5 46
5 1885
5 49
5 563
5 1077
5 1078
5 56
5 1460
5 58
5 572
5 61
5 574
5 65
5 2048
5 1095
5 1608
5 73
5 75
5 1614
5 84
5 87
5 2136
5 1039
5 92
5 605
5 94
5 1623
5 617
5 618
5 620
5 109
5 1469
5 113
5 114
5 115
5 116
5 629
5 123
5 124
5 132
5 133
5 2184
5 1965
5 1678
5 2192
5 153
5 1691
5 158
5 159
5 1184
5 2075
5 1706
5 173
5 1182
5 1148
5 182
5 183
5 1311
5 1214
5 1660
5 194
5 196
5 1221
5 1234
5 216
5 730
5 219
5 1758
5 806
5 231
5 233
5 234
5 1774
5 751
5 1576
5 754
5 759
5 761
5 763
5 1282
5 2007
5 1294
5 644
5 284
5 798
5 287
5 800
5 291
5 1316
5 293
5 294
5 1476
5 2141
5 309
5 318
5 1856
5 522
5 1354
5 335
5 568
5 1082
5 877
5 370
5 372
5 745
5 1912
5 377
5 1409
5 1414
5 394
5 1419
5 912
5 1426
5 1438
5 415
5 420
5 1958
5 425
5 429
5 946
5 435
5 436
5 670
5 1462
5 440
5 953
5 1466
5 1979
5 445
5 1474
5 587
5 964
5 969
5 1994
5 1785
5 1956
5 1499
5 1504
5 486
5 2031
5 1521
5 498
5 1011
5 501
5 937
5 1620
5 507
5 511
6 7
6 8
6 11
6 13
6 17
6 22
6 27
6 540
6 34
6 547
6 1063
6 1066
6 1067
6 558
6 559
6 49
6 1586
6 2099
6 564
6 53
6 2102
6 60
6 1091
6 1092
6 71
6 73
6 1613
6 1107
6 1624
6 91
6 1129
6 1144
6 1147
6 2174
6 1814
6 1159
6 136
6 143
6 152
6 155
6 1698
6 163
6 174
6 696
6 1213
6 191
6 205
6 1230
6 1754
6 1243
6 123
6 1765
6 742
6 235
6 748
6 2139
6 1278
6 1285
6 264
6 777
6 782
6 278
6 815
6 2100
6 1077
6 329
6 903
6 905
6 906
6 1943
6 580
6 416
6 1963
6 949
6 1988
6 1996
6 589
6 2001
6 979
6 472
6 1505
6 994
6 997
6 488
6 1004
6 494
6 1519
6 1019
7 1152
7 770
7 1545
7 1034
7 1803
7 16
7 145
7 19
7 23
7 1177
7 1181
7 645
7 416
7 1392
7 932
7 518
7 554
7 43
7 51
7 186
7 60
7 64
7 580
7 839
7 1994
7 75
7 337
7 1618
7 1925
7 987
7 1117
7 864
7 225
7 1123
7 1212
7 1005
7 1008
7 787
7 1652
7 1782
8 1536
8 9
8 10
8 11
8 12
8 15
8 531
8 942
8 23
8 544
8 34
8 1059
8 549
8 2088
8 43
8 556
8 46
8 560
8 50
8 53
8 2057
8 56
8 57
8 1083
8 578
8 1094
8 586
8 588
8 80
8 1117
8 94
8 96
8 1634
8 2149
8 2152
8 112
8 114
8 1651
8 628
8 122
8 125
8 1666
8 650
8 651
8 2195
8 2197
8 150
8 1175
8 161
8 175
8 688
8 689
8 180
8 1718
8 184
8 1140
8 701
8 32
8 1734
8 199
8 1224
8 1741
8 209
8 212
8 215
8 1316
8 1242
8 220
8 1249
8 1255
8 750
8 1661
8 240
8 1267
8 259
8 775
8 776
8 1290
8 270
8 1297
8 1299
8 280
8 284
8 797
8 288
8 289
8 804
8 293
8 1836
8 1325
8 817
8 1332
8 310
8 320
8 833
8 1136
8 1358
8 341
8 1376
8 2048
8 356
8 1398
8 1402
8 891
8 1941
8 1921
8 386
8 387
8 66
8 402
8 1518
8 934
8 939
8 430
8 952
8 443
8 2122
8 963
8 1100
8 971
8 460
8 976
8 982
8 2009
8 988
8 478
8 2015
8 492
8 1517
8 494
8 1520
9 10
9 11
9 12
9 13
9 14
9 16
9 17
9 18
9 19
9 20
9 1557
9 1047
9 2072
9 25
9 26
9 86
9 544
9 36
9 42
9 557
9 50
9 52
9 1078
9 59
9 2150
9 62
9 2113
9 68
9 1093
9 76
9 590
9 1615
9 80
9 598
9 602
9 91
9 1628
9 96
9 101
9 614
9 1724
9 625
9 116
9 2168
9 532
9 635
9 125
9 129
9 642
9 133
9 2187
9 192
9 655
9 145
9 1170
9 2195
9 660
9 662
9 154
9 672
9 165
9 678
9 167
9 168
9 1708
9 693
9 1212
9 1213
9 704
9 1824
9 708
9 711
9 204
9 202
9 716
9 207
9 210
9 1755
9 221
9 225
9 1772
9 238
9 1777
9 1270
9 1783
9 1796
9 778
9 779
9 1178
9 1301
9 793
9 1312
9 1595
9 1829
9 1319
9 300
9 1841
9 819
9 308
9 1852
9 832
9 322
9 323
9 841
9 334
9 860
9 864
9 571
9 1390
9 379
9 383
9 898
9 1413
9 395
9 397
9 1427
9 917
9 925
9 1446
9 427
9 1964
9 941
9 1978
9 966
9 456
9 459
9 980
9 991
9 2022
9 1511
9 1513
9 493
10 1792
10 641
10 1282
10 1641
10 266
10 395
10 396
10 1037
10 15
10 17
10 146
10 259
10 788
10 24
10 1309
10 30
10 31
10 160
10 2155
10 294
10 679
10 1833
10 938
10 1451
10 174
10 815
10 305
10 648
10 316
10 829
10 63
10 450
10 452
10 118
10 326
10 2044
10 2108
10 83
10 1129
10 1242
10 222
10 737
10 227
10 486
10 102
10 1218
10 444
10 745
10 620
10 2030
10 367
10 113
10 242
10 246
10 489
10 916
10 379
10 1660
10 1962
10 639
11 1035
11 15
11 18
11 22
11 1559
11 1048
11 540
11 1057
11 1571
11 37
11 39
11 1068
11 558
11 51
11 56
11 58
11 62
11 581
11 72
11 585
11 586
11 951
11 77
11 79
11 83
11 1622
11 87
11 101
11 2150
11 106
11 107
11 620
11 1152
11 1668
11 1558
11 134
11 650
11 2190
11 1167
11 665
11 666
11 166
11 681
11 170
11 1710
11 175
11 692
11 188
11 1729
11 716
11 1237
11 217
11 749
11 755
11 1781
11 761
11 251
11 766
11 1749
11 260
11 2092
11 277
11 1814
11 1311
11 478
11 826
11 1342
11 1348
11 333
11 335
11 341
11 344
11 1881
11 1850
11 350
11 358
11 884
11 2110
11 374
11 891
11 1413
11 392
11 1932
11 909
11 1934
11 920
11 422
11 2094
11 1973
11 73
11 442
11 446
11 1988
11 1478
11 456
11 1998
11 2001
11 1494
11 591
11 990
11 1531
11 1510
11 2024
11 492
11 1619
11 254
11 503
11 507
11 1706
11 510
12 194
12 14
12 144
12 529
12 25
12 1694
12 159
12 33
12 1186
12 1830
12 427
12 301
12 686
12 349
12 315
12 1854
12 66
12 1605
12 1314
12 592
12 849
12 724
12 85
12 1240
12 2009
12 1499
12 221
12 400
12 1361
12 1640
12 93
12 1265
12 882
12 1779
12 1272
12 377
12 1659
13 384
13 129
13 131
13 2166
13 272
13 18
13 19
13 916
13 1559
13 26
13 1564
13 794
13 901
13 162
13 134
13 294
13 753
13 554
13 43
13 428
13 1280
13 47
13 688
13 1969
13 179
13 52
13 1590
13 441
13 1594
13 188
13 317
13 447
13 833
13 1349
13 967
13 1864
13 1835
13 74
13 461
13 1741
13 465
13 595
13 2013
13 473
13 1811
13 1885
13 165
13 1634
13 99
13 1446
13 103
13 1000
13 1640
13 1387
13 368
13 241
13 659
13 1013
13 118
13 120
13 933
13 2042
13 1343
14 512
14 577
14 397
14 1294
14 143
14 579
14 20
14 21
14 1560
14 1604
14 154
14 1435
14 1693
14 32
14 418
14 35
14 1222
14 1834
14 940
14 1071
14 561
14 1334
14 57
14 59
14 317
14 1214
14 65
14 67
14 68
14 326
14 967
14 72
14 2060
14 761
14 465
14 1619
14 340
14 2005
14 697
14 1112
14 1625
14 1372
14 1637
14 1748
14 873
14 491
14 236
14 957
14 1136
14 241
14 1001
14 504
14 249
14 378
15 135
15 271
15 153
15 1178
15 796
15 1821
15 928
15 2011
15 549
15 296
15 810
15 683
15 1712
15 1416
15 50
15 949
15 310
15 1591
15 2109
15 1472
15 453
15 71
15 1352
15 2122
15 331
15 205
15 2125
15 2006
15 343
15 859
15 92
15 199
15 867
15 363
15 2159
15 374
15 1016
16 704
16 130
16 1820
16 1802
16 2187
16 1331
16 20
16 26
16 27
16 606
16 670
16 287
16 291
16 165
16 1063
16 681
16 1223
16 44
16 48
16 1203
16 52
16 181
16 54
16 1719
16 824
16 1844
16 186
16 62
16 191
16 64
16 194
16 195
16 71
16 588
16 940
16 332
16 1997
16 206
16 847
16 80
16 1208
16 1620
16 725
16 87
16 1368
16 345
16 2127
16 1244
16 350
16 98
16 996
16 101
16 361
16 619
16 108
16 1775
16 624
16 1525
17 260
17 908
17 1423
17 1357
17 1170
17 19
17 532
17 661
17 534
17 921
17 1694
17 31
17 160
17 1739
17 1318
17 422
17 1191
17 812
17 813
17 1702
17 1456
17 1330
17 54
17 55
17 1464
17 442
17 315
17 61
17 190
17 191
17 707
17 581
17 1611
17 461
17 79
17 1488
17 1784
17 467
17 342
17 219
17 93
17 99
17 997
17 358
17 489
17 619
17 238
17 1597
17 1968
17 1359
17 499
17 372
17 757
17 1551
17 506
17 1532
17 1339
18 23
18 538
18 30
18 801
18 931
18 36
18 1703
18 45
18 942
18 177
18 178
18 1781
18 70
18 78
18 82
18 1892
18 1628
18 740
18 109
18 879
18 628
18 245
18 636
19 1794
19 270
19 154
19 1691
19 32
19 1187
19 817
19 265
19 1336
19 830
19 334
19 1617
19 1881
19 1115
19 92
19 612
19 2157
19 751
19 62
19 125
19 126
20 1280
20 1282
20 131
20 260
20 2029
20 1005
20 144
20 2033
20 658
20 259
20 1172
20 1006
20 279
20 1688
20 281
20 26
20 667
20 412
20 29
20 1056
20 1335
20 1693
20 1443
20 806
20 295
20 40
20 1194
20 1707
20 45
20 814
20 431
20 437
20 55
20 1467
20 1724
20 1213
20 1873
20 373
20 64
20 961
20 1987
20 1788
20 710
20 737
20 329
20 330
20 1207
20 1120
20 1400
20 978
20 467
20 1364
20 85
20 505
20 2185
20 857
20 603
20 250
20 1401
20 224
20 1482
20 230
20 922
20 105
20 362
20 2002
20 109
20 366
20 879
20 369
20 117
20 248
20 377
20 122
20 380
20 1002
20 597
21 1800
21 706
21 1428
21 24
21 286
21 31
21 1314
21 675
21 38
21 40
21 1065
21 1450
21 314
21 2079
21 577
21 450
21 67
21 1232
21 1294
21 471
21 730
21 738
21 1380
21 487
21 1385
21 108
21 1914
21 891
22 1673
22 139
22 526
22 2069
22 25
22 794
22 155
22 156
22 29
22 1567
22 672
22 418
22 27
22 292
22 170
22 1201
22 818
22 1079
22 312
22 701
22 1218
22 68
22 837
22 1738
22 972
22 77
22 718
22 723
22 2004
22 1742
22 471
22 89
22 870
22 1897
22 1642
22 2030
22 111
22 242
22 118
22 2173
23 1160
23 531
23 431
23 156
23 687
23 773
23 296
23 1322
23 47
23 1207
23 2111
23 1473
23 595
23 726
23 478
23 609
23 490
23 1387
23 1962
23 631
23 890
23 1898
24 384
24 136
24 1933
24 941
24 1297
24 786
24 147
24 148
24 1179
24 28
24 542
24 2160
24 35
24 676
24 422
24 551
24 1705
24 43
24 45
24 46
24 1586
24 351
24 828
24 61
24 448
24 706
24 709
24 71
24 586
24 336
24 1233
24 83
24 212
24 85
24 1368
24 1551
24 94
24 223
24 1123
24 1895
24 106
24 1725
24 1555
24 1393
24 1139
24 1652
24 1300
24 123
24 252
24 893
24 255
25 1856
25 2050
25 132
25 136
25 266
25 655
25 400
25 1042
25 1356
25 411
25 29
25 671
25 1056
25 292
25 2140
25 810
25 307
25 52
25 543
25 444
25 1162
25 192
25 711
25 73
25 972
25 851
25 476
25 1040
25 101
25 874
25 236
25 1266
25 1014
26 704
26 773
26 1114
26 1823
26 2084
26 37
26 166
26 1709
26 430
26 1468
26 64
26 69
26 840
26 77
26 337
26 90
26 103
26 234
26 1387
26 1901
26 1648
26 756
26 276
26 1279
27 1345
27 907
27 407
27 1447
27 428
27 819
27 183
27 312
27 825
27 955
27 1909
27 577
27 195
27 836
27 204
27 56
27 469
27 1633
27 741
27 875
27 1653
27 758
27 892
28 2184
28 2192
28 668
28 31
28 800
28 1575
28 168
28 42
28 1453
28 46
28 695
28 1851
28 572
28 1728
28 67
28 68
28 711
28 1655
28 219
28 1635
28 868
28 1511
28 1903
28 1398
28 1015
29 776
29 269
29 1038
29 1581
29 657
29 1301
29 151
29 324
29 30
29 799
29 173
29 47
29 1200
29 50
29 440
29 244
29 321
29 196
29 76
29 335
29 1747
29 89
29 79
29 93
29 99
29 869
29 231
29 1896
29 233
29 1131
29 750
29 1008
29 1714
29 1279
30 513
30 1922
30 900
30 1043
30 1687
30 1050
30 667
30 1311
30 291
30 70
30 39
30 41
30 44
30 48
30 51
30 713
30 697
30 198
30 1754
30 457
30 202
30 207
30 1187
30 2133
30 1849
30 90
30 2141
30 1761
30 738
30 1639
30 232
30 108
30 2024
30 114
30 1171
30 372
30 2037
30 760
30 254
31 129
31 1281
31 1035
31 1303
31 33
31 290
31 547
31 38
31 938
31 172
31 175
31 823
31 57
31 328
31 332
31 725
31 215
31 345
31 1497
31 1250
31 355
31 1512
31 106
31 114
31 1139
31 1908
32 1284
32 645
32 1292
32 813
32 1936
32 424
32 1756
32 685
32 558
32 690
32 2102
32 1338
32 59
32 316
32 189
32 991
32 587
32 398
32 855
32 1114
32 220
32 351
32 482
32 234
32 1651
32 1652
32 121
32 892
32 126
33 44
33 1035
33 525
33 1684
33 1817
33 156
33 1566
33 416
33 1313
33 2082
33 292
33 684
33 968
33 569
33 318
33 1216
33 1696
33 834
33 712
33 1229
33 84
33 86
33 420
33 228
33 876
33 115
33 244
33 1399
33 1023
33 895
34 1668
34 261
34 775
34 142
34 1679
34 1042
34 2198
34 537
34 1818
34 285
34 1566
34 1443
34 548
34 1202
34 166
34 39
34 1832
34 42
34 45
34 1328
34 561
34 434
34 950
34 1593
34 1084
34 959
34 1089
34 1858
34 2115
34 580
34 329
34 716
34 206
34 463
34 83
34 85
34 218
34 1502
34 228
34 485
34 2023
34 360
34 1596
34 747
34 876
34 243
34 2036
34 117
34 376
34 253
34 126
35 129
35 388
35 649
35 666
35 540
35 1184
35 929
35 429
35 905
35 51
35 695
35 60
35 1568
35 1099
35 1223
35 200
35 1481
35 759
35 81
35 2130
35 654
35 86
35 472
35 603
35 477
35 2017
35 1251
35 484
35 870
35 102
35 872
35 2164
35 503
35 1660
36 2053
36 135
36 1052
36 927
36 1317
36 38
36 185
36 735
36 573
36 2121
36 1613
36 2136
36 1119
36 98
36 1125
36 1391
36 112
36 121
36 1150
37 1157
37 1033
37 139
37 396
37 275
37 160
37 673
37 808
37 687
37 1092
37 325
37 584
37 1100
37 843
37 76
37 717
37 593
37 1235
37 1236
37 214
37 88
37 752
37 754
37 633
37 764
38 840
38 1674
38 368
38 1297
38 311
38 153
38 604
39 1920
39 777
39 1169
39 659
39 750
39 406
39 153
39 49
39 220
39 812
39 1454
39 433
39 54
39 1851
39 1954
39 205
39 718
39 1116
39 1502
39 97
39 878
39 378
39 766
39 1813
40 128
40 1408
40 2055
40 2135
40 141
40 399
40 529
40 915
40 151
40 388
40 1391
40 1052
40 133
40 1826
40 1188
40 423
40 425
40 1070
40 303
40 48
40 1591
40 799
40 1084
40 1085
40 704
40 1157
40 454
40 333
40 465
40 466
40 596
40 1623
40 2008
40 1883
40 736
40 1772
40 239
40 368
40 245
40 2166
40 247
40 1405
40 382
41 139
41 398
41 274
41 1347
41 278
41 279
41 536
41 281
41 411
41 161
41 283
41 174
41 2073
41 440
41 67
41 1604
41 197
41 1094
41 1740
41 214
41 983
41 267
41 1626
41 734
41 95
41 866
41 364
41 878
41 755
41 764
42 259
42 267
42 141
42 910
42 401
42 1940
42 1685
42 406
42 539
42 669
42 415
42 653
42 1435
42 676
42 167
42 1705
42 298
42 173
42 1711
42 1589
42 1941
42 1209
42 186
42 187
42 703
42 1857
42 66
42 838
42 2167
42 1186
42 525
42 1109
42 599
42 986
42 698
42 2017
42 995
42 100
42 229
42 1511
42 104
42 110
42 1779
42 887
42 1785
42 1915
42 1534
42 1663
43 128
43 774
43 781
43 1163
43 1292
43 1799
43 1429
43 1178
43 798
43 415
43 290
43 164
43 171
43 1070
43 1672
43 1074
43 1745
43 1332
43 53
43 1335
43 1466
43 1211
43 572
43 448
43 449
43 1733
43 582
43 203
43 334
43 591
43 81
43 462
43 88
43 1615
43 226
43 1124
43 1254
43 231
43 1767
43 497
43 1394
43 371
43 1653
43 505
44 131
44 267
44 94
44 653
44 914
44 1683
44 923
44 1062
44 431
44 176
44 1588
44 542
44 438
44 184
44 1209
44 187
44 752
44 1600
44 1870
44 1743
44 1123
44 1629
44 222
44 2019
44 355
44 229
44 103
44 1384
44 2160
44 111
44 240
44 1399
44 890
44 1659
44 510
44 127
45 1538
45 132
45 746
45 523
45 1676
45 1299
45 404
45 789
45 412
45 158
45 160
45 1968
45 1902
45 1969
45 1320
45 172
45 173
45 559
45 944
45 49
45 1717
45 1801
45 1848
45 59
45 190
45 834
45 1355
45 78
45 1874
45 1763
45 727
45 88
45 90
45 1629
45 1631
45 98
45 1507
45 618
45 110
45 499
45 2165
45 2040
45 250
45 381
45 1919
46 257
46 900
46 390
46 1287
46 137
46 1930
46 397
46 910
46 787
46 279
46 1819
46 157
46 1440
46 1953
46 1158
46 1702
46 1939
46 942
46 520
46 694
46 313
46 954
46 190
46 1860
46 1227
46 1233
46 82
46 2131
46 469
46 87
46 1766
46 486
46 359
46 622
46 112
46 755
46 1655
46 2041
46 252
47 768
47 1153
47 908
47 271
47 150
47 417
47 548
47 1574
47 1072
47 178
47 1609
47 1851
47 190
47 1601
47 69
47 839
47 268
47 81
47 514
47 855
47 348
47 1505
47 2148
47 244
48 198
48 984
49 193
49 299
49 100
49 776
49 1388
49 202
49 235
49 1228
49 206
49 1565
49 803
49 567
49 1604
49 1159
49 157
50 1282
50 1411
50 1161
50 1549
50 528
50 276
50 1822
50 169
50 434
50 437
50 566
50 952
50 58
50 74
50 587
50 312
50 82
50 399
50 618
50 382
51 1409
51 905
51 536
51 1957
51 135
51 303
51 1333
51 186
51 63
51 576
51 1346
51 907
51 1732
51 202
51 80
51 209
51 91
51 2106
51 2147
51 104
51 752
51 1140
51 376
51 1277
52 774
52 264
52 1290
52 908
52 2086
52 679
52 1672
52 1215
52 1344
52 78
52 211
52 736
52 1377
52 486
52 104
52 105
52 623
52 758
52 1022
52 127
53 1286
53 359
53 297
53 269
53 1773
53 168
53 1630
53 2073
53 2052
53 314
53 1340
53 1150
54 107
54 519
54 143
54 1813
54 791
54 2076
54 801
54 135
54 693
54 188
54 320
54 66
54 842
54 1227
54 98
54 1379
54 1126
54 618
54 1131
54 240
55 258
55 1624
55 1538
55 2190
55 1301
55 1178
55 801
55 418
55 164
55 1193
55 1196
55 955
55 63
55 324
55 585
55 546
55 1360
55 980
55 1112
55 1510
55 490
55 625
55 1655
56 897
56 130
56 516
56 518
56 1888
56 268
56 386
56 271
56 1812
56 534
56 1559
56 947
56 1822
56 162
56 676
56 1445
56 1575
56 552
56 555
56 433
56 179
56 181
56 1719
56 60
56 1729
56 1099
56 718
56 1618
56 981
56 343
56 96
56 610
56 763
56 744
56 1514
56 624
56 1798
56 1395
56 635
56 1020
57 2085
57 614
57 1770
57 1828
57 1503
57 253
58 896
58 387
58 393
58 1948
58 146
58 1412
58 1455
58 156
58 1541
58 297
58 171
58 498
58 431
58 1590
58 1336
58 1375
58 320
58 65
58 1889
58 200
58 1099
58 1963
58 206
58 1247
58 353
58 356
58 105
58 113
58 370
58 1140
58 1397
58 631
59 225
59 1220
59 518
59 359
59 74
59 107
59 1085
59 720
59 629
59 1732
59 410
59 458
59 654
59 1885
60 1921
60 994
60 1480
60 1834
60 493
60 846
60 1264
60 483
60 1602
60 1310
60 1111
60 249
60 1146
60 539
60 61
60 766
61 1062
61 458
61 333
61 175
61 176
61 658
61 1977
61 119
61 89
61 254
61 197
62 1156
62 517
62 1473
62 142
62 920
62 414
62 159
62 70
62 822
62 313
62 1247
62 1852
62 189
62 480
62 2116
62 326
62 1351
62 1993
62 330
62 1489
62 983
62 185
62 1862
62 351
62 96
62 111
62 500
62 120
63 1166
63 1175
63 1691
63 158
63 1009
63 1578
63 1586
63 180
63 184
63 2105
63 2106
63 960
63 1345
63 195
63 69
63 353
63 328
63 1353
63 843
63 972
63 850
63 212
63 1422
63 1658
63 223
63 97
63 238
63 113
63 116
63 1141
63 1782
63 122
63 127
64 257
64 1040
64 649
64 267
64 142
64 1815
64 1308
64 413
64 1696
64 193
64 1078
64 183
64 568
64 1375
64 445
64 65
64 70
64 1095
64 75
64 213
64 344
64 1115
64 910
64 608
64 97
64 488
64 2062
64 1901
64 2199
64 115
64 2038
64 505
64 506
64 1788
65 643
65 262
65 1683
65 414
65 261
65 1966
65 2095
65 1950
65 438
65 439
65 444
65 322
65 2119
65 456
65 1871
65 102
65 746
65 363
65 1647
65 248
65 122
65 124
66 391
66 270
66 149
66 152
66 923
66 2010
66 1183
66 1058
66 1084
66 183
66 442
66 700
66 1711
66 1479
66 79
66 464
66 337
66 345
66 1498
66 1210
66 188
66 2154
66 2069
66 1917
66 500
66 246
66 248
66 170
66 1557
67 1792
67 521
67 1677
67 144
67 150
67 1687
67 1179
67 417
67 221
67 1341
67 834
67 2126
67 978
67 1109
67 1373
67 358
67 999
67 495
68 706
68 1156
68 1510
68 138
68 1432
68 213
68 216
68 730
69 1922
69 1158
69 1543
69 2193
69 1810
69 1695
69 174
69 447
69 321
69 579
69 1220
69 77
69 81
69 216
69 239
69 2161
69 1524
69 254
70 448
70 641
70 648
70 664
70 1754
70 545
70 171
70 824
70 585
70 1105
70 602
70 484
70 231
70 105
70 107
70 2029
70 247
70 255
71 130
71 771
71 2183
71 523
71 396
71 557
71 1102
71 210
71 566
71 1434
71 95
72 385
72 263
72 1298
72 532
72 282
72 413
72 1951
72 545
72 930
72 1061
72 775
72 1842
72 185
72 703
72 193
72 74
72 977
72 1473
72 1550
72 353
72 871
72 1938
72 110
72 1905
72 375
72 1274
73 905
73 2189
73 272
73 916
73 1174
73 1049
73 1946
73 803
73 690
73 338
73 211
73 84
73 2135
73 344
73 863
73 481
73 233
73 790
73 1789
73 126
74 387
74 2185
74 395
74 2062
74 143
74 912
74 1811
74 1174
74 2093
74 1205
74 312
74 569
74 1088
74 82
74 346
74 1250
74 1126
74 1511
74 103
74 1517
74 888
74 889
75 1088
75 899
75 647
75 1580
75 560
75 436
75 1078
75 825
75 1351
75 715
75 2130
75 89
75 95
75 354
75 613
75 623
75 116
75 1528
75 635
75 255
76 97
76 802
76 1607
76 904
76 523
76 270
76 989
76 370
76 211
76 1006
76 324
76 1307
76 382
77 109
77 1871
77 1296
77 1012
77 149
77 701
78 1025
78 902
78 1162
78 2007
78 1370
78 418
78 291
78 295
78 430
78 1341
78 198
78 331
78 977
78 343
78 1498
78 1887
78 1506
78 1509
78 1489
78 1899
78 146
79 227
79 1946
79 1289
79 973
79 1068
79 130
79 1518
79 367
79 1552
79 84
79 501
79 674
79 120
79 537
79 152
80 598
80 1926
80 1547
80 285
80 2182
80 680
80 1705
80 939
80 687
80 1460
80 1466
80 1216
80 2113
80 1731
80 1484
80 339
80 1494
80 987
80 485
80 124
80 2027
80 1652
80 1144
80 1275
80 1532
80 1405
81 357
81 682
81 755
82 256
82 257
82 387
82 134
82 1032
82 778
82 524
82 141
82 1513
82 275
82 539
82 1952
82 1955
82 1065
82 301
82 305
82 1588
82 565
82 182
82 311
82 1353
82 1716
82 972
82 574
82 1601
82 1475
82 196
82 1846
82 1094
82 1735
82 201
82 588
82 1933
82 2002
82 1108
82 475
82 2140
82 2013
82 95
82 1892
82 489
82 1533
82 369
82 882
82 2035
82 372
82 119
82 2170
82 125
82 1278
83 1376
83 804
83 1073
83 1929
83 108
83 509
83 401
83 434
83 1236
83 117
83 2006
83 1649
83 281
83 1226
83 298
83 1471
84 358
84 1313
84 138
84 2103
84 242
84 402
84 816
84 178
84 626
84 375
84 869
85 609
85 419
85 849
85 360
85 361
85 746
85 1483
85 881
85 1442
85 440
85 369
85 1027
85 1385
85 506
85 1727
85 412
85 159
86 421
86 430
86 1137
86 1987
86 1334
86 410
86 92
86 541
86 318
87 1680
87 1323
87 197
87 902
87 2099
87 1609
87 426
87 1388
87 493
87 655
87 2040
87 1139
87 1654
87 119
87 600
87 475
87 1898
88 257
88 392
88 1161
88 1675
88 301
88 408
88 802
88 806
88 814
88 1416
88 822
88 1597
88 1477
88 1867
88 1570
88 1502
88 223
88 2020
88 1128
88 1385
88 495
88 1648
88 117
88 1787
88 509
89 1285
89 2156
89 346
89 148
89 1434
89 924
89 165
89 2086
89 1137
89 299
89 1073
89 953
89 445
89 177
89 586
89 463
89 218
89 603
89 1373
89 1632
89 492
89 241
89 1016
89 1786
90 1472
90 132
90 1302
90 2089
90 845
90 304
90 918
90 2121
90 638
90 286
90 1439
91 1378
91 198
91 583
91 682
91 332
91 1666
91 1552
91 401
91 2180
91 2107
91 1247
92 1316
92 169
92 874
92 2155
92 302
92 208
92 146
92 181
92 856
92 790
92 93
93 295
93 136
93 2158
93 1917
93 1072
93 1170
93 1918
93 2199
93 1470
94 1027
94 279
94 1804
94 781
94 276
94 407
94 154
94 1435
94 1825
94 163
94 676
94 166
94 1704
94 1838
94 520
94 562
94 1203
94 569
94 842
94 1827
94 192
94 2099
94 1732
94 325
94 327
94 714
94 1874
94 339
94 213
94 1700
94 474
94 734
94 479
94 1904
94 1019
94 100
94 2021
94 1513
94 1389
94 1263
94 112
94 2147
94 884
94 1013
94 767
94 893
94 597
95 1729
95 1986
95 1670
95 943
95 2161
95 787
95 404
95 345
95 1455
95 573
95 1743
95 2111
96 1670
96 490
96 2157
96 1358
96 2132
96 1015
96 315
96 1437
97 1568
97 1936
97 643
97 164
97 144
98 800
98 1984
98 1987
98 470
98 134
98 551
98 2060
98 203
98 300
98 237
98 340
98 631
98 280
98 762
98 830
99 1542
99 137
99 140
99 147
99 411
99 1883
99 164
99 424
99 2140
99 554
99 303
99 560
99 1731
99 397
99 848
99 209
99 979
99 599
99 1115
99 1116
99 861
99 606
99 336
99 1253
99 104
99 1002
99 1902
100 897
100 515
100 1311
100 802
100 169
100 304
100 307
100 180
100 308
100 1861
100 2119
100 713
100 1460
100 218
100 297
100 227
100 2044
100 1003
100 111
100 887
100 251
100 252
101 900
101 392
101 137
101 273
101 920
101 667
101 1371
101 1223
101 2092
101 2098
101 1970
101 322
101 454
101 1095
101 1614
101 1749
101 1369
101 987
101 479
101 352
101 1519
101 1789
102 192
102 2021
102 263
102 201
102 106
102 140
102 237
102 1874
102 1098
102 502
102 1913
102 2170
102 1243
102 1919
103 1936
103 578
103 1499
103 740
103 1260
103 1643
103 1839
103 816
103 818
103 2138
103 702
103 123
103 1692
103 138
103 414
104 2182
104 394
104 268
104 275
104 2196
104 663
104 1315
104 424
104 1069
104 2112
104 1733
104 457
104 1102
104 1360
104 2014
104 228
104 488
104 2030
104 1142
105 878
105 522
105 334
105 1407
105 245
105 187
105 636
105 733
105 884
105 255
106 133
106 1928
106 140
106 1553
106 1264
106 805
106 298
106 1011
106 1716
106 309
106 624
106 1087
106 1218
106 837
106 327
106 350
106 1889
106 226
106 1379
106 1768
106 1260
106 880
106 115
107 1504
107 417
107 1756
107 677
107 641
107 424
107 841
107 110
107 591
107 1552
107 722
107 756
107 1046
107 220
107 1882
107 510
108 420
108 1685
108 1241
108 565
109 256
109 352
109 1186
109 923
109 1745
109 1010
109 391
109 1640
109 366
109 417
109 277
109 1044
109 826
109 251
109 317
109 894
110 1904
110 1478
110 721
110 1326
110 205
110 688
110 689
110 1906
110 692
110 180
110 1237
110 1081
110 276
110 858
110 1662
111 128
111 1954
111 646
111 1544
111 713
111 1038
111 484
111 857
111 1741
111 1873
111 2162
111 789
111 375
111 1356
111 452
111 1947
111 1941
112 1251
112 485
112 458
112 1371
112 538
112 219
112 1183
113 1120
113 1595
113 1740
113 2083
113 316
113 799
114 1360
114 610
114 507
114 964
114 1087
114 2103
114 1484
114 879
114 1051
114 264
114 660
114 1239
114 1402
114 319
114 671
114 253
115 451
115 365
115 1306
116 674
116 1545
116 1751
116 243
116 1431
116 2180
116 883
116 1693
117 608
117 325
117 199
117 331
117 492
117 1090
117 775
117 145
117 839
117 119
117 537
117 1144
117 1207
117 389
118 769
118 273
118 403
118 148
118 149
118 1055
118 550
118 1329
118 182
118 196
118 201
118 857
118 869
118 1190
118 360
118 362
118 1904
118 232
118 1427
118 756
118 121
119 289
119 1083
119 568
119 241
119 208
119 145
119 179
119 1076
119 408
119 1684
119 347
120 481
120 1859
120 1669
120 1335
120 556
120 139
120 364
120 1621
120 215
120 1021
121 578
121 870
121 1960
121 1385
121 1196
121 662
121 1309
121 208
121 150
121 601
121 698
121 540
121 893
121 1476
121 1695
122 2176
122 162
122 587
122 459
122 561
122 946
122 446
123 1411
123 388
123 519
123 1929
123 141
123 142
123 1688
123 404
123 149
123 406
123 158
123 1695
123 928
123 1715
123 821
123 570
123 1852
123 1216
123 2065
123 2078
123 982
123 1403
123 996
123 230
123 748
123 370
123 243
123 1271
123 127
123 380
123 511
124 1091
124 1235
124 167
124 200
124 924
124 1130
124 717
124 207
124 530
124 243
124 1811
124 346
124 476
124 506
124 1599
125 1410
125 2180
125 902
125 2055
125 1931
125 450
125 784
125 914
125 1171
125 1302
125 151
125 792
125 1820
125 1189
125 168
125 1075
125 696
125 1985
125 194
125 1868
125 1741
125 1037
125 1872
125 1400
125 723
125 853
125 1622
125 1763
125 1783
125 1016
125 250
125 1404
126 1548
126 2061
126 399
126 1684
126 789
126 407
126 157
126 933
126 427
126 1071
126 443
126 446
126 672
126 464
126 1489
126 216
126 222
126 228
126 1253
126 1258
126 747
126 493
126 1271
126 2041
127 962
127 386
127 1189
127 1020
127 909
127 1491
127 1449
127 1434
127 924
128 1632
128 1058
128 1448
128 568
128 199
128 585
128 1772
128 848
128 305
128 1425
128 371
128 1384
128 1449
128 280
128 1555
128 1835
128 1150
129 384
129 898
129 1155
129 273
129 274
129 531
129 791
129 1859
129 155
129 1442
129 293
129 167
129 1327
129 436
129 181
129 1462
129 323
129 969
129 1103
129 547
129 479
129 1891
129 1130
129 491
129 240
129 1875
129 2167
129 1663
130 454
130 147
130 911
131 1158
131 647
131 1420
131 275
131 1441
131 419
131 1450
131 955
131 1013
131 2120
131 1699
131 1880
131 861
131 2031
131 756
131 885
131 502
131 1143
131 1151
132 945
132 1877
132 1686
132 248
132 1789
133 2051
133 292
133 230
133 462
133 623
133 1399
133 2022
133 2106
133 783
133 1386
134 779
134 829
134 201
134 989
134 434
134 1648
134 950
134 2136
134 1775
134 669
134 383
135 847
135 227
135 556
135 239
135 1393
135 1909
135 947
136 2080
136 934
136 936
136 521
136 1677
136 910
136 445
136 1713
136 1396
136 347
136 1534
137 1423
137 147
137 664
137 290
137 299
137 813
137 179
137 1466
137 187
137 833
137 1093
137 1355
137 460
137 336
137 225
137 2154
137 499
137 759
138 1569
138 1188
138 1587
138 1318
138 200
138 426
138 359
138 398
138 815
138 176
138 1329
138 883
138 245
138 729
138 634
138 1379
139 1184
139 770
139 204
139 537
140 1768
140 163
140 439
140 1274
140 191
141 1027
141 706
141 155
141 741
141 1127
141 169
141 1743
141 339
141 1366
141 1225
141 1176
141 1977
141 1022
141 805
142 2075
142 475
142 684
142 1295
142 1584
142 883
143 961
143 2081
143 2046
143 1996
143 877
143 2062
143 405
143 406
143 471
143 986
143 862
143 1061
144 513
144 515
144 2190
144 787
144 1180
144 543
144 675
144 294
144 303
144 176
144 564
144 714
144 2003
144 1626
144 477
144 1374
144 1005
144 622
144 1270
144 760
145 311
145 610
145 299
145 2097
145 1153
145 151
145 428
145 625
145 466
145 217
145 443
145 508
145 1077
146 325
146 1882
146 765
146 852
146 521
146 665
146 1071
146 412
146 477
147 288
147 1579
147 388
147 715
147 1867
147 235
147 988
147 1164
147 701
147 1106
147 265
147 250
147 284
147 378
148 1014
148 266
148 1935
148 343
148 1727
149 2144
149 1709
149 1457
149 744
149 172
149 1949
149 236
149 269
149 1617
149 1327
149 341
149 461
149 1711
149 286
150 2112
150 555
150 721
151 814
151 189
151 470
151 1064
151 1496
151 1625
152 401
152 914
152 925
152 1479
152 2105
152 1343
152 576
152 1345
152 967
152 1738
152 1995
152 460
152 462
152 1361
152 1493
152 1115
152 348
152 1759
152 381
152 383
153 514
153 2192
153 917
153 413
153 2079
153 162
153 1445
153 422
153 1719
153 184
153 1875
153 342
153 990
153 1386
153 295
153 2028
153 1008
153 1659
154 867
154 1764
154 746
154 1771
154 562
154 670
154 182
155 1154
155 260
155 1057
155 1156
155 1724
156 1154
156 551
156 394
156 1420
156 719
156 1168
156 305
156 339
156 629
156 247
156 985
156 285
157 1544
157 161
157 945
157 673
157 552
157 1515
157 1100
158 1480
158 262
158 1201
158 1192
158 809
158 588
158 1777
158 1549
158 529
158 626
158 1778
159 1136
159 516
159 393
159 1572
159 1295
159 592
159 466
159 308
159 1337
159 1279
159 317
159 1253
160 742
160 177
160 1260
160 1799
160 236
160 337
160 1869
160 1847
160 2171
160 1180
160 222
160 223
161 258
161 1610
161 940
161 238
161 1716
161 1817
161 889
161 2046
161 799
162 1539
162 262
162 1928
162 195
162 1945
162 415
162 163
162 1447
162 177
162 1074
162 1695
162 572
162 323
162 204
162 865
162 229
162 1127
162 363
162 365
162 494
162 1651
162 1660
162 1663
163 651
163 886
163 1321
163 427
163 1474
163 1231
163 1298
163 963
163 534
163 793
163 1501
163 221
163 1631
164 224
164 482
164 790
164 234
164 2125
164 829
164 818
164 1397
164 278
164 778
164 1824
165 435
165 708
165 326
165 296
165 170
165 1879
165 2161
165 211
165 1780
165 470
165 809
165 314
166 1505
166 233
166 1898
166 1277
166 913
166 669
167 1606
167 1286
167 429
167 821
167 1303
167 409
168 481
168 1604
168 790
168 550
168 2113
168 1480
168 1803
168 1069
168 1560
168 405
168 566
168 536
168 252
168 638
169 1072
169 1029
169 774
169 455
169 522
169 1354
169 1350
169 432
169 373
169 246
169 823
169 664
169 2137
169 538
169 349
169 831
170 1536
170 331
170 301
170 726
170 1209
170 2070
170 1893
171 875
171 1355
171 1387
171 2167
171 1314
171 366
171 239
171 1776
171 564
171 1897
171 1401
171 783
171 794
172 256
172 384
172 1288
172 906
172 269
172 1550
172 416
172 1575
172 1841
172 2101
172 826
172 703
172 324
172 213
172 602
172 1248
172 1378
172 364
172 1903
172 757
172 383
172 764
172 639
173 1321
173 262
173 1031
173 809
173 715
173 1165
173 272
173 2034
173 1075
173 789
173 919
173 1784
173 988
174 399
174 1937
174 2198
174 421
174 936
174 310
174 444
174 1802
174 1342
174 321
174 582
174 1999
174 1624
174 2138
174 731
174 604
174 1375
174 1906
174 1661
175 1579
175 1572
175 997
175 1190
175 1031
175 489
175 402
175 398
175 528
175 712
175 306
175 567
175 1337
175 1083
176 784
176 421
176 1671
176 593
176 1619
176 1177
176 313
177 2180
177 391
177 1803
177 524
177 654
177 403
177 1172
177 533
177 1948
177 285
177 545
177 935
177 429
177 2077
177 432
177 562
177 438
177 816
177 1184
177 835
177 1447
177 1479
177 457
177 1826
177 207
177 1361
177 596
177 469
177 1114
177 1883
177 1637
177 230
177 619
177 367
177 637
178 1537
178 258
178 1627
178 740
178 1829
178 1030
178 1098
178 683
178 209
178 1764
178 1915
178 1113
178 346
178 943
178 1354
178 862
179 1546
179 2089
179 1421
179 542
179 1590
179 1434
179 1435
179 381
179 382
180 643
180 647
180 393
180 1037
180 1168
180 1942
180 1181
180 287
180 548
180 1445
180 302
180 817
180 1714
180 1976
180 316
180 1226
180 193
180 1347
180 1092
180 1863
180 842
180 727
180 1117
180 1248
180 609
180 1255
180 1001
180 1525
180 1910
180 1529
181 1400
181 2022
181 657
181 956
181 1469
181 632
181 627
181 1557
181 2102
181 737
181 189
182 1344
182 1251
182 1046
182 807
182 1646
182 464
182 627
182 732
183 2091
183 516
183 1415
183 783
183 1554
183 2196
183 2070
183 288
183 1448
183 967
183 957
183 1733
183 327
183 970
183 594
183 1236
183 725
183 215
183 217
183 1423
183 733
183 992
183 998
183 616
183 748
183 749
183 2163
183 891
184 1805
184 497
184 1101
184 1039
184 369
184 214
185 1536
185 2192
185 400
186 848
186 831
186 226
186 1029
186 232
186 747
186 332
186 589
186 1325
186 753
186 819
186 347
186 330
186 511
187 1506
187 936
187 2189
187 495
187 1875
188 610
188 644
188 805
188 1894
188 906
188 1548
188 237
188 1935
188 1502
189 832
189 1121
189 232
189 1535
189 2059
189 210
189 1588
189 1240
189 379
189 1770
189 373
190 354
190 2196
190 1049
190 696
190 889
190 378
190 763
190 669
191 1120
191 651
191 1381
191 561
191 297
191 203
191 1767
191 1475
191 1766
191 1214
191 505
191 1873
191 281
191 1191
191 926
192 646
192 1617
192 1450
192 304
192 593
192 214
192 1769
192 1276
192 1725
193 617
193 1611
193 872
194 298
194 589
194 309
194 247
194 282
194 287
195 1872
195 208
195 321
195 2128
195 679
195 930
195 1715
195 447
195 720
196 526
196 503
196 824
196 601
196 1916
196 478
196 511
197 709
197 1862
197 394
197 1046
197 762
197 735
198 1120
198 1441
198 739
198 2020
198 1512
198 491
198 461
198 973
198 2059
198 1487
198 1143
198 1848
199 521
199 827
199 2172
200 552
200 1038
200 274
200 852
200 1206
200 1816
201 1728
201 609
201 1060
201 2032
201 361
201 1643
201 1718
201 1865
201 1085
201 496
201 742
201 1335
201 473
201 1019
201 509
202 480
202 1027
202 843
202 1415
202 743
202 747
202 1900
202 1020
202 1197
202 212
202 725
202 217
202 1327
202 476
203 2057
203 1270
204 808
204 795
205 464
206 1185
206 1069
206 584
206 237
206 590
206 808
206 1554
206 1155
206 244
206 1807
206 1306
206 2015
207 265
208 804
208 1852
208 1766
208 1287
208 1324
208 907
208 1393
208 1234
208 1459
208 441
208 2003
208 2045
208 1918
209 1797
209 582
209 1127
209 1674
209 1612
209 822
209 218
209 539
209 1692
210 811
210 2188
210 1965
210 1532
211 1262
211 841
211 1656
211 1147
211 1757
212 352
212 965
212 1235
212 877
212 1605
212 2061
212 1107
212 1758
212 1110
212 2199
212 601
212 766
213 226
213 780
213 266
213 1698
213 2039
214 870
214 1863
214 271
214 1097
214 1862
214 1461
214 502
214 439
214 508
215 482
215 1845
215 1809
215 853
216 265
216 420
216 816
216 274
216 1961
216 249
216 1594
217 1918
217 1873
217 437
217 2117
217 1598
217 1525
218 1121
218 1105
218 849
218 1457
218 1310
218 735
219 611
219 795
219 2061
219 242
219 739
219 2198
219 571
220 224
220 1323
220 2093
220 2085
220 945
220 1084
220 1328
220 1582
220 1039
220 272
220 433
220 626
220 1268
220 314
220 348
220 1503
221 224
221 2088
221 302
221 1623
221 569
222 1185
222 2143
222 2087
222 1325
222 1389
222 946
222 595
222 277
222 600
222 1567
222 1939
222 1130
222 1109
223 1699
223 711
223 719
223 2164
224 421
224 425
224 268
224 1293
224 1103
224 1520
224 1937
224 726
224 937
224 1595
225 616
225 1169
225 722
225 1625
226 256
226 899
226 1930
226 855
226 1170
226 277
226 919
226 541
226 1058
226 1700
226 1970
226 307
226 1979
226 829
226 2110
226 2111
226 705
226 451
226 1231
226 722
226 1495
226 858
226 1383
226 881
227 710
227 1736
227 1997
227 1678
227 1710
228 1958
228 487
228 621
229 1654
229 517
229 2172
229 1266
229 2030
229 2159
229 882
229 1238
229 1690
229 636
229 733
229 709
230 2146
230 1542
230 1159
230 1128
230 784
230 435
230 1749
230 728
230 1524
230 666
230 922
231 644
231 1966
231 558
231 465
231 974
231 854
231 311
231 728
231 410
231 1246
231 677
232 258
232 293
232 1613
232 1390
232 883
232 788
232 663
233 675
233 1983
233 1451
233 678
233 501
233 246
233 815
233 677
234 290
234 954
234 979
234 1751
234 570
235 386
235 360
235 1738
235 1582
235 760
235 538
235 351
236 1664
236 1888
236 296
236 437
236 1398
237 1024
237 323
237 1349
237 956
237 1806
237 482
237 975
237 1166
237 1487
237 1562
237 1343
237 1501
237 1922
237 479
238 1585
238 2119
238 503
238 1208
239 679
239 1517
239 941
239 911
239 1992
239 699
239 1055
240 1815
241 483
241 1925
241 2057
241 1041
241 1298
241 1300
241 1237
242 289
242 1122
242 897
242 392
242 1611
242 1730
242 338
242 1365
242 1751
242 888
242 249
244 836
244 357
244 264
244 860
244 522
244 428
244 2098
244 1457
244 1106
244 2025
244 1268
244 1686
244 1687
244 952
244 1572
244 1391
244 764
245 1953
245 1259
245 909
245 1072
245 918
245 1562
246 519
246 685
246 977
246 852
246 1750
247 1024
247 647
247 280
247 1050
247 1181
247 1956
247 1840
247 306
247 1850
247 699
247 575
247 1479
247 354
247 1339
247 356
247 1391
247 1398
247 251
247 2047
248 1800
248 533
248 1412
248 1179
248 284
248 283
248 432
248 1842
248 309
248 584
248 844
248 2002
248 1881
248 2023
248 873
248 490
248 365
248 1649
248 1913
248 767
249 2132
249 932
249 1318
249 1131
249 436
249 857
249 1210
249 283
249 2077
249 575
250 912
250 2054
250 1832
250 714
250 2027
250 396
250 527
250 531
250 1265
250 1333
250 983
250 1332
250 719
250 1369
250 639
251 2123
251 1287
251 520
251 1916
251 599
251 497
251 597
251 1110
251 2071
251 1753
251 508
252 1474
252 362
252 371
252 282
252 1054
253 1728
253 355
253 741
253 1681
253 1192
253 683
253 782
253 976
253 1105
253 820
253 1486
253 825
253 286
254 1505
254 336
254 467
254 1428
254 408
255 547
255 484
255 1285
255 1384
255 1456
255 657
255 1675
255 1272
255 447
256 385
256 453
256 934
256 263
256 682
256 340
256 981
256 1302
256 1689
256 1080
256 1076
256 2138
256 530
257 2082
257 1031
257 460
257 300
257 1532
258 261
258 2118
258 1265
258 1929
258 759
258 590
258 1041
258 438
258 1658
258 2151
258 1630
259 288
259 1578
259 846
259 1021
259 1266
259 1975
261 389
261 1928
261 1263
261 466
261 2132
261 1269
261 2137
261 1148
261 1429
262 1158
262 289
262 1959
262 1070
262 1694
262 1341
262 319
263 1165
263 2096
263 1137
263 690
263 1142
263 574
264 544
264 769
264 866
264 1924
264 453
264 1096
264 1545
264 2109
264 1769
264 349
265 630
266 1318
266 710
266 390
266 1201
266 1101
266 1006
266 273
266 691
266 1044
266 1626
266 778
266 446
267 1440
267 357
267 1000
267 2063
267 627
267 573
268 865
268 419
268 1046
268 433
268 1331
268 693
268 886
268 1288
268 1189
269 512
269 1411
269 1201
269 1260
269 1006
269 785
269 1112
269 1467
269 1790
270 524
270 1453
270 974
270 1744
270 306
270 1682
270 1051
270 733
271 1892
271 646
271 457
272 315
272 987
272 1878
272 603
273 738
273 1805
273 1880
273 1886
274 1157
274 1633
274 393
274 1680
274 872
274 1864
274 2134
274 282
274 1789
275 1378
275 1766
275 526
275 751
275 1079
275 2072
275 926
276 455
276 553
276 1159
276 917
276 1631
276 1340
276 607
277 996
277 328
277 1097
277 1804
277 1233
277 308
277 982
277 407
278 993
278 1958
278 685
278 1007
278 754
278 2104
278 476
279 389
279 310
279 361
279 380
280 836
280 583
280 1580
280 1707
280 1036
280 1890
280 1043
280 1752
280 1465
280 2183
281 1986
281 613
281 712
281 1418
281 300
281 837
281 788
282 1088
282 355
282 613
282 845
282 1326
282 656
282 1301
282 1239
282 634
282 893
283 1507
283 1283
283 903
283 682
283 459
283 1037
283 559
283 784
283 1137
283 307
283 2174
283 687
283 1954
283 414
283 319
284 1569
284 1259
285 736
285 304
285 772
285 966
285 1884
285 1067
285 450
285 1330
285 1459
285 984
285 770
286 389
286 426
286 1583
286 1009
287 611
287 329
287 1043
287 377
287 724
287 965
288 480
288 1121
288 2016
288 2054
288 1736
288 2173
288 1967
288 689
288 1778
288 342
288 1469
289 1191
289 630
289 1145
289 1437
290 2177
290 1040
290 1341
291 1197
291 2131
291 1561
292 1433
292 1891
292 902
292 616
292 553
292 1431
292 1967
292 722
292 886
292 681
292 1563
292 1053
292 1470
292 863
293 328
293 354
293 2017
293 1670
293 753
293 970
293 341
293 1081
293 954
293 443
293 1256
294 517
294 1383
294 2120
294 1452
294 468
294 895
296 1826
296 1514
296 365
296 786
297 322
297 1731
297 2121
297 921
298 448
298 1059
298 2194
299 1323
299 581
299 1131
299 2162
299 850
299 340
299 1818
299 1244
300 353
300 302
301 480
301 481
301 1186
301 1284
301 1425
301 1208
301 1620
301 1982
302 385
302 621
302 1101
302 637
302 1042
302 2198
302 1492
302 2074
303 1792
303 390
303 362
303 812
303 675
303 1910
303 1461
304 320
304 513
304 1261
304 2077
304 565
305 327
305 1612
305 338
305 845
305 400
305 1274
305 1307
306 743
306 2129
306 1042
306 1048
306 1468
307 1187
307 1553
307 659
307 1243
307 344
308 1953
308 881
308 1723
309 971
309 753
309 404
309 1241
309 1468
309 703
310 2178
310 806
310 1132
310 408
310 1500
311 1442
311 645
311 938
311 727
311 697
312 1616
312 851
313 1411
313 1572
313 2090
313 654
313 348
314 1760
314 1729
314 962
314 1232
315 2000
315 994
315 1219
315 740
315 1382
315 621
315 1394
315 1108
315 1685
315 374
315 1156
315 1668
315 318
315 1717
316 738
316 777
316 524
316 930
316 1135
316 1290
316 1438
316 1119
317 1707
317 1230
317 633
317 1182
318 1252
318 966
318 684
318 1614
318 1350
318 405
318 442
319 513
319 1723
319 705
319 1544
319 1356
319 656
320 1696
320 560
320 483
320 1733
320 1414
320 1419
320 330
320 555
320 622
320 508
320 1889
320 1279
321 1762
321 808
321 810
321 684
321 1878
321 534
322 451
322 1032
322 1746
322 1843
322 1563
323 395
324 1123
324 1030
324 1103
324 2128
324 2129
324 562
324 1556
324 727
325 1163
325 468
325 535
325 1117
326 897
326 869
326 976
326 1107
326 1358
327 550
327 1066
328 600
328 1783
328 376
328 2005
329 455
329 812
329 333
329 368
329 854
329 1052
330 2126
330 530
331 1222
331 1097
331 1395
331 951
332 1967
332 381
332 1460
332 1082
333 579
333 781
333 873
334 563
334 660
334 504
334 349
335 1931
335 1252
335 686
336 913
336 1987
336 1758
336 873
337 352
337 483
337 1634
337 1283
337 1781
337 439
337 797
337 2079
338 1960
338 1138
338 797
338 1908
338 452
338 605
339 1840
339 998
339 780
339 1809
339 979
339 1045
339 791
339 952
339 1557
340 1124
340 546
340 718
340 2166
341 1762
341 619
341 1480
341 1143
341 2188
341 525
341 1134
341 785
341 598
341 919
341 473
341 411
341 1949
342 2089
342 1388
342 685
342 2069
342 409
342 607
343 512
343 1026
343 1955
343 1636
343 1122
343 1812
343 850
343 1971
343 694
343 1748
343 1082
343 379
343 1375
344 1638
345 736
345 1607
345 1230
345 2101
345 1589
345 1334
345 1241
345 477
346 1613
346 728
347 1476
347 1010
347 1946
347 1202
347 1336
347 1501
348 1742
348 403
349 642
349 357
349 1396
349 1577
349 1912
349 1829
350 1861
351 1017
351 1564
352 2123
352 1348
352 1542
352 2122
352 1003
352 1294
352 658
352 1934
352 1508
352 1370
352 1787
352 1214
353 1248
353 820
353 1414
353 649
353 921
353 660
353 793
353 729
354 385
354 363
354 695
354 1263
354 849
354 1523
354 1113
355 1959
355 2152
355 1277
355 657
355 2162
355 761
355 441
356 612
356 1509
356 1222
356 1516
356 696
356 1300
356 632
356 1407
356 986
356 1247
357 1699
357 1417
357 364
357 1806
357 1167
357 944
357 435
357 2009
357 671
358 1920
358 2084
358 1317
358 939
358 1747
358 1047
358 410
358 1598
359 1976
359 1941
359 612
359 615
359 1169
359 2185
359 557
359 1041
359 1395
359 1465
359 1759
359 409
359 1924
359 1194
359 574
359 1151
360 1955
360 425
360 1389
360 432
360 1717
360 375
360 2172
360 821
361 1665
361 1174
361 1674
361 2125
361 1935
361 374
361 1161
361 1853
362 768
362 739
362 2134
363 1283
363 1540
363 549
363 1161
363 1642
363 528
363 1165
363 1011
363 1206
363 655
363 1948
363 413
363 1406
364 1769
364 1406
364 1381
365 651
365 1135
365 633
365 1843
366 2091
366 944
366 1045
366 699
366 1822
367 640
367 423
367 1000
367 1257
367 463
367 1011
368 2129
368 1730
368 1127
368 1961
368 1330
368 915
368 950
368 1719
368 1081
368 1890
368 2194
369 1376
369 741
369 1938
369 783
369 1681
369 2138
369 1756
369 1407
370 1632
370 1443
370 1543
370 520
370 971
370 912
370 1352
370 1682
371 555
371 1636
371 2149
371 551
371 779
371 1692
371 842
371 844
371 721
371 2122
371 1066
371 2181
372 1638
372 1680
372 1367
373 1472
373 526
373 820
373 1820
374 1003
374 975
374 1518
374 820
374 1463
374 634
374 1182
375 1486
376 1338
376 1662
377 770
377 2183
377 1545
377 1561
377 1957
377 423
377 604
377 1333
377 567
377 1344
377 1217
377 1093
377 2004
377 1621
377 1884
377 994
377 1516
377 504
377 1530
378 642
378 419
378 805
378 934
378 923
378 749
378 1039
378 1503
378 596
378 565
378 822
378 831
378 637
378 575
379 488
379 567
379 1808
379 472
379 827
379 828
379 542
380 867
380 1700
380 581
380 1926
380 1255
380 1356
380 662
380 441
381 516
381 485
381 1657
381 601
381 1989
381 1917
381 773
382 737
382 1761
382 1292
382 1917
382 982
382 541
383 640
383 641
383 1219
383 1063
383 1110
383 1017
383 1722
383 926
384 768
384 1090
384 391
384 1558
384 1785
384 825
384 1565
384 926
385 1543
385 598
385 1433
385 636
386 1571
386 403
386 1270
387 1894
387 1362
389 615
389 1656
390 1251
390 1683
390 921
391 838
391 1836
391 780
391 1261
391 1015
391 1023
392 1024
392 2136
393 1378
394 995
394 612
394 1606
394 1775
394 977
394 1204
394 1028
394 1151
395 865
395 932
395 473
396 2043
396 1574
396 744
396 1065
396 1995
396 1964
396 2124
396 916
396 507
396 668
396 1002
397 1952
397 2092
397 458
397 1420
397 1437
397 1305
397 650
398 449
398 839
398 1153
398 1959
398 463
398 1716
398 2165
398 470
398 1257
398 1144
398 2108
398 605
399 1057
399 1284
399 1413
399 1351
399 1484
399 1770
399 844
399 2153
399 1112
399 1725
400 909
400 1372
401 1635
401 795
401 613
401 1880
401 1580
401 1424
401 1329
401 786
401 630
401 709
402 523
402 496
402 691
403 1892
403 1535
404 640
404 1665
404 452
404 1415
404 553
404 1327
404 2008
404 2194
404 617
404 536
404 772
404 474
404 765
404 1086
405 1858
405 1508
405 1483
405 496
405 1720
405 1627
405 510
406 578
406 1028
406 901
406 744
406 1448
406 468
406 1337
406 500
406 734
407 580
407 1899
407 1490
407 1619
407 858
408 1429
408 1146
408 1791
409 451
409 2111
410 933
410 1259
410 1991
410 2131
410 1753
411 449
411 1380
411 517
411 1034
411 716
411 1849
411 1934
411 2127
411 596
411 1974
411 1721
411 1208
411 1876
411 606
411 1029
412 1510
412 535
413 1697
413 1154
413 1252
413 1971
413 1681
413 1932
413 650
413 940
413 1794
413 1070
413 625
413 1970
413 1825
413 1198
413 471
413 1373
414 546
414 1636
414 1446
414 1581
414 1521
415 1806
415 1855
415 991
416 454
416 840
416 1776
416 1585
417 672
417 1482
417 1002
417 1528
417 818
417 1268
417 2071
417 600
417 1529
417 570
417 796
417 1402
417 459
418 932
418 1558
418 652
418 1812
418 1082
418 958
419 1022
420 504
420 498
420 638
421 2018
421 1765
421 1322
421 974
421 1893
421 699
421 831
422 1380
422 1829
422 880
422 1876
422 2071
422 890
422 859
422 797
422 2142
422 671
423 453
423 474
423 2012
424 582
424 1224
424 1079
424 632
424 1531
424 1022
425 1701
425 645
426 1286
426 487
426 1257
426 1240
426 637
427 1804
427 1482
427 1803
427 975
427 2069
427 745
427 1900
428 801
428 648
428 1453
428 656
428 1813
428 1823
429 903
429 1481
429 807
429 1103
429 1907
429 1647
430 876
430 2160
430 1690
430 1215
431 2186
431 594
432 1986
432 527
432 1392
432 1353
432 475
433 962
433 546
433 1926
433 1894
433 776
433 674
433 2094
433 543
434 2117
434 683
434 468
434 951
434 959
435 1377
435 1410
435 888
435 535
435 792
436 514
437 1017
437 1919
437 1471
438 1657
438 785
438 841
438 1482
438 2093
438 1033
438 2040
438 985
438 1305
438 1516
439 864
439 1352
439 1256
439 810
439 652
439 626
439 2041
439 1594
439 2108
439 991
440 929
440 1761
440 1578
440 499
441 576
441 1256
441 1068
441 1397
442 1828
442 1062
442 529
442 847
442 1360
442 917
442 1110
442 1018
442 895
443 576
443 1507
443 1060
443 550
443 1714
443 862
444 571
444 927
446 573
446 1456
446 2194
446 570
446 1999
447 1905
447 1173
448 832
448 1792
448 1416
448 515
448 1444
448 549
448 552
448 1321
448 1711
448 496
448 472
448 501
448 1686
448 1034
450 896
450 1315
450 487
450 557
450 1681
450 594
450 951
451 1205
451 652
451 1746
451 629
451 1276
451 1565
451 533
452 1768
452 843
453 1296
453 1226
453 1645
453 1326
453 1136
453 467
453 1537
453 1461
453 632
453 985
453 474
453 495
453 2035
453 862
453 1685
454 663
454 1812
454 1111
455 611
455 1905
455 1426
455 707
456 2186
457 851
458 1923
458 749
459 1919
459 1441
459 2165
459 575
459 1183
460 1550
460 729
460 1343
461 1985
461 969
461 498
461 886
463 1409
463 469
463 1277
464 673
465 1520
465 663
466 1440
466 1610
466 1455
466 1010
466 2008
467 906
467 1273
467 1236
468 833
468 999
468 1424
468 958
469 943
469 1649
469 1234
469 595
469 692
469 1438
470 1222
470 1963
471 1197
471 509
471 1304
471 956
472 608
472 1793
472 904
472 713
472 2001
472 1827
472 1239
472 2045
473 1312
473 1227
473 1893
473 2182
473 559
473 1521
473 535
473 2169
474 611
474 2184
474 1417
474 908
474 2115
475 512
475 1623
475 1662
476 2048
476 1238
476 1382
476 1735
476 1577
476 1239
476 1550
476 1841
476 530
476 1493
476 1207
477 1007
477 963
477 1881
478 1405
479 491
479 1552
479 500
479 773
480 1218
480 1837
480 1528
480 885
480 824
481 1368
481 1105
481 854
482 1196
482 1132
483 961
483 1028
483 553
483 1943
483 1124
483 1851
484 966
484 1944
484 1561
484 794
485 807
485 999
485 525
485 2001
485 2163
485 2164
485 823
486 1128
486 846
486 1048
486 698
486 732
486 702
487 2050
488 1801
488 532
489 1635
489 1423
490 556
490 1080
491 717
491 1406
492 832
492 643
492 1014
492 614
492 1204
492 566
492 1498
492 541
492 543
493 673
493 1667
493 518
493 1982
493 968
493 2007
493 1965
493 1870
493 1007
493 1010
493 659
493 724
493 597
493 1108
493 1306
493 667
493 1404
495 772
495 745
495 2098
495 1275
496 1281
496 1228
496 1073
496 723
496 1481
497 1664
497 577
497 731
497 1193
497 527
497 688
497 721
497 867
497 1291
498 1997
498 1587
498 2038
498 2011
498 1855
499 929
499 1245
500 1052
501 589
501 590
501 1646
501 623
502 856
502 698
502 859
503 771
503 1320
503 1589
503 2041
503 1086
503 2175
504 2081
504 1828
504 638
504 1049
504 990
505 1831
505 1649
505 1204
505 630
505 1879
505 1690
506 617
506 1034
506 1424
506 1720
507 2056
507 661
507 887
507 927
508 836
508 1477
508 1422
508 1776
508 1989
509 1093
509 938
509 1495
509 1016
510 614
510 1535
512 1067
512 2064
512 627
512 599
513 2115
513 1291
513 1676
513 1086
514 911
514 615
514 1320
514 871
514 686
514 782
514 847
514 1077
515 1563
515 2120
515 786
515 1307
515 1245
515 606
516 1768
516 1906
516 1395
516 702
517 2145
517 1195
517 1811
517 1749
518 1154
518 584
518 1930
518 2159
518 1104
518 563
518 1364
518 1556
518 702
519 796
520 2063
520 592
520 666
521 769
521 1217
521 1261
521 1816
521 1242
521 700
521 1982
521 1823
522 1633
522 1458
522 1692
522 2077
523 1472
523 803
523 743
523 935
523 885
523 1464
523 1914
524 864
524 2117
524 1980
524 989
525 1289
525 1775
525 1560
526 2083
526 1765
526 1579
526 2061
526 1135
526 665
526 1807
526 1909
527 1026
527 1266
527 1461
528 821
528 1148
529 2076
529 605
529 1023
530 1377
530 1031
531 1689
531 894
532 2016
532 710
532 1258
532 2104
533 593
533 1866
533 760
533 592
533 948
533 1496
533 927
534 1422
534 1075
535 544
535 800
535 1539
535 1984
535 929
535 813
535 628
535 1023
535 607
536 1185
536 634
536 863
538 1739
538 583
539 743
539 1462
539 1499
540 720
541 1793
541 1221
541 935
541 1992
541 1065
541 974
541 1842
541 1331
541 1438
542 554
542 2187
542 2064
542 2066
542 1916
542 830
543 1253
543 915
543 1972
543 1663
543 988
543 735
544 690
544 564
544 692
544 762
544 1916
545 1603
545 1317
545 1415
545 2034
545 1044
546 1701
546 1677
546 1102
546 1013
546 827
546 765
547 811
547 1911
548 678
549 1152
549 2084
549 646
549 1884
550 1225
551 1025
551 933
551 1639
551 1418
551 1645
551 1533
552 1957
553 957
553 861
554 1297
555 1736
556 1235
557 707
559 1026
559 1173
559 2078
560 2127
560 851
560 1465
561 644
561 2058
561 1139
561 1902
562 1258
562 1229
562 1746
562 860
562 798
562 959
563 732
563 1567
564 992
564 1491
565 950
567 649
567 1517
568 993
568 607
570 1175
570 973
570 985
570 697
571 1476
571 720
571 1757
572 1420
572 884
572 694
573 1859
573 1386
573 1886
573 878
573 1615
573 1526
573 670
574 1978
576 1857
576 1787
576 1372
576 1827
577 1293
577 914
577 628
577 1206
578 1526
578 1654
578 1113
578 1018
579 1888
579 1430
579 1133
579 918
580 1932
580 1740
580 1394
580 1334
580 828
581 640
581 2140
581 949
583 1602
583 1059
583 1190
583 1736
583 1196
583 1794
583 1009
583 1587
583 1945
583 796
583 894
585 874
586 1979
586 1118
587 1704
587 1008
587 2099
587 604
588 1449
588 1581
588 750
588 1686
588 1145
588 602
589 2144
589 1608
589 1053
589 723
589 1238
589 1464
589 957
590 1263
590 1367
592 1764
592 763
593 777
593 1004
593 1656
593 1405
593 1087
594 680
594 840
594 1470
595 1445
595 1639
595 1176
595 2165
596 1540
596 681
596 653
596 1682
596 658
596 758
596 1064
596 1177
596 732
596 1338
596 1118
597 1320
597 668
598 1162
598 1901
599 961
599 1669
599 1671
599 680
599 1353
599 1135
599 712
599 1841
599 1620
599 981
599 694
599 919
599 1194
599 1054
599 639
600 1546
600 1615
601 1313
601 2146
601 678
601 615
601 1963
601 1938
601 1491
602 1133
602 633
602 1307
603 1937
603 1404
604 1991
604 1133
604 1200
604 1393
604 1300
604 918
604 1305
604 1983
605 661
606 642
606 1671
606 948
608 680
608 1771
608 1421
608 2076
609 965
609 942
609 1939
610 616
610 1004
610 1622
610 1047
611 1473
611 2050
611 707
611 838
611 648
611 827
611 1975
611 1998
611 757
611 1943
612 2181
612 1703
612 2188
612 1050
612 1407
613 1211
613 1755
613 1097
613 780
613 2199
613 1051
613 892
614 1570
614 2149
614 1964
614 2068
614 2153
614 792
616 2177
616 1960
616 858
616 1275
616 1599
617 998
617 1352
617 1292
618 2052
618 1515
618 631
619 1153
619 1564
620 866
620 868
620 1284
620 1132
620 980
620 1492
621 999
621 1361
621 635
622 803
622 1809
622 1875
623 1090
623 1522
623 1202
623 1371
624 1125
624 1231
625 1636
625 1012
626 769
626 898
626 1610
626 1580
626 2163
626 765
627 2019
627 2149
627 1737
627 1071
627 1202
628 970
628 719
628 1340
629 1798
629 1481
629 1146
630 2026
630 1973
632 689
633 899
633 1319
633 1834
633 2119
633 1299
633 958
633 798
634 1025
634 1955
634 1764
634 1095
634 1676
634 1295
635 2152
635 913
635 1529
635 731
635 1436
636 888
636 2013
636 1791
637 1858
637 1675
637 965
637 936
637 715
637 1583
637 1928
637 724
637 846
637 1454
637 668
637 1365
638 1059
638 1830
638 1463
638 804
638 1470
639 1250
640 1570
640 714
640 856
640 2196
640 1918
641 995
641 1801
641 850
641 1983
641 1564
642 1200
642 656
642 1622
644 700
644 1080
644 860
645 705
645 1291
645 653
645 1519
645 1993
645 757
645 1991
645 1304
646 904
646 1163
646 1458
646 1364
646 1759
647 730
648 1096
648 1650
648 963
648 1076
649 2097
650 1576
651 1865
651 652
651 1492
651 1114
651 2012
652 1488
652 1595
653 1703
653 2153
654 837
654 1846
654 925
655 1519
655 1973
656 931
656 1382
656 726
656 1369
657 771
657 1523
658 875
658 980
659 882
659 1555
659 1910
660 2028
660 1721
661 1890
661 1555
662 907
662 941
662 1231
662 1808
663 1576
663 1836
663 1007
664 1709
664 1777
664 1245
664 1631
665 1600
665 1509
666 1346
666 1839
666 1915
667 708
667 1125
667 1233
667 1269
667 1788
668 1173
668 1708
668 1469
668 1488
668 788
668 1497
668 1055
669 1914
670 964
670 1608
670 2067
671 2043
671 2126
671 1403
671 1087
672 1408
672 1988
672 1543
672 1001
672 2068
673 1760
673 1735
673 1053
673 1038
673 1021
673 791
674 1795
675 1744
675 2006
675 861
676 853
676 1593
676 1310
677 1390
677 2005
677 1273
677 826
677 1885
677 2014
678 2040
679 1633
679 1546
679 1326
679 1490
679 854
679 1847
679 1418
681 700
681 1118
682 1700
682 2181
682 1350
682 809
682 1067
682 2185
682 1596
683 1024
683 834
683 1581
684 1553
685 1857
685 1180
686 970
687 2188
687 1908
687 1909
687 2004
687 1149
687 2133
688 705
688 1129
688 1099
688 1645
688 1936
688 823
688 1211
688 1246
689 1793
690 1090
690 1061
690 1322
690 2038
690 792
691 872
691 1163
691 1036
691 2152
691 693
691 729
691 1786
691 1098
691 1790
692 2068
692 892
693 1280
693 1203
693 1646
693 1228
693 969
693 1722
694 1431
694 1364
694 852
695 1322
696 1762
696 1637
696 874
696 1036
696 814
696 1138
696 2008
696 1339
696 1439
697 2124
698 1076
698 1655
699 1126
699 1554
700 2179
700 1421
700 1462
701 1830
702 2081
702 1694
703 1443
703 2187
703 1818
703 1365
704 960
704 2032
704 1763
704 1061
704 748
704 1810
704 1689
704 890
705 1862
705 1863
705 2106
706 2088
706 1081
707 2150
708 898
708 1446
708 1100
709 1635
709 1640
709 1706
709 1234
709 1944
709 1054
710 1780
710 1080
713 1102
713 1747
714 960
714 900
714 876
714 881
714 959
716 896
716 1920
716 2053
716 838
716 2010
716 1884
717 2090
718 1348
718 1381
718 1914
718 1308
719 1293
719 1149
720 1312
720 2056
720 1487
720 752
720 1950
720 1402
720 1594
720 1150
720 767
721 1220
721 1573
721 785
721 1205
721 1175
721 889
722 774
722 1688
722 984
723 1344
723 1289
723 1497
724 1995
724 1171
725 1905
726 1627
726 1098
727 2054
727 1494
728 2176
728 1929
728 1199
728 2068
728 1848
731 1028
731 1837
731 853
731 859
731 2109
732 1665
733 1889
733 1383
734 835
735 1199
735 1727
736 1219
736 975
736 1816
736 1661
737 1373
738 995
738 1425
738 911
738 1939
739 2074
740 1730
740 1324
740 1777
741 1425
741 1064
741 1267
742 1408
742 1000
742 802
742 1357
742 758
742 767
744 768
744 1293
744 1780
745 1450
745 1328
746 1986
746 2178
746 811
746 1521
746 2100
746 1237
746 1559
746 1981
746 1374
747 1349
747 1998
747 1302
748 1856
748 1190
748 1961
748 1041
748 1821
749 2071
749 830
750 1271
750 1518
750 1583
750 754
750 855
750 795
750 2174
752 1323
752 1241
753 992
753 1359
753 925
754 1225
754 2070
754 1756
755 1376
756 1164
756 2075
757 1750
759 772
759 807
759 762
759 1278
761 1897
762 2090
763 2025
763 1684
763 894
764 880
765 960
765 1888
765 868
765 1477
765 2060
765 1454
765 1265
766 1122
767 2191
767 1849
768 1303
769 871
769 779
769 978
769 913
770 868
770 871
770 1021
772 1496
773 1238
773 1946
774 971
775 964
775 1701
775 877
775 2015
776 1990
776 1931
776 1629
776 1584
777 1887
778 2046
780 1702
780 1630
781 1486
782 1924
782 1094
782 1954
783 1157
783 1359
784 901
784 1400
785 1539
785 1106
785 1596
786 1003
786 981
787 1712
787 1451
787 1221
787 811
787 1452
787 1722
787 1118
788 1225
788 1198
788 1588
789 1141
789 2013
790 931
791 2082
791 1126
791 1463
791 1530
791 2139
792 1509
792 2025
792 1130
792 1167
793 1932
793 943
793 1108
793 922
796 1288
796 1838
796 1173
796 1911
797 2083
797 1317
797 1269
798 1124
798 1109
799 1422
800 1281
800 1742
800 1966
800 828
801 1459
802 1416
802 986
803 1410
803 1195
803 1643
803 1374
804 1697
805 1804
805 1245
807 1771
807 887
811 1961
811 1272
811 1758
812 1807
812 1621
812 2135
812 1809
813 2029
813 948
814 947
815 866
815 1283
815 1192
815 1577
816 996
816 1641
816 1107
816 2036
818 1602
818 1893
818 1478
818 1249
818 2093
818 1523
818 1045
818 1540
818 2175
819 1096
819 1887
821 1209
822 1432
822 1357
822 1549
823 2000
823 1125
823 1669
823 1417
823 1436
825 2047
826 1040
827 1500
827 1049
827 1372
828 1899
828 1748
828 1847
829 1934
829 1682
829 1534
829 2166
829 1303
829 1054
830 2103
830 1306
831 1444
831 1672
831 945
831 1495
832 896
832 1308
832 1824
833 1475
833 2135
834 1257
834 1074
834 1149
835 1704
836 880
837 1611
838 844
838 973
838 2169
839 1384
839 2092
840 1664
840 1164
840 924
841 1056
842 1193
843 1346
843 899
843 968
843 1164
843 1142
843 2108
844 1515
844 1452
844 976
844 1362
844 1647
845 1063
845 1911
846 2179
847 1319
847 1012
847 1718
848 2052
849 1313
849 1644
849 1488
849 915
849 1111
849 1712
849 1853
851 1920
851 1670
852 1409
852 1867
852 1166
852 1551
852 1264
852 1782
852 983
853 1474
853 1667
853 1348
853 1896
854 1891
854 1188
855 928
855 1603
855 1060
855 1005
856 1339
857 1760
857 1539
857 1896
857 1714
857 946
857 2179
857 1430
857 2079
858 2146
858 1229
858 1171
858 1439
858 895
859 1832
860 1363
861 865
861 1698
861 1412
861 901
861 1168
861 2161
861 1529
861 1371
861 1083
861 1148
861 1882
862 962
862 1767
862 1802
862 1465
864 1079
864 1720
864 1055
865 1922
866 2063
867 1956
867 1033
867 984
869 1708
869 1101
869 1142
869 1151
870 1160
871 1467
871 1674
871 1051
872 1187
872 1321
872 1962
872 1754
872 885
873 1546
873 1644
874 1325
874 1183
875 1259
875 1033
875 1036
875 1069
875 1679
875 1618
876 1947
876 1342
877 1121
877 2019
877 1224
878 1930
878 1331
878 1012
879 1798
879 1447
880 1380
881 1531
881 930
881 1199
881 1147
881 1116
881 2186
882 1895
882 2184
882 1673
882 1927
882 1369
882 1243
883 1790
884 993
885 948
886 1258
888 1138
889 1584
889 1784
890 1520
890 1177
890 2107
891 1026
892 1467
893 1276
894 1088
894 1513
894 1738
894 2036
895 937
895 1174
895 1211
895 1119
896 1192
897 1155
897 1642
897 1047
898 2134
899 2174
900 1483
901 904
901 1598
903 1522
903 1366
904 931
904 1128
904 1296
904 1527
904 1818
904 956
905 1541
908 2116
908 1573
908 2186
908 1998
908 949
908 1116
909 1412
909 1944
909 989
910 1743
910 1240
910 1887
911 1062
911 1001
911 1162
912 1814
913 1155
913 1662
914 998
914 1382
914 1428
915 1217
915 1430
916 1831
918 1825
919 928
919 1542
920 1267
920 1340
920 1925
921 1606
921 935
921 1432
922 1569
922 1638
922 953
923 1133
923 1113
923 1949
924 1616
925 1223
925 2088
925 1354
925 1911
925 1650
925 1417
925 1713
925 990
926 1089
926 1730
926 1091
927 1603
927 1717
928 1229
928 1197
929 1801
930 1195
930 1104
931 2197
932 944
933 1032
933 1370
934 1315
935 1765
935 1501
936 2080
936 2107
936 1060
936 2118
936 1106
936 1750
936 1721
936 1599
937 1643
938 2085
938 2150
941 1722
942 1316
942 1906
942 1592
942 953
944 1017
944 1246
946 1721
946 1582
946 1458
946 1843
946 1145
948 1847
948 958
949 1250
949 1475
949 1261
949 1693
950 1779
951 1897
951 2156
951 1166
951 1713
951 2075
951 1182
952 1679
952 1009
952 1727
953 2016
953 1798
953 1289
953 1781
954 1291
954 1593
955 992
955 1419
955 1900
955 1943
957 2155
957 1167
957 1489
960 2058
960 1019
962 1206
963 1903
964 2052
964 997
964 968
964 2156
965 1624
965 1401
965 1947
966 1058
966 2063
966 1752
966 2074
967 1742
967 1179
968 1230
968 2066
968 1141
969 1990
969 1146
969 2101
971 1074
972 1140
974 1993
974 1389
974 1015
974 1903
974 1053
974 1189
975 1442
975 1610
975 1874
975 1815
975 2167
976 1267
977 1104
977 1160
977 1242
978 1399
978 1337
978 2043
979 2018
979 1383
980 1708
980 1541
980 1030
980 1134
980 1295
982 1907
984 2178
984 1018
984 1212
985 1514
985 1838
985 2104
985 1866
986 1048
986 1018
987 1814
987 1471
988 1795
988 1800
989 1029
989 1273
990 1444
990 1949
990 1168
990 1976
991 1249
991 2157
991 1562
992 1601
992 1351
992 1328
993 1616
993 1298
993 1145
996 1871
996 1577
996 1455
997 1198
998 1453
1000 1537
1001 1185
1001 1478
1001 1866
1001 1526
1001 1883
1002 1089
1003 1544
1003 1200
1004 1993
1004 2066
1004 1653
1005 1075
1006 1890
1006 1030
1008 1129
1010 1032
1010 1195
1010 1522
1010 1972
1010 2009
1011 1483
1011 2033
1011 1176
1012 1506
1012 2158
1014 2177
1014 1379
1016 2049
1016 1819
1016 1485
1016 1431
1017 1634
1017 1433
1018 1216
1019 1160
1019 1066
1019 1227
1019 1673
1019 1689
1020 2053
1020 1204
1021 1304
1022 1878
1023 1864
1024 1212
1025 1974
1026 1035
1028 1666
1028 1926
1028 1296
1029 1092
1029 1367
1029 1310
1030 1091
1030 1996
1031 1305
1032 2065
1033 1641
1034 2053
1035 1122
1035 1774
1035 1045
1035 1119
1036 1840
1036 2014
1037 1960
1037 1228
1037 1143
1040 1597
1041 1786
1041 1213
1042 1264
1042 2143
1043 2131
1044 1485
1044 2002
1045 1666
1046 1226
1050 2189
1050 1816
1050 1726
1051 1096
1052 2144
1052 1329
1052 1752
1052 1274
1052 1658
1053 1567
1054 2145
1054 1347
1054 1454
1054 1680
1054 1534
1055 2081
1055 2112
1055 2155
1055 1644
1055 1912
1055 2039
1055 1528
1056 1642
1056 1232
1056 2130
1056 1860
1056 1147
1058 2026
1058 1547
1058 1429
1059 1600
1059 1324
1059 2003
1060 1570
1060 1188
1060 1605
1061 1877
1062 1942
1063 2112
1063 1678
1064 1252
1064 1287
1064 1746
1065 1797
1065 1304
1066 1068
1066 1710
1067 1262
1068 1448
1069 2182
1069 1656
1070 1132
1070 1362
1071 1477
1071 1842
1072 1319
1072 1138
1072 1111
1073 2097
1073 1299
1073 2005
1074 2175
1075 1857
1075 2191
1076 1990
1076 1966
1076 1176
1076 1439
1077 1833
1077 1646
1077 1807
1079 1500
1082 1152
1082 2145
1082 1256
1082 1290
1082 2097
1082 1823
1083 1548
1083 1687
1084 1248
1084 2072
1085 1895
1085 1617
1085 1363
1085 1657
1085 1404
1085 1181
1086 2064
1086 2100
1087 1220
1087 1551
1088 1665
1090 1558
1090 2170
1090 1309
1091 1262
1091 1362
1091 1172
1093 1104
1094 1541
1094 1271
1095 1428
1095 1944
1096 1902
1098 2168
1099 1141
1099 1596
1100 2087
1101 2059
1101 1597
1102 2000
1102 1712
1102 1396
1102 2076
1104 1757
1106 1757
1108 1392
1110 1795
1110 1363
1110 1210
1111 1900
1112 1392
1112 1527
1112 2042
1113 1504
1113 1608
1113 1641
1113 1500
1114 1285
1114 1414
1115 1388
1116 1527
1117 1668
1118 1512
1120 1759
1121 1244
1122 1134
1122 1751
1124 1205
1125 1571
1126 1846
1126 1737
1126 1199
1126 1770
1127 1149
1128 1346
1130 1350
1130 1134
1131 1217
1131 1739
1132 2127
1136 1574
1137 1970
1137 1592
1138 1562
1138 1530
1138 1886
1141 1833
1143 1366
1143 1753
1144 1280
1145 1315
1147 1172
1148 1419
1148 1457
1148 1430
1149 1224
1150 1872
1150 1463
1151 1696
1152 2190
1152 2143
1152 1790
1152 2047
1154 1440
1156 1745
1158 1648
1158 2100
1158 1272
1159 1426
1160 2162
1160 1844
1160 1566
1160 2143
1161 2096
1161 2137
1163 1403
1163 1437
1164 1276
1165 1381
1165 1650
1165 1332
1165 1494
1165 2023
1166 1324
1166 2189
1167 1538
1168 1989
1168 1991
1168 2124
1168 1530
1169 2121
1171 1281
1171 1421
1171 1755
1172 1715
1172 1215
1173 1958
1173 1910
1174 2147
1175 1436
1176 2017
1176 2027
1176 1262
1177 2070
1179 1355
1179 1308
1181 1799
1182 1338
1183 1273
1183 1915
1186 1441
1186 1410
1186 1232
1186 1203
1187 1255
1188 1808
1189 1981
1191 1451
1193 2050
1194 1490
1194 1715
1194 1210
1196 2158
1196 2045
1197 1778
1198 1706
1198 2173
1198 1810
1198 1845
1200 1449
1202 1490
1203 1984
1203 1609
1204 1349
1205 1589
1205 1627
1207 1601
1208 1673
1208 1788
1210 1487
1210 1971
1211 1471
1212 1396
1212 1877
1214 2091
1215 1288
1215 1358
1215 1406
1216 1314
1216 1347
1216 1859
1218 1377
1219 2023
1219 1246
1220 1805
1221 1592
1222 1739
1222 2032
1222 1983
1223 1254
1223 1734
1223 2123
1225 2025
1226 1569
1226 1800
1226 2078
1226 2010
1226 1275
1226 1822
1227 1549
1227 1968
1228 1394
1231 2058
1232 2073
1233 1573
1234 1312
1234 1254
1234 1585
1235 1408
1235 1563
1236 1697
1236 1508
1236 1254
1236 1810
1236 1752
1237 1571
1238 2007
1239 1679
1239 1945
1239 1583
1241 1869
1242 1863
1243 1744
1244 1485
1244 1972
1244 1433
1245 1783
1246 1819
1247 1845
1248 1737
1248 1585
1250 1605
1250 2089
1252 2146
1252 2179
1252 1309
1255 2029
1255 1333
1257 1786
1258 1677
1258 2197
1260 2067
1265 1835
1266 1607
1266 2051
1266 1533
1266 2047
1268 1456
1268 1753
1268 1726
1269 1973
1269 1336
1270 1637
1271 1278
1273 1698
1274 1799
1276 1390
1277 1638
1277 1503
1278 1565
1278 1821
1279 1485
1282 1896
1282 1525
1282 1590
1282 1561
1283 1731
1283 1653
1287 2095
1289 1860
1289 2090
1289 1365
1290 1553
1290 1397
1290 1974
1293 1523
1295 2103
1296 1591
1299 2032
1300 1854
1303 2026
1308 1704
1308 1359
1309 1734
1309 1612
1309 2044
1309 1630
1310 1971
1310 1913
1311 1576
1313 1762
1314 2059
1315 1330
1316 1599
1317 1497
1319 2105
1320 1671
1320 1386
1320 1432
1320 1787
1322 1734
1322 1607
1323 1568
1323 1840
1323 2019
1323 1828
1323 2020
1324 1345
1324 1573
1326 1632
1326 1985
1326 1413
1326 2036
1326 2117
1327 1495
1328 1603
1331 1644
1331 1548
1331 2126
1333 1374
1334 2148
1334 1772
1335 1535
1336 1418
1336 1516
1337 2125
1337 1975
1338 1484
1338 1773
1340 1427
1341 2139
1342 1368
1344 2056
1344 2074
1345 1506
1345 2065
1345 1491
1345 1718
1345 1370
1347 1657
1348 1997
1349 1843
1352 1761
1354 2154
1356 2012
1357 2031
1358 1858
1358 1566
1359 1796
1359 1515
1359 1676
1359 1650
1360 1403
1361 1901
1367 1931
1368 1836
1369 1616
1369 1522
1370 2145
1371 2042
1372 1894
1375 1592
1376 1658
1377 2113
1377 2148
1378 1697
1378 1492
1379 1837
1379 1486
1379 1713
1379 1938
1382 1514
1383 1720
1383 1951
1384 1540
1385 1830
1385 1672
1385 1618
1385 1750
1386 2156
1386 1774
1388 1824
1388 1667
1388 1444
1388 1647
1388 1593
1390 1827
1390 2086
1392 2072
1392 1659
1393 2011
1397 1849
1399 1876
1400 2082
1400 1527
1400 2012
1400 1981
1404 1868
1405 1688
1407 1796
1407 2078
1411 1614
1411 2033
1414 1602
1416 1773
1417 1606
1419 1865
1419 1980
1419 1427
1419 1533
1420 1747
1421 1908
1424 1795
1425 1459
1426 1773
1427 2105
1429 1995
1429 1767
1430 1724
1430 2142
1431 1990
1433 2102
1433 1508
1434 1924
1434 1493
1434 2045
1437 1867
1437 1821
1438 1458
1442 1769
1444 2016
1445 1452
1445 1784
1445 1464
1445 1554
1445 2110
1446 1690
1447 2021
1447 1579
1447 1591
1448 1854
1452 1556
1456 1791
1457 1740
1458 2157
1458 1628
1460 1999
1462 1598
1464 1755
1465 2087
1467 1496
1468 1578
1469 2197
1472 1587
1476 1825
1477 1933
1478 2026
1478 1977
1479 1699
1479 1512
1481 2010
1481 2046
1481 2133
1482 1837
1483 1575
1484 1504
1484 1748
1486 1891
1486 1683
1487 2056
1487 2067
1487 1780
1487 1526
1489 1574
1490 2144
1491 1726
1492 1999
1492 1813
1496 1855
1497 2080
1498 1547
1498 1745
1498 1531
1501 1568
1501 1538
1505 1921
1506 1937
1506 1907
1508 1524
1508 1560
1509 1957
1509 2128
1510 1703
1512 1895
1512 1869
1514 2037
1515 2035
1519 2049
1519 2114
1520 1547
1525 1952
1526 1675
1527 1833
1529 1855
1530 1806
1531 1808
1534 1728
1534 2195
1536 1979
1539 1834
1539 1628
1539 2109
1541 2096
1541 2039
1542 1669
1542 1556
1544 1850
1545 1940
1547 1701
1547 1992
1547 2104
1548 1664
1548 2116
1551 1860
1551 1702
1552 1612
1552 2028
1556 1876
1557 1850
1557 1661
1558 2151
1558 1645
1559 1854
1561 1904
1564 1667
1564 1879
1566 1817
1566 2011
1567 2148
1567 2151
1573 2024
1573 1880
1577 1870
1577 1626
1577 2095
1581 1962
1581 2141
1583 1868
1586 1639
1591 1779
1593 2094
1593 1817
1594 2172
1595 1923
1596 1942
1599 1882
1600 1856
1600 2028
1600 1871
1600 1980
1601 1802
1601 2094
1601 2193
1602 1972
1605 1709
1605 2015
1606 1732
1606 1832
1606 1625
1607 2160
1607 1872
1607 1976
1610 1735
1610 1726
1611 1797
1611 2065
1611 1869
1612 1791
1613 2048
1613 2123
1616 1831
1616 1621
1616 1950
1619 1886
1621 2164
1622 1978
1624 1980
1625 1964
1628 2134
1629 1947
1631 1853
1638 1654
1638 1846
1638 1948
1639 2118
1640 1839
1640 2073
1641 1988
1643 2176
1645 2133
1646 1927
1646 2037
1647 1737
1647 1950
1650 2175
1651 1969
1653 1899
1659 2087
1661 1744
1662 2080
1664 1707
1664 1933
1664 2137
1670 1921
1673 2018
1676 1898
1679 1985
1679 2170
1680 1844
1682 2018
1682 2058
1682 1776
1684 2139
1686 1691
1687 1861
1687 1778
1687 1785
1691 1953
1694 2033
1694 1710
1695 1978
1697 2027
1697 1723
1699 2049
1699 2098
1701 1923
1703 1805
1703 1723
1703 2044
1705 1923
1705 1967
1705 2171
1713 2000
1714 1913
1715 2120
1716 2116
1717 1725
1720 1956
1720 2195
1722 1951
1725 1839
1725 1844
1728 2049
1728 1782
1731 2132
1731 2169
1732 1774
1734 2034
1737 2154
1738 2191
1739 1815
1740 2031
1742 1940
1750 1771
1753 1797
1766 1794
1766 1977
1768 1994
1769 1865
1770 1935
1772 1793
1772 1975
1772 2042
1773 1835
1776 2064
1782 2067
1784 2151
1787 2171
1788 2062
1791 1974
1793 2095
1794 2159
1802 1861
1803 2153
1804 1845
1808 1945
1810 2043
1810 1925
1811 1981
1820 2022
1822 2024
1825 1879
1831 1912
1832 2055
1839 1864
1842 1866
1851 1853
1855 2083
1857 1870
1860 1952
1862 2060
1863 2003
1863 2039
1864 1878
1864 2142
1866 1868
1869 2101
1873 2004
1875 2014
1882 2176
1884 2178
1886 2021
1890 1951
1892 1927
1894 2085
1895 2129
1895 1907
1895 2006
1904 1968
1911 2035
1912 2054
1916 1996
1930 1994
1935 2084
1936 2168
1937 2091
1938 1942
1941 1965
1941 2163
1943 1992
1946 2066
1948 2020
1949 2037
1953 1982
1954 2191
1960 2168
1966 2051
1969 2114
1973 1984
1973 2086
1974 2110
1976 2124
1987 2142
2008 2118
2008 2038
2013 2177
2025 2051
2026 2158
2026 2193
2027 2057
2036 2128
2041 2183
2048 2173
2050 2055
2060 2114
2077 2147
2087 2181
2090 2096
2095 2114
2103 2193
2124 2130
2158 2171
2161 2169
