0 1
0 2
0 3
0 7
0 8
0 142
0 274
0 19
0 171
0 278
0 23
0 280
0 31
0 546
0 35
0 421
0 678
0 167
0 40
0 41
0 43
0 300
0 456
0 50
0 182
0 313
0 586
0 54
0 597
0 72
0 74
0 460
0 398
0 342
0 471
0 218
0 95
0 391
0 229
0 233
0 619
0 549
0 275
0 376
0 511
0 254
0 405
1 258
1 132
1 5
1 264
1 137
1 10
1 11
1 13
1 557
1 656
1 18
1 535
1 260
1 155
1 30
1 42
1 428
1 173
1 49
1 307
1 564
1 498
1 442
1 315
1 60
1 446
1 576
1 65
1 330
1 215
1 472
1 217
1 113
1 114
1 627
1 246
1 249
1 378
1 126
2 483
2 332
2 79
2 120
2 88
2 58
2 15
2 125
3 385
3 130
3 4
3 389
3 6
3 135
3 520
3 393
3 650
3 396
3 654
3 527
3 17
3 21
3 22
3 152
3 324
3 282
3 27
3 157
3 158
3 304
3 547
3 36
3 680
3 555
3 45
3 174
3 175
3 48
3 51
3 53
3 566
3 641
3 185
3 59
3 188
3 189
3 64
3 195
3 68
3 582
3 457
3 75
3 338
3 83
3 676
3 96
3 482
3 571
3 657
3 105
3 494
3 111
3 117
3 248
3 122
3 124
3 559
3 383
5 34
5 33
5 66
5 438
5 25
5 153
6 160
6 224
6 484
6 102
6 327
6 9
6 591
6 16
6 449
6 469
6 119
6 216
6 602
6 127
8 226
8 550
8 296
8 508
8 269
8 14
8 593
8 156
9 81
9 12
9 310
11 290
11 252
11 149
11 281
12 353
12 87
13 544
13 99
13 198
13 617
13 168
13 585
13 311
13 616
13 177
13 55
13 63
14 545
14 326
14 230
14 134
14 28
14 172
14 630
14 328
14 372
14 214
14 121
14 186
14 92
14 61
15 673
15 515
15 69
15 70
15 39
15 351
15 140
15 80
15 305
15 82
15 371
15 20
15 439
15 56
15 57
15 123
15 536
15 318
15 319
16 320
16 164
16 166
16 423
16 104
16 679
16 397
16 648
16 146
16 52
16 118
16 600
16 284
16 350
17 418
17 358
17 360
17 138
17 267
17 334
17 666
17 91
17 94
18 435
18 93
18 73
20 345
21 268
21 196
21 29
21 513
23 103
23 301
23 238
23 408
23 24
23 699
24 257
24 322
24 534
24 44
24 589
24 143
24 85
24 150
24 633
24 474
24 637
25 26
26 37
26 363
26 46
26 179
26 568
29 32
29 416
29 514
29 201
29 459
29 556
29 270
29 247
29 184
29 412
29 445
29 62
31 488
31 375
33 422
33 136
33 139
33 78
33 381
34 340
34 38
36 98
36 84
36 141
36 565
38 159
40 97
40 436
40 221
40 47
41 133
41 209
41 567
41 90
41 223
42 101
42 294
42 129
42 237
42 689
46 516
46 220
46 575
47 67
47 292
47 165
47 204
47 207
47 145
47 86
47 374
49 658
49 523
49 651
54 240
55 71
55 106
55 395
55 623
55 89
55 346
57 116
58 409
58 77
58 295
61 302
62 682
62 206
62 109
63 552
63 107
63 336
63 402
63 286
63 382
64 521
64 427
64 110
64 560
64 163
64 343
64 154
64 349
65 192
66 406
67 339
67 662
67 478
68 543
69 491
70 115
71 211
71 407
74 169
74 227
75 496
75 636
75 594
75 76
78 507
79 574
81 100
82 176
82 210
83 144
83 424
83 306
85 112
86 242
87 504
87 265
88 108
88 279
89 193
89 387
89 529
89 203
89 429
89 526
89 401
89 470
89 190
92 466
92 411
92 698
93 337
94 200
97 362
97 356
99 683
99 199
105 420
105 219
106 635
107 289
107 643
107 239
107 562
107 312
108 660
110 354
112 628
113 325
114 646
116 352
117 333
120 458
120 316
120 357
120 191
121 400
123 128
123 161
123 426
123 432
123 626
123 244
123 151
127 447
130 148
130 202
130 131
130 475
131 208
131 493
132 370
136 417
136 271
136 464
136 147
136 632
136 410
137 492
138 243
138 500
138 231
139 266
139 677
142 321
142 622
142 553
148 181
149 222
150 659
150 183
152 241
152 178
152 287
156 170
156 187
156 631
157 293
157 486
157 487
159 625
161 162
165 180
168 234
168 355
168 364
168 366
171 273
172 256
172 194
172 485
172 392
172 308
172 686
172 663
172 604
172 415
173 250
173 386
173 413
174 624
174 213
175 329
179 225
180 598
182 365
182 303
184 538
184 605
188 489
191 259
193 665
193 197
193 205
196 615
196 314
196 251
196 503
198 283
198 548
199 348
200 291
200 669
200 639
202 245
207 368
207 572
207 443
207 212
213 451
215 468
219 235
219 361
220 263
220 232
220 297
220 554
220 431
220 272
220 403
220 253
222 551
222 479
224 236
225 379
225 603
225 596
227 481
227 228
227 647
228 384
228 255
229 317
233 653
234 454
234 561
234 531
234 347
234 607
236 323
236 309
241 674
246 563
248 299
253 261
253 262
253 462
253 694
253 441
253 581
255 285
259 592
261 528
262 664
262 331
262 276
262 509
266 288
266 373
268 497
271 690
276 277
281 642
281 414
281 367
282 580
282 517
282 359
283 390
286 519
286 518
287 440
287 298
287 344
287 341
287 638
292 530
292 667
294 380
298 645
300 377
301 525
303 611
306 404
308 434
308 453
308 335
315 399
316 465
316 693
318 668
326 477
328 681
328 437
332 532
335 369
335 684
337 691
338 495
339 688
339 634
349 540
351 394
351 506
353 687
356 425
359 601
360 490
361 640
363 512
363 620
364 388
366 539
367 685
383 652
384 579
385 480
389 695
396 433
396 450
403 419
405 542
410 499
411 649
414 452
417 430
418 644
418 621
420 569
422 672
422 501
422 577
424 444
433 473
436 584
442 476
443 461
447 448
450 467
450 510
450 455
453 583
453 463
455 595
459 590
462 614
463 608
466 537
466 675
466 502
467 505
471 524
471 599
480 609
492 558
497 570
498 629
505 655
520 522
521 533
532 541
544 612
549 613
553 573
555 610
557 618
569 578
572 696
576 587
576 588
576 671
598 670
598 606
620 661
625 697
663 692
