0 3
0 4
0 5
0 9
0 23
0 396
0 22
0 151
0 286
0 159
0 42
0 49
0 53
0 58
0 187
0 318
0 319
0 356
0 104
0 362
0 108
0 109
0 238
0 127
1 64
1 208
1 3
1 6
1 44
1 82
1 46
1 115
1 50
1 51
1 334
1 54
1 56
1 90
1 338
1 157
2 3
2 4
2 6
2 7
2 10
2 13
2 14
2 144
2 17
2 18
2 150
2 175
2 285
2 160
2 162
2 167
2 41
2 170
2 43
2 47
2 56
2 186
2 65
2 196
2 199
2 79
2 82
2 83
2 224
2 97
2 100
2 236
2 338
2 115
2 248
2 254
2 383
3 259
3 4
3 5
3 7
3 10
3 11
3 258
3 14
3 15
3 19
3 21
3 281
3 155
3 28
3 30
3 287
3 32
3 34
3 36
3 166
3 40
3 171
3 172
3 46
3 221
3 49
3 270
3 388
3 54
3 183
3 60
3 191
3 322
3 328
3 74
3 311
3 78
3 79
3 80
3 212
3 85
3 292
3 93
3 208
3 228
3 358
3 102
3 359
3 239
3 116
3 119
3 376
3 378
3 123
3 253
3 299
4 5
4 6
4 7
4 9
4 10
4 11
4 12
4 14
4 259
4 21
4 22
4 279
4 280
4 153
4 27
4 29
4 31
4 133
4 33
4 162
4 292
4 38
4 389
4 40
4 159
4 47
4 49
4 52
4 138
4 59
4 61
4 62
4 321
4 195
4 68
4 69
4 140
4 202
4 268
4 84
4 249
4 217
4 92
4 223
4 98
4 355
4 103
4 380
4 362
4 110
4 113
4 117
4 118
4 120
4 121
4 124
5 8
5 394
5 12
5 141
5 145
5 131
5 20
5 25
5 26
5 367
5 28
5 39
5 156
5 47
5 307
5 54
5 329
5 57
5 65
5 196
5 69
5 326
5 71
5 73
5 75
5 209
5 340
5 85
5 89
5 93
5 228
5 107
5 236
5 366
5 239
5 112
5 241
5 243
5 374
5 250
6 135
6 8
6 137
6 12
6 276
6 33
6 165
6 241
6 43
6 177
6 308
6 202
6 203
6 84
6 346
6 94
6 354
6 104
6 295
6 113
6 148
6 253
6 382
7 8
7 393
7 143
7 145
7 18
7 21
7 153
7 29
7 30
7 34
7 299
7 304
7 392
7 182
7 58
7 69
7 326
7 199
7 78
7 214
7 92
7 17
7 380
8 256
8 9
8 139
8 15
8 146
8 150
8 24
8 26
8 36
8 135
8 45
8 176
8 51
8 55
8 364
8 187
8 318
8 11
8 203
8 204
8 336
8 248
8 83
8 343
8 271
8 227
8 391
8 362
8 108
8 368
8 120
9 209
9 75
9 45
9 141
9 173
9 151
9 28
10 48
10 332
10 42
10 139
10 140
10 13
10 16
10 19
10 20
10 121
10 240
10 68
10 154
10 298
10 318
11 129
11 15
11 16
11 18
11 23
11 43
11 50
11 190
11 322
11 70
11 72
11 331
11 85
11 214
11 97
11 108
11 110
11 118
11 119
11 126
12 384
12 299
12 267
12 13
12 17
12 22
12 25
12 282
12 27
12 26
12 158
12 290
12 37
12 171
12 44
12 177
12 312
12 316
12 63
12 71
12 77
12 348
12 115
12 125
13 257
13 24
13 20
13 152
13 33
13 164
13 37
13 38
13 39
13 52
13 58
13 196
13 87
13 101
13 233
13 234
13 112
13 105
13 127
14 263
14 130
14 301
14 16
14 19
14 278
14 235
14 29
14 30
14 32
14 35
14 39
14 41
14 45
14 46
14 180
14 53
14 186
14 63
14 323
14 68
14 291
14 397
14 80
14 337
14 163
14 86
14 216
14 218
14 399
14 93
14 352
14 272
14 99
14 357
14 107
14 336
14 114
14 147
14 249
14 250
14 381
15 64
15 74
15 396
15 376
15 23
15 88
15 252
15 222
15 95
16 66
16 271
16 181
16 313
16 351
17 67
17 36
17 390
17 168
17 42
17 391
17 142
17 113
17 302
17 184
17 356
17 314
17 123
17 62
18 265
19 353
19 130
19 212
19 295
19 40
19 156
19 330
19 272
19 232
19 52
19 284
19 24
19 153
19 219
19 124
19 221
19 63
20 31
20 34
20 306
20 175
20 178
20 55
20 62
20 192
20 206
20 207
20 81
20 86
20 98
20 229
20 103
20 231
20 112
20 118
20 382
21 41
21 388
21 189
21 50
21 279
21 25
21 27
21 61
21 345
21 31
22 192
22 67
22 266
22 273
22 210
22 181
22 132
22 125
23 32
23 197
23 131
23 101
23 70
23 136
23 226
23 330
23 44
23 77
23 174
23 208
23 339
23 366
23 399
23 60
23 95
24 260
24 261
24 134
24 327
24 396
24 176
24 72
24 251
24 255
25 341
25 170
25 144
25 149
25 378
25 202
26 128
26 385
26 291
26 262
26 268
26 78
26 48
26 305
26 53
26 216
26 217
26 351
26 188
26 348
26 197
27 161
27 262
27 294
27 101
27 102
27 327
27 261
27 203
27 269
27 174
27 367
27 238
27 180
27 292
27 309
27 189
27 245
30 288
30 102
30 89
30 90
31 155
31 71
31 302
31 383
31 117
31 214
31 119
31 283
31 59
32 65
32 66
32 35
32 311
32 120
32 217
32 250
33 353
33 35
33 38
33 392
33 297
33 106
33 76
33 206
33 242
33 99
33 181
33 154
33 188
33 94
34 106
34 236
34 269
34 81
34 51
34 122
35 195
35 342
35 37
35 201
35 394
35 332
35 237
35 333
35 352
35 150
35 335
36 184
36 320
37 322
37 103
37 138
37 215
37 143
37 237
37 278
37 55
37 312
37 287
37 247
38 220
38 321
39 104
39 73
39 395
39 152
39 251
39 158
40 98
40 105
40 67
40 374
41 161
41 130
41 179
42 384
42 209
42 270
42 246
42 124
43 96
43 263
43 73
43 114
43 87
44 91
44 164
44 167
44 72
44 193
44 335
44 48
44 280
44 56
44 324
44 59
44 257
44 159
45 96
45 194
45 230
45 74
45 145
45 148
45 57
45 122
45 127
46 325
46 289
46 200
46 233
46 75
46 264
46 189
47 387
48 273
48 254
49 330
49 76
49 79
49 57
49 91
50 66
50 197
50 358
50 199
50 266
50 61
50 178
50 246
50 279
50 225
50 125
50 293
51 64
51 97
51 364
51 247
51 379
51 350
52 114
53 70
53 139
53 109
53 147
53 123
54 348
54 267
54 205
54 335
54 80
54 244
54 185
54 315
54 60
55 372
56 371
56 182
57 393
57 88
57 157
58 141
58 376
58 377
59 76
59 77
59 110
59 174
60 290
61 353
61 386
61 163
61 323
61 246
61 282
61 91
61 222
61 117
62 368
63 230
63 295
63 327
63 111
63 148
63 310
63 89
63 219
63 156
63 221
63 126
63 319
64 96
64 259
64 294
64 166
64 298
64 81
64 191
64 95
65 129
65 357
65 168
65 137
65 266
65 397
65 84
65 182
65 349
65 133
66 257
68 166
68 107
68 82
68 213
68 185
68 260
69 289
69 251
69 200
69 137
69 106
69 371
69 291
69 111
69 240
69 305
69 178
69 275
69 277
69 169
69 88
69 187
70 331
70 100
70 165
70 138
70 207
71 321
72 258
74 192
74 147
74 389
74 211
74 234
74 173
74 179
74 311
75 165
75 162
75 133
75 389
75 109
75 340
75 152
75 379
75 381
76 329
77 111
77 368
77 83
77 215
78 262
78 140
78 245
78 375
78 219
79 361
80 161
81 277
82 170
82 86
82 100
83 90
84 361
84 87
85 142
85 242
85 350
86 297
88 164
88 210
88 151
88 293
89 136
89 235
89 255
89 220
89 317
89 223
90 224
90 193
90 305
90 92
90 94
91 99
91 200
91 268
91 175
91 213
91 207
91 286
92 136
92 116
92 213
92 126
94 363
94 386
96 128
96 195
96 184
96 281
96 157
97 177
98 215
98 146
98 183
98 158
99 129
100 134
100 264
100 121
100 346
101 128
101 211
102 354
102 132
102 169
102 173
102 176
102 338
102 307
103 231
103 201
103 309
103 218
103 282
104 132
104 232
104 105
105 397
105 289
106 352
107 225
107 194
107 333
107 340
108 387
108 134
108 265
108 369
108 381
109 369
109 190
110 131
110 144
110 146
110 243
110 245
110 351
111 205
111 365
112 391
112 360
112 143
112 116
113 226
113 135
113 242
113 122
114 384
114 272
114 382
115 243
115 393
116 160
116 169
116 399
117 168
117 256
118 227
118 261
118 366
118 302
118 149
119 304
119 349
120 210
122 224
122 379
123 388
123 235
123 280
125 198
125 171
125 212
126 185
126 204
127 290
127 303
127 240
127 370
128 160
128 244
128 188
128 229
130 304
130 216
130 383
131 205
131 373
132 258
132 359
132 155
133 263
133 303
133 247
133 154
134 163
134 269
134 342
136 296
136 307
137 142
137 306
137 211
137 374
139 273
139 149
140 328
141 355
141 254
143 229
143 398
143 375
143 186
144 248
145 237
145 167
146 336
149 337
150 346
151 354
151 222
153 223
154 172
156 298
156 183
157 232
157 179
157 249
158 201
158 372
158 285
159 172
160 274
161 227
162 194
163 287
164 193
164 358
164 276
165 325
167 256
167 294
167 398
167 275
167 277
169 332
171 316
172 313
172 180
173 206
174 323
174 345
177 300
178 252
179 360
181 225
181 296
181 204
181 301
182 296
182 337
183 357
183 300
183 191
184 394
184 270
185 198
185 274
185 343
185 218
187 190
187 238
189 241
190 255
191 283
191 284
192 344
193 198
193 370
193 344
195 329
195 344
195 220
196 228
199 233
199 284
200 347
200 231
202 363
202 244
206 253
210 355
210 310
211 252
211 265
212 308
213 392
213 334
213 314
214 226
214 293
215 297
215 334
215 239
217 234
218 260
218 230
218 364
220 310
222 288
223 308
223 345
223 285
224 286
226 274
228 315
228 278
229 267
230 320
231 316
231 317
232 356
236 380
237 264
237 363
237 319
239 281
241 377
241 343
242 360
242 276
243 325
243 271
243 309
244 328
244 361
245 312
245 386
246 320
246 395
247 301
248 288
251 317
251 303
252 324
253 275
258 283
259 313
259 373
260 385
270 395
271 342
273 347
275 333
276 324
276 326
281 339
281 315
281 349
282 350
286 306
290 314
290 300
293 347
294 367
294 371
300 339
305 373
305 390
308 359
316 331
319 370
321 377
321 341
322 387
330 390
333 365
338 341
342 375
344 385
358 369
360 365
367 372
368 378
379 398
