0 3
0 391
0 9
0 282
0 419
0 38
0 296
0 301
0 50
0 307
0 180
0 63
0 197
0 972
0 204
0 462
0 81
0 862
0 744
0 365
0 760
0 250
1 3
1 4
1 137
1 10
1 13
1 21
1 185
1 25
1 27
1 29
1 414
1 115
1 182
1 569
1 778
1 844
1 226
1 83
1 57
1 95
1 97
1 98
1 488
1 749
1 881
1 371
2 257
2 130
2 3
2 4
2 5
2 6
2 7
2 8
2 779
2 11
2 12
2 525
2 14
2 912
2 280
2 659
2 20
2 150
2 151
2 24
2 641
2 929
2 849
2 159
2 160
2 33
2 682
2 39
2 867
2 42
2 172
2 304
2 49
2 306
2 51
2 308
2 567
2 56
2 351
2 318
2 575
2 65
2 863
2 451
2 453
2 710
2 199
2 457
2 458
2 203
2 76
2 205
2 335
2 336
2 465
2 723
2 341
2 87
2 216
2 601
2 602
2 921
2 94
2 95
2 352
2 592
2 507
2 230
2 615
2 104
2 105
2 235
2 877
2 239
2 920
2 371
2 984
2 916
2 123
2 426
2 127
3 4
3 5
3 264
3 268
3 399
3 659
3 276
3 31
3 931
3 293
3 810
3 173
3 818
3 181
3 697
3 186
3 703
3 450
3 196
3 12
3 594
3 467
3 821
3 217
3 91
3 94
3 37
3 933
4 669
4 260
4 5
4 6
4 7
4 8
4 9
4 10
4 139
4 13
4 15
4 912
4 536
4 18
4 147
4 22
4 152
4 964
4 26
4 923
4 28
4 29
4 325
4 32
4 290
4 164
4 390
4 678
4 945
4 40
4 796
4 274
4 455
4 174
4 303
4 986
4 136
4 790
4 179
4 55
4 571
4 850
4 61
4 192
4 322
4 67
4 580
4 197
4 70
4 71
4 129
4 587
4 78
4 781
4 638
4 83
4 855
4 472
4 484
4 218
4 834
4 93
4 607
4 994
4 827
4 228
4 357
4 104
4 617
4 108
4 146
4 110
4 701
4 894
4 242
4 501
4 707
4 762
4 636
4 298
4 264
5 385
5 534
5 6
5 7
5 8
5 770
5 15
5 16
5 657
5 18
5 19
5 22
5 921
5 536
5 25
5 155
5 31
5 32
5 33
5 34
5 39
5 41
5 42
5 299
5 44
5 769
5 558
5 175
5 304
5 562
5 755
5 564
5 182
5 901
5 839
5 60
5 202
5 830
5 193
5 322
5 225
5 328
5 131
5 203
5 290
5 589
5 976
5 979
5 84
5 213
5 726
5 87
5 473
5 219
5 989
5 990
5 997
5 97
5 739
5 100
5 101
5 103
5 274
5 792
5 112
5 645
5 626
5 481
5 117
5 120
5 468
5 380
5 765
5 895
6 515
6 10
6 11
6 898
6 15
6 656
6 18
6 20
6 280
6 794
6 158
6 800
6 35
6 37
6 294
6 682
6 555
6 816
6 30
6 566
6 951
6 184
6 448
6 67
6 584
6 969
6 79
6 56
6 221
6 107
6 914
6 495
6 114
6 884
6 248
6 506
7 128
7 129
7 929
7 647
7 388
7 140
7 397
7 784
7 408
7 20
7 24
7 132
7 329
7 673
7 37
7 806
7 181
7 54
7 311
7 320
7 193
7 71
7 268
7 75
7 847
7 212
7 350
7 224
7 867
7 741
7 105
7 362
7 375
7 121
8 9
8 783
8 528
8 23
8 28
8 773
8 289
8 421
8 297
8 430
8 431
8 438
8 567
8 568
8 313
8 453
8 327
8 209
8 540
8 366
8 628
8 123
8 508
8 125
9 65
9 706
9 131
9 613
9 426
9 11
9 629
9 237
9 303
9 16
9 17
9 21
9 554
9 255
10 66
10 35
10 519
10 200
10 810
10 139
10 12
10 642
10 561
10 115
10 147
10 599
10 186
10 666
10 125
10 211
11 384
11 129
11 906
11 130
11 143
11 19
11 661
11 23
11 152
11 153
11 27
11 284
11 687
11 30
11 671
11 35
11 36
11 943
11 168
11 938
11 939
11 47
11 176
11 155
11 54
11 185
11 60
11 317
11 190
11 63
11 539
11 578
11 68
11 966
11 72
11 587
11 716
11 596
11 725
11 86
11 88
11 676
11 859
11 348
11 575
11 101
11 105
11 108
11 403
11 372
11 757
11 630
11 119
11 504
11 249
11 319
11 636
12 135
12 791
12 141
12 14
12 16
12 17
12 407
12 24
12 26
12 28
12 285
12 34
12 421
12 881
12 172
12 314
12 452
12 75
12 610
12 13
12 79
12 863
12 98
12 613
12 401
12 744
12 871
12 751
12 113
12 759
12 763
12 126
13 918
13 134
13 265
13 14
13 783
13 150
13 537
13 26
13 30
13 930
13 803
13 170
13 44
13 558
13 305
13 59
13 556
13 577
13 582
13 595
13 87
13 911
13 352
13 375
13 120
14 133
14 646
14 904
14 137
14 17
14 277
14 663
14 283
14 158
14 543
14 162
14 167
14 424
14 304
14 437
14 55
14 828
14 318
14 452
14 652
14 202
14 204
14 78
14 207
14 514
14 474
14 735
14 102
14 487
14 232
14 722
14 369
14 370
14 499
14 500
14 247
14 21
15 96
15 33
15 603
15 379
15 231
15 667
15 717
15 579
15 326
15 118
15 218
15 27
15 316
15 159
16 429
16 920
16 274
16 19
16 533
16 23
16 408
16 926
16 799
16 289
16 34
16 167
16 681
16 967
16 45
16 694
16 787
16 58
16 830
16 576
16 705
16 198
16 673
16 842
16 418
16 85
16 470
16 471
16 88
16 90
16 478
16 880
16 227
16 229
16 616
16 234
16 492
16 109
16 751
16 240
16 115
16 116
16 245
16 376
16 249
16 636
16 801
16 126
17 913
17 534
17 154
17 31
17 164
17 38
17 808
17 297
17 43
17 300
17 49
17 51
17 265
17 57
17 58
17 64
17 324
17 199
17 972
17 718
17 591
17 336
17 270
17 349
17 100
17 106
17 235
17 108
17 882
17 376
18 928
18 865
18 492
18 460
18 141
18 406
18 600
18 516
18 506
18 894
19 896
19 516
19 166
19 614
19 733
19 212
19 757
19 54
19 22
19 157
19 127
20 960
20 99
20 422
20 553
20 74
20 598
20 590
20 822
20 246
20 281
21 32
21 422
21 337
21 40
21 140
21 594
21 207
21 48
21 113
21 178
21 51
21 500
21 726
21 73
21 442
21 621
21 607
22 72
22 366
22 208
22 946
22 505
23 258
23 714
23 147
23 662
23 921
23 25
23 412
23 29
23 549
23 45
23 46
23 311
23 189
23 318
23 447
23 65
23 965
23 200
23 74
23 332
23 591
23 80
23 210
23 724
23 473
23 144
23 611
23 743
23 361
23 106
23 619
23 236
23 878
23 701
23 617
24 36
24 204
24 169
24 75
24 114
24 371
24 84
24 53
24 698
25 386
25 267
25 269
25 655
25 276
25 151
25 795
25 160
25 36
25 47
25 49
25 564
25 52
25 187
25 62
25 69
25 711
25 844
25 458
25 716
25 596
25 90
25 732
25 609
26 160
26 546
26 584
26 876
26 234
26 110
26 83
26 446
26 124
26 509
26 286
27 835
27 740
27 102
27 38
27 348
27 42
27 172
27 754
27 142
27 753
27 82
27 53
27 361
27 309
27 252
27 165
28 107
28 430
28 597
29 270
29 173
29 145
29 914
29 412
29 287
29 161
29 677
29 40
29 45
29 947
29 183
29 190
29 196
29 72
29 77
29 85
29 99
29 273
29 746
29 494
29 626
29 127
30 139
30 142
30 529
30 835
30 277
30 919
30 539
30 546
30 987
30 807
30 683
30 48
30 706
30 76
30 332
30 974
30 80
30 339
30 217
30 91
30 736
30 356
30 496
30 369
30 243
30 888
30 405
32 66
32 264
32 234
32 43
32 175
32 143
32 80
32 113
32 562
32 756
32 119
32 56
32 68
32 813
32 59
32 380
32 589
32 95
33 256
33 67
33 39
33 551
33 391
33 46
33 337
33 946
33 916
33 558
33 918
33 633
33 185
33 794
33 59
34 64
34 198
34 70
34 456
34 233
34 272
34 742
34 320
34 179
34 531
34 984
34 154
34 627
34 988
34 191
35 133
35 174
35 399
35 499
35 601
35 605
36 641
36 902
36 397
36 528
36 402
36 278
36 944
36 806
36 41
36 171
36 48
36 177
36 436
36 57
36 187
36 316
36 61
36 117
36 66
36 835
36 334
36 335
36 209
36 86
36 984
36 224
36 359
36 745
36 490
36 237
36 497
36 703
36 245
36 121
36 63
36 253
37 648
37 662
37 152
37 299
37 542
37 162
37 41
37 519
37 948
37 52
37 957
37 320
37 195
37 478
37 356
37 613
37 233
37 244
37 630
37 169
38 547
38 278
38 639
38 73
38 908
38 44
38 461
38 79
38 886
38 86
38 601
38 569
38 924
38 970
38 734
38 293
39 136
39 524
39 271
39 146
39 963
39 411
39 669
39 517
39 552
39 554
39 43
39 47
39 392
39 50
39 310
39 55
39 62
39 579
39 586
39 77
39 847
39 82
39 483
39 101
39 106
39 936
39 122
39 251
40 259
40 904
40 650
40 525
40 900
40 668
40 163
40 560
40 735
40 572
40 332
40 981
40 599
40 89
40 997
40 98
40 485
40 492
40 752
41 576
41 449
41 955
41 895
41 69
41 487
41 459
41 46
41 239
41 612
41 116
41 308
41 900
41 763
41 92
42 480
42 109
42 52
43 128
43 226
43 145
43 177
43 780
43 148
43 569
43 436
43 212
43 58
44 165
44 774
44 171
44 461
44 144
44 82
44 467
44 660
44 373
44 566
44 760
44 319
44 286
45 672
45 162
45 580
45 677
45 134
45 615
45 364
45 242
45 50
45 998
45 635
46 483
46 599
46 211
46 279
47 704
47 291
47 358
47 71
47 138
47 76
47 462
47 527
47 530
47 628
47 942
47 118
47 89
47 188
47 957
48 184
48 512
49 384
49 278
49 153
49 413
49 837
49 545
49 296
49 425
49 94
49 195
49 581
49 202
49 208
49 723
49 342
49 222
49 479
49 657
49 238
49 368
49 633
49 766
50 394
50 240
50 189
50 223
51 388
51 522
51 272
51 920
51 156
51 157
51 545
51 428
51 430
51 53
51 440
51 572
51 62
51 832
51 70
51 852
51 346
51 93
51 222
51 610
51 60
51 249
51 510
52 132
52 392
52 671
53 73
53 524
53 687
53 713
54 582
54 720
54 372
54 342
54 376
55 650
55 788
55 661
55 664
55 923
55 541
55 670
55 161
55 164
55 679
55 940
55 176
55 310
55 462
55 487
55 874
55 365
55 121
55 252
56 288
56 547
56 68
56 69
56 577
56 138
56 460
56 78
56 659
56 739
56 707
56 609
56 440
56 665
56 314
56 995
56 581
57 177
57 309
57 150
57 570
57 479
58 418
58 107
58 425
58 266
58 557
58 595
58 220
59 866
59 263
59 476
59 74
59 975
59 496
59 216
59 89
59 92
59 285
59 898
60 61
60 502
60 93
60 351
61 64
61 97
61 229
61 362
61 653
61 253
61 352
61 243
61 311
61 312
61 932
61 125
61 734
61 357
62 195
62 644
62 649
62 761
62 986
63 647
63 533
63 276
63 238
63 409
63 537
63 924
63 168
63 559
63 439
63 843
63 206
63 85
63 88
63 353
63 868
63 110
63 759
63 122
63 124
63 853
64 131
64 262
64 651
64 409
64 542
64 934
64 170
64 429
64 816
64 306
64 443
64 962
64 837
64 974
64 718
64 81
64 597
64 602
64 351
64 880
64 501
64 888
64 126
65 99
65 102
65 136
65 842
65 750
65 81
65 658
65 936
65 541
66 553
66 395
66 634
66 635
67 544
67 84
67 246
68 196
68 439
68 457
68 686
68 370
68 372
68 343
68 218
68 91
68 509
68 606
69 100
69 678
69 999
69 104
69 388
69 752
69 114
69 727
70 163
70 909
70 983
70 120
71 128
71 676
72 577
72 805
72 231
72 621
72 541
72 889
72 413
73 336
73 705
74 235
74 748
74 77
74 275
74 181
74 374
74 732
74 189
74 309
75 808
75 138
75 688
75 561
75 250
75 810
76 933
76 967
76 187
76 638
77 103
77 168
77 892
77 573
77 883
77 670
77 183
77 220
77 222
77 383
78 635
78 327
78 846
78 142
78 111
78 400
78 145
78 675
78 398
78 228
78 634
78 623
78 915
78 149
79 226
79 393
79 913
79 562
79 340
79 638
79 155
79 780
79 254
79 166
80 288
80 804
80 907
80 307
80 277
80 184
80 90
80 154
81 163
81 774
81 737
81 980
81 117
82 411
82 522
82 428
82 890
82 829
83 96
83 738
83 230
83 427
83 404
83 215
83 856
83 954
83 254
83 959
84 210
84 223
85 593
85 206
86 354
86 207
87 400
87 779
87 144
87 432
87 215
87 699
87 157
88 944
88 290
88 715
88 454
88 393
88 714
88 526
88 664
88 244
88 214
88 312
88 666
88 987
89 134
89 300
89 111
89 178
90 579
90 103
90 137
90 135
90 684
90 594
90 271
90 146
90 980
90 213
90 201
90 917
90 922
90 335
90 92
90 821
91 773
91 454
91 403
91 373
91 343
92 484
92 712
92 141
92 334
92 399
92 464
92 338
92 243
92 654
92 310
93 96
93 513
93 811
93 156
93 427
93 403
93 909
93 628
94 384
94 915
94 373
94 377
94 506
94 221
95 132
95 295
95 393
95 866
95 417
95 787
95 340
95 819
95 608
95 892
95 158
96 194
96 454
96 166
96 171
96 396
96 642
97 721
98 389
98 777
98 208
98 657
98 791
98 570
99 410
99 943
100 481
100 450
100 503
100 135
100 840
100 199
100 883
100 148
100 149
100 758
100 247
100 901
100 968
101 328
102 741
102 294
102 969
102 843
102 109
102 495
102 368
102 529
102 498
102 180
102 174
102 398
102 122
102 284
102 445
102 949
103 225
103 194
103 260
103 354
103 468
103 665
103 568
103 217
103 124
103 767
104 337
104 401
104 191
105 832
105 161
105 516
105 232
105 688
105 258
105 237
105 111
105 112
105 488
105 658
105 797
105 405
105 118
105 527
105 586
105 350
105 865
106 205
106 112
106 531
107 804
107 639
108 608
108 641
108 130
108 584
108 364
108 116
108 789
108 477
108 415
109 520
109 433
109 888
110 133
110 140
110 525
110 339
110 420
111 772
111 389
111 170
111 279
111 543
111 255
113 505
113 349
114 480
114 674
114 361
114 180
114 119
114 443
115 262
115 263
116 560
116 194
116 227
116 667
116 231
116 906
116 434
116 364
116 123
116 508
116 797
116 382
116 959
117 816
117 691
117 612
118 407
118 441
118 156
119 176
119 820
120 355
120 518
120 459
120 542
121 800
121 289
121 814
121 535
121 216
122 334
122 983
122 570
122 188
123 705
123 173
123 367
123 378
124 353
124 198
124 695
125 768
125 423
125 658
126 153
127 346
127 725
128 331
128 711
128 882
128 214
128 350
129 485
129 561
129 242
129 793
130 642
130 591
130 495
131 508
131 798
132 306
132 149
133 768
133 833
133 232
133 535
134 740
134 325
134 583
134 520
134 688
134 465
134 660
134 191
135 389
135 363
135 269
135 441
135 604
136 849
136 345
136 671
136 159
137 747
137 148
137 251
137 282
137 383
138 865
138 165
138 273
138 244
138 151
138 223
139 386
139 742
139 528
139 209
139 862
139 478
139 214
139 503
140 381
141 872
141 786
141 369
141 179
142 385
142 200
142 941
142 333
142 143
142 404
142 471
143 544
143 245
143 511
144 291
144 324
144 873
144 338
144 772
144 856
144 644
145 864
145 317
145 947
145 248
147 261
147 550
147 206
147 686
147 186
147 828
148 391
149 256
149 473
149 675
149 359
149 236
149 981
149 885
149 345
149 282
149 255
150 737
150 537
150 998
150 746
150 938
150 247
150 858
150 475
150 700
150 477
150 895
151 262
151 167
151 275
151 745
151 461
151 494
151 563
151 211
151 598
151 183
151 731
151 476
152 993
152 834
152 475
152 823
152 836
152 219
152 188
153 233
153 428
153 592
153 692
153 213
153 953
153 665
154 225
154 367
154 221
155 368
156 275
156 344
156 730
157 324
157 988
158 672
158 775
158 781
159 328
159 520
159 263
159 546
159 241
159 210
159 313
160 926
160 169
161 590
162 913
162 563
162 315
163 420
163 695
163 248
163 889
164 696
164 193
165 449
165 323
165 996
165 357
165 326
165 795
165 201
165 710
165 625
165 870
165 585
165 220
166 726
166 360
166 182
166 623
166 446
166 447
167 363
167 175
167 178
167 347
168 358
168 486
168 280
169 259
171 227
171 741
171 585
171 305
171 791
171 826
173 932
173 294
173 872
173 604
173 523
173 300
173 205
173 784
173 433
173 252
174 256
174 716
174 236
176 809
176 298
176 370
176 308
176 538
176 571
177 521
178 228
178 402
178 857
178 312
178 927
180 321
180 201
180 241
180 250
180 733
181 823
182 240
182 727
183 192
183 800
183 530
183 759
183 493
183 434
183 819
183 602
183 219
184 355
184 456
184 553
184 648
184 433
184 624
184 603
184 190
184 383
185 680
185 565
186 288
186 549
186 299
186 301
186 378
186 283
186 899
187 960
187 292
187 330
187 755
187 925
188 257
188 356
188 229
188 526
188 656
188 831
189 742
190 192
190 738
190 651
190 260
190 556
190 631
190 287
191 224
191 297
191 588
191 578
191 598
191 315
192 323
192 197
192 266
192 817
192 850
192 822
192 215
192 923
192 778
192 491
193 292
193 645
193 595
193 698
194 355
194 982
195 831
195 721
196 709
196 392
196 415
197 293
197 489
197 366
197 530
197 340
198 468
198 565
198 698
198 766
199 496
199 605
200 906
200 203
200 397
200 637
200 625
200 691
200 950
200 285
201 771
201 684
201 405
201 507
201 954
202 549
202 327
202 502
202 330
202 619
202 333
202 374
202 379
202 261
203 686
203 467
203 341
203 251
203 926
204 417
205 259
205 502
205 518
205 702
205 684
205 238
205 273
205 341
205 470
205 799
205 540
205 446
205 645
207 547
207 325
207 367
207 663
207 732
208 818
209 482
209 747
209 359
209 498
210 458
210 303
210 857
211 875
211 358
211 455
211 284
211 267
211 279
211 254
211 511
212 616
212 267
212 950
213 747
213 266
213 471
213 589
213 463
213 343
213 668
214 302
214 532
214 314
214 381
216 649
216 685
216 949
217 739
217 829
218 821
218 253
218 319
219 322
219 354
219 382
219 453
220 378
220 690
221 331
222 627
222 685
222 689
222 424
222 841
222 270
222 269
222 692
222 824
222 892
223 302
223 470
223 439
224 483
224 650
224 239
224 856
225 230
225 883
225 444
226 497
226 944
228 753
228 377
228 315
228 767
229 474
230 545
230 386
230 560
230 509
231 416
231 257
231 489
231 970
231 429
231 281
231 346
233 416
233 481
233 258
233 406
233 477
234 608
234 917
234 758
234 538
235 512
235 689
235 489
235 490
235 494
235 722
235 858
235 414
237 241
238 390
240 261
240 425
240 313
240 287
241 580
241 301
241 400
242 360
242 559
242 722
242 573
243 316
243 365
243 914
243 407
243 281
243 379
244 768
244 609
244 790
244 629
244 246
244 345
244 574
245 512
245 451
245 710
245 486
245 950
245 535
245 441
245 666
247 417
247 519
247 377
247 988
248 292
248 687
248 387
248 991
249 605
250 806
250 360
250 268
250 717
250 272
250 466
250 851
250 660
250 286
251 385
251 902
251 573
252 475
252 740
252 870
252 295
252 265
252 877
252 689
253 813
253 295
254 896
254 329
254 271
254 571
256 326
256 677
258 719
258 463
259 646
259 893
260 447
260 973
261 836
261 421
261 552
261 555
261 878
261 632
261 344
261 330
262 769
262 962
263 296
263 945
265 992
265 565
265 728
266 585
266 505
266 501
267 743
268 708
268 958
269 848
269 787
270 967
271 448
271 333
271 563
271 532
271 469
271 991
271 575
272 675
272 423
272 770
272 291
272 790
273 611
273 427
273 401
275 643
275 465
275 375
276 848
276 593
276 884
276 283
276 894
277 857
277 374
278 396
279 611
279 836
279 965
279 743
279 381
280 933
280 750
280 431
280 302
281 620
282 321
282 961
282 419
282 455
282 748
282 305
282 466
282 457
282 409
282 442
283 838
284 480
284 610
284 582
284 556
284 499
284 848
284 853
284 723
285 521
285 803
286 648
286 899
287 827
288 321
288 344
288 887
289 517
289 390
289 298
289 910
289 540
290 323
290 329
290 307
290 724
290 854
291 985
291 574
292 482
292 811
292 872
292 555
292 632
293 812
293 396
293 614
293 431
293 643
293 623
293 382
294 782
295 620
295 435
295 731
296 860
296 845
296 693
296 444
297 877
299 317
299 995
300 331
301 514
301 754
301 402
301 700
303 420
303 678
303 551
304 640
304 394
304 693
305 513
305 603
305 839
305 394
305 363
305 621
305 903
305 694
305 503
305 347
306 538
307 534
307 631
307 927
308 342
309 802
309 523
309 466
309 436
310 833
310 853
311 776
311 617
311 491
311 527
311 432
311 408
312 448
312 504
312 796
313 548
314 712
314 469
315 640
315 998
315 820
315 637
316 823
317 347
318 784
319 629
319 697
319 410
320 459
320 531
320 764
321 940
321 338
321 567
321 922
321 543
322 380
322 486
323 504
323 885
324 634
324 885
326 631
326 460
327 834
327 493
327 749
327 438
327 731
330 963
330 708
330 782
330 721
330 339
330 426
330 798
332 353
332 387
332 897
332 812
332 398
332 817
332 980
332 702
332 664
334 948
335 362
338 837
338 395
338 404
338 568
338 729
338 965
340 697
341 419
342 704
343 416
343 681
343 500
343 758
344 773
345 348
347 639
348 897
348 751
348 349
348 958
349 456
349 624
349 444
351 961
351 435
352 604
352 597
353 960
353 993
353 680
353 469
355 443
355 994
356 640
356 706
356 966
359 515
359 518
359 839
359 972
359 941
359 772
360 945
360 719
361 544
362 994
362 395
364 910
365 898
366 387
366 873
366 918
366 655
366 752
366 696
367 948
367 854
367 413
367 414
367 479
368 482
368 485
368 760
370 510
371 517
371 422
371 406
371 695
373 893
374 755
375 521
375 418
376 986
376 432
377 845
377 437
378 491
379 900
380 488
380 811
381 464
381 653
382 696
382 463
383 548
383 423
385 901
386 452
386 815
387 445
388 793
388 781
389 679
390 738
390 647
390 618
390 978
390 887
391 450
391 911
391 985
391 862
392 699
392 780
392 667
392 668
394 804
394 869
394 424
398 434
398 779
399 812
399 654
399 753
399 437
399 510
400 449
400 497
400 472
400 410
401 627
402 905
402 590
402 959
403 996
403 838
405 507
405 750
405 879
405 411
406 583
407 720
407 881
409 891
409 924
409 630
409 919
409 412
409 606
409 415
411 612
411 551
411 524
411 850
411 820
412 846
412 646
412 526
412 559
412 782
415 674
415 632
415 703
416 809
416 749
419 970
419 587
419 915
420 683
420 564
420 793
420 860
421 832
421 513
421 451
421 993
421 809
421 714
421 778
422 656
422 438
423 728
423 682
424 786
425 977
425 583
426 472
426 953
427 435
428 931
429 442
429 493
432 801
432 588
432 464
432 593
435 588
435 974
436 596
436 440
436 890
437 899
437 680
437 765
438 581
439 946
439 550
440 717
444 908
444 445
446 539
446 775
448 515
449 789
450 536
450 548
452 876
453 955
453 586
454 982
454 886
458 978
458 476
461 891
462 620
462 786
462 789
464 614
464 685
465 736
466 802
466 554
466 622
466 661
466 884
466 533
466 474
469 976
471 514
472 619
473 490
473 719
473 785
474 498
474 999
476 801
476 794
477 805
477 876
477 947
479 616
480 692
480 709
482 484
483 807
485 626
485 762
485 956
485 607
486 867
487 578
487 893
488 776
489 592
489 673
492 962
492 868
492 511
493 870
494 624
494 814
495 566
497 774
499 897
499 725
501 523
501 652
501 728
501 676
501 618
502 830
503 909
504 522
504 576
505 651
505 817
506 987
506 936
506 788
506 827
507 574
511 968
512 808
513 712
513 735
514 704
514 917
515 969
517 744
519 879
519 572
519 606
520 681
520 951
521 757
522 532
523 928
523 762
525 529
527 618
527 971
528 979
529 843
529 655
530 822
530 792
530 763
532 557
534 663
535 550
536 952
536 990
537 905
537 925
537 702
538 552
539 615
540 845
541 869
541 982
542 803
542 720
542 859
544 792
546 802
546 878
546 662
547 694
548 766
550 557
553 860
555 934
557 952
558 633
562 866
566 785
566 795
567 600
567 761
568 805
569 824
569 861
571 600
573 886
573 707
575 927
575 670
579 934
579 776
579 846
579 690
579 796
581 622
581 691
581 734
582 935
583 748
586 964
586 940
586 625
586 745
586 764
587 754
589 937
589 941
589 699
591 730
593 882
596 643
596 975
596 977
598 973
598 669
599 825
599 653
600 674
600 622
601 637
602 767
603 864
603 770
603 807
603 756
604 996
607 713
608 833
608 679
608 976
609 873
612 951
613 939
613 718
614 649
615 713
617 961
619 652
620 851
620 957
624 874
624 644
626 715
626 939
626 724
628 788
628 654
629 928
630 852
630 889
632 708
632 709
632 777
632 938
634 849
636 971
636 903
636 815
637 815
638 799
638 727
639 672
642 968
642 775
643 932
644 764
645 930
647 919
647 935
648 729
648 715
649 777
654 736
655 771
656 869
656 765
656 997
657 729
657 730
657 733
658 746
658 858
659 871
661 813
661 683
662 905
662 868
669 954
669 701
670 783
670 861
671 690
672 929
672 798
673 975
680 829
680 874
682 761
688 840
688 693
688 825
689 852
693 912
693 769
693 756
693 700
697 966
697 711
699 771
699 956
704 908
706 826
708 930
712 851
712 819
716 953
718 855
727 907
727 797
729 825
730 737
731 963
731 978
731 859
732 985
733 861
733 841
735 902
737 826
737 847
738 916
739 935
739 855
743 887
746 999
748 841
749 904
754 863
755 864
755 896
755 995
757 854
759 922
760 814
762 990
763 824
765 840
766 842
769 831
771 785
774 942
779 828
788 844
789 890
793 911
801 879
806 937
806 907
806 925
808 955
808 958
811 964
813 818
813 989
814 838
814 981
814 991
815 956
819 903
827 871
840 875
843 931
847 952
848 880
853 977
856 949
860 875
865 992
866 910
871 937
890 891
891 979
897 971
900 992
916 973
919 942
922 943
959 989
981 983
