0 299
0 4
0 5
0 9
0 139
0 268
0 13
0 398
0 271
0 272
0 17
0 275
0 20
0 150
0 260
0 26
0 444
0 160
0 34
0 35
0 169
0 42
0 171
0 172
0 330
0 305
0 188
0 202
0 196
0 454
0 585
0 74
0 75
0 418
0 210
0 212
0 220
0 485
0 608
0 229
0 104
0 316
0 106
0 619
0 117
0 119
0 468
0 634
0 251
0 382
1 4
1 5
1 6
1 577
1 9
1 10
1 11
1 652
1 13
1 14
1 15
1 272
1 401
1 148
1 22
1 23
1 25
1 26
1 27
1 28
1 29
1 671
1 33
1 547
1 134
1 294
1 41
1 355
1 157
1 49
1 440
1 57
1 65
1 175
1 67
1 69
1 199
1 262
1 77
1 206
1 82
1 237
1 84
1 469
1 221
1 223
1 227
1 651
1 491
1 109
1 241
1 499
1 244
1 249
1 253
1 597
2 33
2 4
2 5
2 6
2 7
2 136
2 396
2 430
2 79
2 216
2 50
2 313
2 24
2 249
2 90
2 446
2 325
3 4
3 8
3 73
3 12
3 79
3 424
3 676
3 599
3 548
3 122
3 575
4 5
4 6
4 7
4 8
4 10
4 14
4 15
4 16
4 19
4 663
4 24
4 25
4 283
4 412
4 648
4 33
4 34
4 35
4 292
4 166
4 305
4 168
4 385
4 177
4 128
4 437
4 219
4 312
4 441
4 575
4 449
4 324
4 70
4 327
4 329
4 143
4 78
4 79
4 466
4 654
4 343
4 91
4 656
4 99
4 100
4 485
4 102
4 616
4 105
4 618
4 107
4 237
4 242
4 147
4 378
4 251
4 639
5 6
5 7
5 8
5 10
5 290
5 20
5 149
5 22
5 154
5 30
5 544
5 34
5 165
5 40
5 297
5 46
5 175
5 304
5 136
5 187
5 138
5 447
5 302
5 262
5 71
5 77
5 205
5 595
5 84
5 97
5 233
5 225
5 385
5 115
5 120
6 640
6 294
6 7
6 8
6 9
6 266
6 11
6 12
6 14
6 16
6 17
6 21
6 320
6 641
6 303
6 29
6 30
6 133
6 440
6 342
6 293
6 38
6 296
6 193
6 43
6 44
6 45
6 321
6 285
6 49
6 53
6 137
6 312
6 316
6 61
6 63
6 64
6 65
6 309
6 72
6 73
6 599
6 76
6 528
6 80
6 222
6 83
6 85
6 86
6 215
6 472
6 89
6 91
6 135
6 94
6 336
6 610
6 228
6 229
6 103
6 104
6 431
6 189
6 240
6 232
6 498
6 371
6 373
6 502
6 191
6 126
6 127
7 512
7 641
7 137
7 522
7 215
7 12
7 13
7 14
7 15
7 16
7 145
7 274
7 529
7 22
7 23
7 24
7 388
7 303
7 156
7 150
7 160
7 422
7 284
7 299
7 173
7 47
7 177
7 270
7 627
7 56
7 314
7 59
7 446
7 447
7 194
7 68
7 228
7 70
7 199
7 201
7 330
7 76
7 610
7 78
7 653
7 596
7 206
7 87
7 217
7 602
7 603
7 442
7 540
7 353
7 98
7 100
7 357
7 231
7 365
7 238
7 368
7 481
7 516
7 119
7 532
7 462
7 341
8 128
8 9
8 394
8 11
8 13
8 15
8 18
8 19
8 660
8 408
8 409
8 28
8 29
8 31
8 32
8 289
8 36
8 169
8 426
8 44
8 413
8 562
8 478
8 182
8 55
8 696
8 60
8 320
8 453
8 583
8 201
8 420
8 78
8 464
8 85
8 540
8 292
8 346
8 219
8 634
8 350
8 353
8 610
8 99
8 617
8 235
8 238
8 250
9 10
9 11
9 525
9 17
9 19
9 21
9 408
9 539
9 284
9 29
9 158
9 159
9 32
9 417
9 34
9 420
9 551
9 41
9 44
9 626
9 179
9 309
9 566
9 55
9 699
9 60
9 317
9 63
9 450
9 267
9 580
9 582
9 335
9 337
9 466
9 85
9 89
9 463
9 273
9 451
9 369
9 370
9 116
9 629
9 248
9 379
10 130
10 392
10 209
10 652
10 12
10 658
10 17
10 18
10 20
10 22
10 407
10 25
10 26
10 27
10 31
10 624
10 290
10 36
10 241
10 681
10 682
10 43
10 684
10 173
10 349
10 49
10 435
10 52
10 54
10 311
10 56
10 58
10 315
10 62
10 67
10 438
10 328
10 201
10 503
10 81
10 594
10 595
10 596
10 470
10 88
10 164
10 93
10 685
10 103
10 104
10 105
10 490
10 146
10 623
10 368
10 113
10 114
10 371
10 245
10 246
10 247
10 122
10 123
10 508
10 125
11 163
11 177
11 37
11 39
11 42
11 203
11 142
11 271
11 113
11 616
11 21
11 470
11 87
11 509
11 181
12 261
12 364
12 144
12 145
12 275
12 30
12 48
12 542
12 183
12 317
12 62
12 191
12 68
12 332
12 77
12 236
12 147
12 116
12 378
13 133
13 649
13 266
13 16
13 18
13 21
13 623
13 418
13 39
13 560
13 392
13 563
13 436
13 438
13 55
13 444
13 323
13 581
13 72
13 344
13 384
13 352
13 225
13 359
13 488
13 679
13 108
13 237
13 239
13 370
13 249
13 381
14 640
14 130
14 387
14 662
14 388
14 395
14 141
14 621
14 528
14 19
14 20
14 149
14 534
14 23
14 25
14 158
14 32
14 193
14 35
14 36
14 134
14 38
14 40
14 41
14 42
14 44
14 321
14 48
14 561
14 564
14 414
14 692
14 573
14 190
14 64
14 65
14 194
14 197
14 326
14 353
14 203
14 209
14 82
14 163
14 342
14 505
14 476
14 606
14 95
14 225
14 230
14 615
14 104
14 234
14 210
14 625
14 114
14 115
14 120
14 377
14 380
14 381
14 661
15 550
15 457
15 167
15 45
15 110
15 494
15 342
15 441
15 24
15 225
15 26
16 136
16 151
16 408
16 410
16 525
16 287
16 163
16 50
16 53
16 695
16 440
16 446
16 65
16 323
16 207
16 466
16 591
16 222
16 482
16 235
16 497
17 131
17 519
17 264
17 139
17 526
17 18
17 665
17 27
17 31
17 673
17 550
17 178
17 310
17 67
17 204
17 82
17 86
17 221
17 606
17 622
17 241
17 126
18 391
18 410
18 43
18 48
18 180
18 566
18 439
18 63
18 224
18 80
18 82
18 211
18 214
18 222
18 223
18 96
18 97
18 102
18 617
18 107
18 495
18 124
18 263
19 257
19 387
19 140
19 499
19 404
19 260
19 31
19 548
19 422
19 561
19 40
19 47
19 392
19 50
19 51
19 180
19 181
19 52
19 58
19 61
19 318
19 453
19 198
19 333
19 334
19 57
19 92
19 95
19 618
19 111
19 368
19 115
19 372
19 375
19 639
20 650
20 172
20 504
20 349
20 421
21 480
21 565
21 102
21 42
21 399
21 626
21 188
21 213
21 23
21 217
21 90
21 156
21 314
21 30
21 351
22 526
22 148
22 278
22 32
22 33
22 37
22 38
22 297
22 47
22 308
22 52
22 191
22 459
22 74
22 331
22 462
22 340
22 92
22 634
22 95
22 361
22 108
22 117
22 120
22 468
22 506
22 251
23 518
23 651
23 524
23 271
23 656
23 148
23 151
23 665
23 410
23 27
23 160
23 678
23 295
23 681
23 48
23 563
23 57
23 187
23 60
23 62
23 672
23 73
23 503
23 663
23 462
23 79
23 84
23 335
23 605
23 224
23 229
23 691
23 624
23 244
23 247
23 505
23 511
23 510
23 127
24 389
24 87
24 656
24 274
24 665
24 409
24 155
24 414
24 288
24 304
24 290
24 37
24 38
24 45
24 176
24 49
24 179
24 54
24 185
24 200
24 211
24 215
24 527
24 347
24 94
24 354
24 485
24 106
24 367
24 496
24 467
24 635
24 252
25 128
25 129
25 663
25 144
25 535
25 538
25 287
25 166
25 691
25 159
25 394
25 450
25 200
25 594
25 347
25 93
25 607
25 699
25 102
25 363
25 239
25 373
26 236
26 396
26 151
26 155
26 28
26 36
26 166
26 295
26 46
26 432
26 563
26 312
26 578
26 325
26 70
26 330
26 76
26 91
26 348
26 611
26 108
26 625
26 116
26 122
27 258
27 37
27 616
27 425
27 267
27 364
27 173
27 269
27 496
27 51
27 117
27 556
27 28
27 202
27 309
28 195
28 88
29 130
29 388
29 261
29 139
29 270
29 143
29 411
29 35
29 70
29 174
29 47
29 560
29 305
29 53
29 569
29 315
29 61
29 326
29 526
29 96
29 107
29 636
29 638
30 416
30 515
30 75
30 558
30 178
30 87
30 347
30 581
31 161
31 261
31 646
31 41
31 285
31 244
31 59
31 200
31 221
32 645
32 135
32 647
32 396
32 648
32 474
32 603
33 81
33 129
33 145
33 559
33 416
33 546
33 667
33 39
33 391
33 556
33 46
33 175
33 57
33 186
33 67
33 207
33 209
33 344
33 475
33 216
33 478
33 96
33 359
33 628
33 253
34 165
34 487
34 50
34 340
34 521
34 182
34 55
34 169
34 158
34 63
35 673
35 72
35 685
35 232
35 558
35 150
35 571
36 131
36 646
36 651
36 643
36 405
36 163
36 420
36 40
36 46
36 303
36 432
36 561
36 445
36 66
36 195
36 452
36 118
36 583
36 456
36 457
36 204
36 219
36 93
36 350
36 236
36 365
36 168
36 374
36 121
36 636
36 382
37 323
37 296
37 490
37 588
37 432
37 56
37 277
38 514
38 519
38 684
38 398
38 400
38 660
38 547
38 678
38 39
38 300
38 430
38 559
38 52
38 182
38 59
38 202
38 337
38 83
38 341
38 94
38 224
38 167
38 366
38 241
38 242
38 120
38 254
38 255
39 516
39 566
39 263
39 112
39 80
39 114
39 54
39 489
39 88
39 548
39 186
39 91
39 445
39 542
40 592
40 215
41 134
41 536
41 159
41 553
41 170
41 43
41 53
41 54
41 696
41 185
41 443
41 671
41 66
41 599
41 473
41 95
41 59
41 362
41 240
42 620
42 397
42 174
42 661
42 85
42 121
42 541
42 61
42 318
43 64
43 97
43 282
43 454
43 71
43 460
43 333
43 686
43 429
43 401
43 470
43 119
43 152
43 58
43 636
43 157
43 350
44 259
44 651
44 140
44 276
44 537
44 538
44 290
44 675
44 585
44 45
44 51
44 181
44 694
44 439
44 184
44 185
44 448
44 324
44 69
44 524
44 75
44 81
44 221
44 94
44 614
44 617
44 621
44 112
44 630
44 121
45 609
45 226
45 264
45 51
45 375
45 477
45 403
46 307
46 523
46 529
46 530
46 411
46 555
46 300
46 688
46 179
46 56
46 315
46 193
46 66
46 460
46 420
46 90
46 236
46 110
46 367
46 624
46 625
46 370
46 502
46 123
46 255
47 288
47 83
47 72
47 649
47 75
47 208
47 62
48 129
48 419
48 68
48 423
48 328
48 508
48 647
48 272
48 213
48 662
48 152
48 58
48 188
48 122
49 64
49 98
49 570
49 137
49 235
49 176
49 338
49 675
49 373
49 598
49 218
49 314
49 346
49 250
49 286
49 426
50 683
50 69
50 354
50 300
50 654
50 237
50 83
50 308
50 499
50 549
51 481
51 546
51 539
51 579
51 92
51 74
51 555
51 141
51 140
51 628
51 278
51 89
51 60
52 610
52 438
52 552
52 302
52 495
52 245
52 279
52 298
53 512
53 395
53 269
53 143
53 283
53 156
53 419
53 171
53 178
53 445
53 446
53 66
53 73
53 206
53 210
53 339
53 469
53 347
53 220
53 351
53 611
53 229
53 103
53 105
53 363
53 108
53 631
53 253
54 192
54 376
54 226
54 355
54 677
54 648
54 171
54 551
54 280
54 499
54 510
54 576
54 542
54 699
54 126
55 227
55 165
55 166
55 231
55 311
55 524
55 109
55 80
55 301
55 265
55 184
55 343
55 319
55 540
55 543
55 287
56 96
56 578
56 515
56 484
56 400
56 307
56 244
56 503
56 189
57 162
57 99
57 326
57 161
57 567
57 257
57 141
57 142
57 399
57 403
57 189
58 464
58 644
58 168
58 113
58 500
58 565
58 504
58 158
59 128
59 385
59 98
59 523
59 356
59 491
59 338
59 78
59 273
59 242
59 118
59 599
59 679
59 415
60 133
60 136
61 522
61 291
61 167
61 125
61 632
61 152
61 281
61 138
62 473
62 68
62 260
62 359
62 492
62 487
62 333
62 573
62 149
62 679
62 132
62 123
62 412
62 157
62 234
62 405
63 416
63 580
63 170
64 259
64 69
64 647
64 204
64 86
65 155
65 71
65 343
65 208
65 655
65 374
65 151
65 441
65 154
65 123
65 442
66 256
66 106
66 174
66 346
67 101
67 680
67 76
67 438
67 541
68 389
68 147
68 534
68 153
68 544
68 424
68 696
68 443
68 451
68 334
68 86
68 481
68 100
68 101
68 617
68 618
68 111
68 500
68 245
69 273
70 641
70 299
70 101
70 71
70 520
70 329
70 493
70 274
70 154
70 88
70 345
70 92
71 440
71 199
71 600
71 74
71 81
71 222
71 216
71 186
71 124
71 298
71 126
72 514
72 132
72 133
72 393
72 670
72 288
72 545
72 390
72 169
72 564
72 190
72 192
72 348
72 361
72 235
72 243
72 250
72 638
73 258
73 463
73 84
74 339
74 98
74 298
74 109
74 532
74 343
74 153
74 154
74 223
74 394
74 127
75 336
75 118
76 640
76 417
76 450
76 578
76 585
76 682
76 140
76 77
76 436
76 501
76 184
76 569
77 394
77 238
77 498
77 214
77 439
78 449
78 194
78 455
78 138
78 231
78 109
78 110
78 401
78 114
78 531
78 309
78 406
78 354
78 89
78 573
79 681
80 258
80 131
80 325
80 233
80 138
80 146
80 646
80 557
80 90
80 298
82 288
82 678
82 337
82 205
82 180
82 622
82 119
82 248
82 506
82 252
83 615
83 555
83 172
83 365
83 272
83 113
83 467
83 191
84 256
84 194
84 387
84 100
84 609
84 111
84 112
84 384
84 116
84 137
84 506
84 93
85 161
85 130
85 99
85 145
85 146
85 291
85 149
85 125
85 650
86 141
86 434
86 531
86 310
87 265
87 255
88 683
88 337
88 115
88 317
89 101
89 619
89 333
89 594
89 501
89 533
90 176
90 103
90 668
90 257
90 211
90 121
90 508
90 605
90 494
91 642
91 131
91 132
91 135
91 452
91 433
91 444
93 584
93 172
93 142
93 212
93 535
93 426
94 576
94 97
94 227
94 676
94 105
94 106
94 568
94 339
94 372
94 277
94 475
94 125
95 196
95 592
95 404
95 590
96 198
96 135
96 552
96 427
96 345
96 127
97 384
97 164
97 488
97 308
97 118
97 484
97 186
98 379
98 582
98 231
98 360
98 297
98 238
98 500
99 422
99 198
99 246
100 227
100 358
100 301
100 692
100 187
101 466
101 146
101 600
102 552
102 650
102 492
102 397
103 160
103 161
103 361
103 276
103 281
103 170
104 293
104 203
104 111
105 640
105 264
105 414
105 418
105 294
105 689
105 433
105 184
105 575
105 579
105 208
105 593
105 213
105 218
105 477
105 124
105 107
105 365
105 110
105 112
105 380
105 382
105 383
106 545
106 404
107 162
107 147
107 148
107 437
108 352
108 655
109 228
109 200
109 369
109 210
110 481
110 391
110 144
110 398
110 537
110 153
110 282
110 636
111 259
111 167
111 363
111 268
111 143
112 419
112 488
112 203
112 558
112 369
112 177
112 402
112 611
112 318
113 356
113 264
113 265
113 204
113 493
113 558
113 279
113 332
113 511
114 544
114 553
114 189
114 479
115 576
115 672
115 424
115 469
115 301
115 174
115 621
115 465
115 372
115 538
115 571
115 117
116 224
116 457
116 458
117 512
117 475
117 178
117 659
118 251
118 303
118 657
118 370
118 602
119 129
119 418
119 132
119 521
119 124
120 322
120 483
120 433
120 276
120 478
120 254
120 383
121 579
121 262
121 519
121 232
121 233
121 395
121 461
121 509
121 335
121 595
121 367
121 527
121 155
121 234
121 638
121 159
122 192
122 258
122 582
123 256
123 389
123 168
123 139
123 152
124 358
124 495
124 214
124 279
124 377
124 314
124 316
125 393
125 588
125 209
125 602
126 647
126 142
126 240
126 376
127 352
127 162
127 612
127 357
127 469
128 165
128 586
128 428
128 654
128 530
128 532
128 313
128 421
129 275
129 286
129 319
130 449
130 643
130 196
130 551
130 392
130 427
130 364
130 207
130 452
130 660
130 281
131 293
131 487
131 586
131 631
131 605
131 190
131 287
132 482
132 676
132 266
132 286
133 609
133 644
133 134
133 519
133 572
133 591
133 456
133 690
133 691
133 478
134 239
134 659
134 334
134 591
134 284
135 322
135 195
135 483
135 179
135 408
136 324
136 170
136 690
136 302
136 399
136 562
136 285
137 423
137 144
137 633
137 601
138 150
138 348
138 383
139 688
139 196
139 623
139 175
139 304
139 274
139 310
139 644
140 476
140 530
140 695
140 569
140 252
140 157
140 190
141 198
141 362
141 563
141 380
142 321
142 453
142 553
142 557
143 614
143 565
143 317
144 176
144 307
145 262
145 360
145 295
145 289
145 527
145 497
145 217
145 254
145 597
146 662
146 183
147 699
147 470
147 327
147 361
147 487
147 463
147 277
147 182
147 281
147 218
147 219
147 378
147 574
147 645
148 451
148 421
148 604
148 461
148 156
148 669
149 369
150 560
150 425
150 331
150 620
150 206
150 637
150 208
150 532
150 430
150 248
150 153
150 509
150 574
151 386
151 164
151 205
151 689
151 476
151 254
152 673
152 483
152 520
152 362
152 622
153 193
153 675
153 292
153 328
153 555
153 656
153 402
153 468
153 181
153 185
153 187
153 413
153 670
153 543
155 398
155 271
155 308
155 597
155 543
155 255
156 180
156 374
157 325
157 232
157 492
157 173
157 637
157 249
157 517
157 351
158 516
158 590
158 404
158 213
158 633
158 220
158 510
159 518
159 390
159 459
159 529
159 606
160 449
160 162
160 323
160 164
160 261
160 518
160 201
160 332
160 207
160 336
160 359
160 403
160 212
160 687
161 521
161 306
161 243
161 282
161 698
161 606
162 280
164 376
165 393
165 293
165 265
165 627
166 192
166 432
166 211
166 277
166 246
166 319
167 531
168 257
168 482
168 283
168 677
168 460
168 268
168 496
168 534
169 205
170 416
170 389
170 586
170 171
170 378
170 379
170 602
171 612
171 455
171 495
171 631
171 382
172 629
172 603
173 243
174 324
174 328
174 457
174 183
175 197
175 329
175 340
175 246
175 535
175 248
175 188
175 541
176 660
177 480
177 195
177 358
177 424
177 681
177 202
177 273
177 245
177 345
177 381
177 574
178 352
178 514
178 228
178 199
178 554
178 695
179 450
179 484
179 517
179 217
179 223
181 320
181 267
181 559
181 214
181 183
181 331
181 415
182 539
183 451
183 284
183 239
183 372
183 252
184 321
184 313
184 442
184 507
184 297
185 676
185 357
185 697
186 354
186 197
186 436
186 693
186 632
187 263
187 296
187 427
187 240
187 552
187 503
187 216
187 357
189 513
189 292
189 230
189 397
189 697
189 253
190 608
190 455
190 267
190 270
190 498
191 358
191 596
191 218
191 506
192 674
192 455
192 493
192 338
192 243
192 278
192 539
193 295
193 302
194 505
195 514
195 197
195 428
195 658
195 307
195 670
195 415
196 384
196 407
196 313
196 474
197 674
197 278
197 461
197 465
197 406
197 570
197 613
198 492
198 405
198 567
198 661
199 435
199 340
200 655
201 226
202 226
202 230
202 316
202 268
202 464
202 338
202 312
202 220
203 386
203 682
204 289
204 652
204 399
204 690
204 612
205 379
205 212
205 341
205 283
206 544
206 411
207 266
207 669
209 441
210 263
211 417
211 234
211 304
211 601
212 280
213 608
213 545
213 643
213 230
213 520
213 458
213 693
213 497
213 342
213 285
213 533
214 520
214 687
215 335
215 568
215 435
215 542
216 616
216 437
216 570
216 479
217 483
217 619
217 366
217 434
217 371
218 429
219 522
219 270
219 692
220 306
221 282
221 570
222 428
223 356
223 463
224 299
224 597
225 412
226 289
226 507
226 582
226 635
226 247
226 280
226 233
226 426
227 355
227 557
228 614
228 613
228 618
228 524
228 598
228 407
228 250
230 294
230 491
230 242
230 537
230 475
231 276
232 546
232 330
233 256
233 488
233 425
233 348
234 331
234 332
235 657
235 437
235 509
236 687
236 247
236 568
237 633
237 587
237 311
237 345
239 456
239 402
240 611
240 458
240 269
240 275
240 501
241 642
241 461
241 637
242 406
242 279
243 685
243 406
245 259
245 443
246 630
247 300
248 562
248 413
249 380
250 587
250 504
251 419
251 515
251 355
252 644
252 494
253 589
253 350
254 291
254 550
254 628
254 566
255 674
255 507
255 680
255 364
255 498
255 525
255 306
256 260
256 473
256 383
257 305
258 322
258 645
258 423
258 686
258 344
258 412
259 452
259 296
259 269
260 547
260 320
260 624
261 698
261 669
261 286
262 391
262 691
262 564
263 387
263 500
264 648
264 306
266 367
266 657
266 697
267 657
267 572
268 491
268 680
269 545
271 626
272 471
272 445
273 429
274 400
275 405
275 607
276 435
276 371
276 533
277 385
277 291
277 583
277 554
277 430
277 431
277 468
278 620
279 377
280 421
281 311
282 362
282 336
282 433
282 315
283 586
283 301
283 402
283 436
286 431
286 530
286 627
287 366
287 472
288 366
289 448
289 515
289 428
289 427
289 496
289 501
289 346
289 575
290 329
290 319
291 459
293 339
293 474
293 447
294 368
294 344
294 479
297 486
297 327
297 540
298 448
298 360
298 373
298 310
298 471
299 326
299 592
299 632
299 541
301 322
301 525
302 396
303 349
304 523
304 454
304 341
305 692
305 505
306 600
307 557
307 403
308 443
308 517
308 467
309 603
309 458
309 400
311 454
311 590
311 318
312 486
314 604
314 349
316 415
317 417
318 439
319 390
319 327
319 523
319 556
320 334
320 568
321 574
323 526
324 388
324 377
326 643
326 528
326 467
326 351
326 447
327 414
328 360
329 638
330 658
330 536
331 363
332 634
332 411
334 425
334 653
334 686
334 598
334 375
334 537
334 604
336 577
336 612
336 476
338 690
340 353
340 547
340 641
340 673
340 474
341 465
341 665
342 598
343 456
343 489
343 632
344 356
344 529
344 502
344 633
346 623
346 635
347 548
348 390
349 658
350 493
352 666
353 386
353 485
353 397
354 489
354 374
354 569
355 646
356 576
356 482
357 395
358 546
358 653
359 422
359 393
359 494
359 407
359 381
361 682
361 684
362 386
362 650
365 593
367 578
367 409
368 567
369 464
369 479
370 375
370 504
370 507
371 607
372 376
376 579
376 694
376 490
376 631
378 442
380 689
380 473
380 410
382 667
382 413
383 587
383 471
383 571
383 605
386 550
386 536
386 635
387 460
387 536
389 589
389 531
389 573
389 510
391 453
391 615
391 562
392 593
392 564
393 607
395 653
397 429
398 549
398 588
398 527
398 401
398 666
400 664
401 684
401 622
401 625
403 666
404 518
405 497
406 580
406 486
406 596
406 477
407 559
407 409
408 480
408 484
409 431
409 444
413 462
414 549
414 583
414 571
415 577
415 465
415 472
416 620
416 604
417 587
417 649
419 577
419 584
422 516
422 423
423 508
424 585
425 678
425 434
426 588
427 675
427 534
428 448
429 511
432 434
432 535
433 589
433 637
434 480
435 502
435 511
436 671
439 613
439 554
439 664
442 538
443 627
443 662
447 471
447 669
448 581
450 459
454 486
454 661
454 664
456 489
457 593
459 584
459 629
459 639
460 553
462 609
462 522
462 477
463 695
464 689
465 626
465 572
466 595
466 472
466 601
467 680
467 629
468 513
470 490
471 667
472 642
472 591
472 693
474 512
474 513
474 551
475 560
476 698
477 580
477 543
478 581
481 672
487 521
488 666
490 630
492 513
492 533
496 554
496 594
497 608
499 517
499 556
503 659
506 565
508 668
509 584
516 619
517 621
517 654
517 528
519 677
519 572
525 697
531 664
533 668
536 589
536 659
536 628
537 683
538 694
540 655
541 592
542 549
544 590
546 679
550 645
555 600
556 677
557 601
558 561
560 649
560 567
565 668
571 615
573 694
581 663
584 683
584 688
589 613
589 671
594 639
598 630
605 698
607 614
607 670
614 685
616 686
624 672
625 642
629 688
630 693
639 652
650 667
665 687
669 696
672 674
