0 896
0 2
0 3
0 5
0 8
0 9
0 10
0 15
0 659
0 532
0 1710
0 1560
0 708
0 670
0 33
0 1704
0 172
0 558
0 1711
0 264
0 692
0 316
0 193
0 68
0 70
0 200
0 77
0 91
0 1249
0 1708
0 1767
0 746
0 1167
0 111
0 368
0 374
0 1172
0 506
1 1025
1 2
1 3
1 4
1 5
1 522
1 12
1 1038
1 16
1 17
1 18
1 1539
1 20
1 21
1 37
1 39
1 2094
1 49
1 58
1 571
1 60
1 1085
1 65
1 1094
1 1100
1 1616
1 83
1 1108
1 85
1 1622
1 1117
1 1122
1 615
1 1135
1 114
1 1655
1 1144
1 1147
1 128
1 133
1 135
1 143
1 145
1 148
1 149
1 153
1 163
1 1705
1 1196
1 1712
1 179
1 1204
1 1722
1 1725
1 710
1 1738
1 119
1 208
1 727
1 216
1 227
1 1254
1 744
1 1270
1 1272
1 250
1 1788
1 256
1 779
1 781
1 783
1 275
1 803
1 1875
1 1894
1 871
1 572
1 904
1 395
1 410
1 1959
1 1969
1 948
1 1464
1 960
1 449
1 1987
1 454
1 675
1 994
1 498
1 2036
2 4
2 6
2 7
2 10
2 11
2 12
2 13
2 16
2 1041
2 530
2 19
2 22
2 24
2 28
2 2078
2 31
2 545
2 34
2 35
2 1542
2 41
2 1069
2 51
2 52
2 54
2 56
2 60
2 61
2 1088
2 1604
2 585
2 1614
2 1103
2 1537
2 88
2 92
2 98
2 102
2 111
2 1137
2 633
2 636
2 637
2 2175
2 644
2 1159
2 1178
2 1698
2 180
2 693
2 182
2 197
2 1222
2 206
2 720
2 214
2 1246
2 741
2 1255
2 1771
2 753
2 242
2 1268
2 1269
2 246
2 1276
2 253
2 255
2 1284
2 1798
2 1808
2 1297
2 789
2 1302
2 1307
2 808
2 809
2 1836
2 1325
2 303
2 1352
2 332
2 1357
2 1359
2 346
2 354
2 874
2 366
2 1394
2 1397
2 1922
2 387
2 390
2 396
2 405
2 1942
2 1948
2 419
2 420
2 422
2 1964
2 942
2 442
2 245
2 1782
2 973
2 484
2 1509
2 998
2 496
2 2045
3 130
3 1028
3 518
3 648
3 620
3 535
3 140
3 14
3 1682
3 19
3 1160
3 22
3 89
3 1049
3 26
3 27
3 542
3 1889
3 32
3 161
3 932
3 37
3 1457
3 1579
3 432
3 689
3 1205
3 1338
3 192
3 1729
3 1856
3 71
3 73
3 2001
3 1456
3 1239
3 217
3 986
3 605
3 223
3 97
3 356
3 1125
3 165
3 232
3 1258
3 364
3 876
3 1344
3 1523
3 628
3 373
3 248
3 1786
3 1661
3 1685
4 1544
4 1033
4 11
4 269
4 398
4 15
4 914
4 147
4 278
4 23
4 25
4 28
4 1053
4 158
4 672
4 1672
4 38
4 305
4 1578
4 1216
4 177
4 1718
4 313
4 59
4 575
4 64
4 321
4 194
4 451
4 1984
4 709
4 326
4 203
4 204
4 973
4 1872
4 852
4 1237
4 342
4 727
4 95
4 1303
4 1708
4 228
4 618
4 1643
4 907
4 238
4 1135
4 115
4 116
4 118
4 376
4 703
4 1419
4 383
5 1412
5 6
5 7
5 8
5 1036
5 529
5 2094
5 23
5 409
5 1823
5 36
5 169
5 941
5 558
5 1416
5 51
5 1961
5 1975
5 697
5 1082
5 192
5 579
5 70
5 1490
5 595
5 86
5 1337
5 344
5 602
5 221
5 1921
5 353
5 231
5 1769
5 2154
5 236
5 752
5 759
5 889
6 9
6 13
6 271
6 275
6 2077
6 165
6 38
6 1474
6 72
6 141
6 209
6 1746
6 981
6 729
6 606
6 864
6 872
6 621
6 494
6 1913
6 123
6 1023
7 643
7 134
7 812
7 397
7 1689
7 537
7 1051
7 1183
7 1179
7 1060
7 425
7 44
7 813
7 689
7 52
7 438
7 953
7 702
7 65
7 67
7 972
7 463
7 1361
7 853
7 217
7 90
7 223
7 1121
7 488
7 105
7 107
7 109
7 1647
7 241
7 499
7 1274
7 510
8 768
8 194
8 14
8 528
8 914
8 24
8 1818
8 1316
8 168
8 1451
8 300
8 1664
8 1467
8 957
8 66
8 713
8 74
8 205
8 239
8 1136
8 888
8 510
9 1856
9 1042
9 113
9 392
9 1193
9 524
9 562
9 1006
9 48
9 17
9 498
9 884
9 520
10 513
10 899
10 132
10 1110
10 1641
10 1806
10 272
10 792
10 1172
10 1262
10 408
10 154
10 1051
10 926
10 930
10 32
10 162
10 1649
10 1705
10 1579
10 1118
10 1710
10 303
10 307
10 1054
10 182
10 183
10 1247
10 188
10 830
10 963
10 967
10 567
10 204
10 802
10 78
10 849
10 2131
10 1620
10 470
10 87
10 1756
10 733
10 862
10 863
10 1377
10 1507
10 612
10 101
10 230
10 359
10 700
10 622
10 1519
10 880
10 113
10 116
10 1598
10 247
10 125
11 669
11 427
11 136
11 137
11 138
11 526
11 1709
11 144
11 1169
11 146
11 277
11 1814
11 666
11 540
11 157
11 291
11 36
11 43
11 557
11 46
11 413
11 1840
11 989
11 265
11 1209
11 1978
11 2122
11 574
11 1473
11 1858
11 67
11 838
11 74
11 975
11 722
11 1443
11 602
11 731
11 349
11 94
11 95
11 98
11 1508
11 999
11 361
11 107
11 174
11 242
11 1779
11 252
12 160
12 102
12 1098
12 1967
12 1180
12 202
13 1285
13 1288
13 1552
13 1043
13 20
13 1007
13 29
13 286
13 31
13 1319
13 48
13 2098
13 180
13 1846
13 55
13 702
13 961
13 1731
13 68
13 1095
13 586
13 460
13 976
13 212
13 853
13 604
13 2156
13 495
13 369
13 1138
13 1427
13 1013
13 122
13 637
13 382
13 1621
14 18
14 189
14 207
15 129
15 133
15 1867
15 398
15 915
15 148
15 21
15 920
15 1540
15 27
15 284
15 29
15 30
15 33
15 795
15 550
15 39
15 40
15 1223
15 46
15 2141
15 819
15 414
15 1728
15 831
15 832
15 835
15 673
15 2121
15 203
15 79
15 1106
15 851
15 474
15 638
15 94
15 479
15 615
15 234
15 236
15 1405
15 1904
15 2036
15 117
15 120
15 276
15 2159
15 1149
15 126
16 1025
16 650
16 654
16 657
16 283
16 1310
16 1440
16 290
16 1189
16 1447
16 1064
16 1458
16 2100
16 569
16 193
16 71
16 843
16 1105
16 2132
16 2020
16 224
16 868
16 359
16 232
16 120
16 894
17 1152
17 2155
17 132
17 135
17 2063
17 273
17 1044
17 277
17 664
17 25
17 1436
17 807
17 42
17 1068
17 177
17 53
17 55
17 441
17 701
17 704
17 2117
17 951
17 468
17 86
17 1262
17 1755
17 225
17 1772
17 1191
17 108
17 110
17 623
17 1783
17 1429
18 164
18 1330
18 1550
18 1430
18 955
18 863
19 1739
19 1185
19 35
19 100
19 390
19 423
19 1388
19 171
19 647
19 1545
19 1712
19 49
19 53
19 534
19 1113
19 249
19 1370
19 1744
19 1855
20 131
20 404
20 663
20 1563
20 798
20 1695
20 1058
20 680
20 297
20 939
20 179
20 63
20 1570
20 1235
20 340
20 597
20 350
20 611
20 357
20 230
20 1774
20 1918
21 383
21 2053
21 1374
22 656
22 644
22 502
22 1033
22 45
22 34
22 47
22 240
22 2161
22 660
22 1845
22 54
22 706
22 1177
22 890
22 732
22 1757
22 30
22 1087
23 304
23 42
23 933
24 26
25 1248
25 833
25 66
25 328
25 1355
25 300
25 1618
25 847
25 626
25 309
25 215
25 440
25 1245
25 1726
26 802
26 428
26 1488
26 1209
27 1595
27 1575
27 104
27 1132
27 780
27 47
27 50
27 151
28 577
28 1289
28 138
28 834
28 526
28 1200
28 50
28 2168
28 185
28 59
28 191
29 322
29 1988
29 1925
29 394
29 588
29 45
29 246
29 600
29 61
29 511
30 96
30 1217
30 1958
30 391
30 73
30 492
30 112
30 595
30 1012
30 1333
30 1568
30 220
30 1580
31 225
31 259
31 677
31 1819
31 201
31 810
31 108
31 237
31 970
31 1208
31 1912
31 1558
31 1513
31 471
31 1161
31 442
31 1787
31 666
31 2198
32 2067
32 898
32 516
32 905
32 1547
32 270
32 643
32 916
32 1175
32 2072
32 282
32 1563
32 2074
32 1445
32 551
32 1704
32 41
32 44
32 2096
32 243
32 1590
32 827
32 445
32 64
32 963
32 1353
32 587
32 1613
32 462
32 1106
32 1934
32 345
32 1371
32 478
32 96
32 1124
32 233
32 1003
32 1776
32 369
32 499
32 117
32 771
32 1276
32 254
33 2171
33 639
34 323
34 487
34 1800
34 2089
34 106
34 1639
34 940
34 594
34 1549
34 143
34 2107
34 370
34 435
34 149
34 536
34 57
34 1711
34 348
34 757
35 388
35 69
35 552
35 1449
35 75
35 151
35 440
35 377
35 1434
35 382
36 1408
36 1032
36 1673
36 1035
36 1550
36 541
36 69
36 288
36 1190
36 174
36 1458
36 1717
36 1974
36 184
36 62
36 1349
36 592
36 982
36 1752
36 93
36 370
36 1396
36 1909
36 247
36 1528
36 1916
37 769
37 268
37 815
37 1584
37 211
37 471
37 1658
38 384
38 705
38 1936
38 1125
38 40
38 105
38 43
38 333
38 1294
38 1490
38 1376
38 178
38 1308
38 375
38 57
38 860
38 126
39 261
39 1865
39 627
39 1940
39 123
40 289
40 244
40 308
40 507
40 1567
41 2115
41 2093
41 618
41 455
41 360
41 393
41 234
41 1020
41 461
41 1230
41 381
41 1229
41 1460
41 1557
41 1658
41 220
41 125
41 2101
42 512
42 1792
42 389
42 406
42 280
42 1567
42 548
42 1573
42 1197
42 175
42 178
42 444
42 189
42 583
42 201
42 1228
42 84
42 1112
42 89
42 858
42 1004
42 114
43 529
43 150
43 409
43 423
43 1960
43 1193
43 56
43 190
43 575
43 76
43 1484
43 77
43 1102
43 1233
43 339
43 341
43 347
43 1884
43 865
43 101
43 1809
43 62
43 63
44 1351
44 555
44 584
44 554
44 75
44 1777
44 1099
44 181
44 152
44 505
44 1850
44 2044
44 1749
45 800
45 1730
45 1446
45 365
45 496
45 1779
45 1214
46 128
46 2084
46 2121
46 561
46 58
47 1152
47 514
47 491
47 134
47 1045
47 278
47 411
47 416
47 673
47 2085
47 683
47 173
47 1075
47 565
47 701
47 703
47 582
47 1953
47 78
47 83
47 97
47 743
47 235
47 1390
47 1278
48 1158
49 835
49 2180
49 166
49 72
49 299
49 559
49 616
49 1080
49 1899
49 538
49 1500
50 577
50 995
50 1124
50 812
50 2011
50 879
50 721
50 873
50 824
50 1668
50 1615
50 124
50 509
50 287
51 1444
51 212
51 183
52 202
52 1538
52 1328
52 889
52 280
52 281
52 155
52 426
52 1983
53 1313
53 99
53 1830
53 296
53 307
53 170
53 173
53 176
53 968
53 181
53 697
54 1603
54 1526
54 1577
54 514
54 386
54 2131
54 1141
54 407
54 860
55 392
55 905
55 1547
55 655
55 452
55 1050
55 1183
55 1572
55 1321
55 306
55 435
55 1716
55 311
55 1849
55 705
55 196
55 456
55 844
55 1101
55 334
55 1549
55 466
55 476
55 354
55 1897
55 1362
55 752
55 115
55 635
55 765
56 1495
56 449
56 523
56 678
56 1089
56 450
56 432
56 977
56 84
56 1016
56 1441
56 312
56 1108
56 2173
56 1054
57 1543
57 397
57 412
57 2100
57 696
57 1216
57 1632
57 76
57 842
57 459
57 972
57 82
57 2132
57 983
57 90
57 1630
57 224
57 869
57 629
57 2043
57 1277
58 898
58 1187
58 200
58 393
58 1648
58 945
58 436
58 312
58 927
59 645
59 124
59 1340
59 1207
59 1806
59 1874
59 1129
59 790
59 87
59 2168
59 127
60 129
60 523
60 144
60 1041
60 1684
60 1558
60 154
60 1311
60 1825
60 167
60 302
60 501
60 2124
60 80
60 85
60 1501
60 336
60 610
60 100
60 103
60 106
60 493
60 110
60 880
60 885
60 1398
60 1784
60 250
60 1130
62 1088
62 311
62 418
62 163
62 636
62 617
62 188
62 713
62 814
62 79
62 1713
62 1973
62 119
62 1223
62 1629
62 1467
62 156
62 801
62 158
63 208
64 130
64 131
64 1927
64 794
64 157
64 1826
64 882
64 1454
64 2101
64 324
64 198
64 460
64 205
64 464
64 1745
64 82
64 479
64 1256
64 1266
64 245
65 99
65 1866
65 363
65 2107
65 1661
66 1221
66 1447
66 585
66 586
66 589
66 912
66 1076
66 473
66 348
66 92
66 1119
67 641
67 1252
67 1740
67 371
67 1017
68 640
68 229
68 654
68 80
68 540
68 1053
69 226
69 2073
69 1412
69 910
69 1680
69 980
69 1079
69 153
69 1086
69 1375
70 961
70 267
70 196
70 486
70 199
70 139
70 1874
70 81
70 434
70 121
70 1528
70 185
70 1018
70 219
70 427
70 1662
70 261
71 141
72 364
72 172
72 1743
72 147
72 828
73 1953
73 1669
73 167
73 169
73 2183
73 1422
73 950
74 1410
74 387
74 137
74 146
74 1944
74 667
74 156
74 1821
74 544
74 688
74 162
74 1365
74 936
74 668
74 1962
74 304
74 315
74 319
74 195
74 1863
74 206
74 335
74 81
74 1363
74 718
74 1231
74 480
74 1255
74 1384
74 1642
74 1259
74 624
74 497
74 1780
74 118
74 1833
74 1785
74 506
74 1148
74 127
75 1281
75 1026
75 421
75 519
75 425
75 458
75 1964
75 2050
75 1649
75 470
75 536
75 2091
75 1356
75 1949
75 1790
76 2106
76 1091
76 1466
77 1371
77 176
77 1899
77 474
77 251
77 1022
78 1185
78 548
78 136
78 142
78 949
78 1302
78 407
78 1950
78 1471
79 401
79 1046
79 216
79 1052
80 252
81 1254
81 1493
82 954
82 88
83 791
83 244
84 226
84 806
84 1131
84 184
84 1138
84 266
85 1667
86 1092
86 363
86 1677
86 333
86 1939
86 2069
87 1160
87 103
88 801
88 1607
88 517
88 2145
88 433
88 104
88 818
88 1002
88 711
88 653
88 2064
88 145
88 1923
88 1364
88 218
88 91
89 93
90 1538
90 1192
90 685
90 238
90 1394
90 253
90 287
91 1122
91 740
91 806
91 1756
91 845
91 1858
91 893
91 1363
91 122
91 1244
91 186
91 990
92 1153
92 1808
92 1202
92 340
92 1335
94 195
94 324
94 1671
94 168
94 237
94 1795
94 2023
94 633
94 271
94 159
95 1409
95 292
95 1769
95 376
95 1142
95 152
96 353
96 1986
96 1315
96 1431
96 2198
96 262
96 199
96 1512
96 394
96 587
96 1517
96 1358
96 755
96 886
96 887
96 1498
96 2199
96 318
97 416
97 1824
97 1766
97 2017
97 617
97 331
97 1229
97 309
97 2102
97 1624
97 121
97 495
97 719
98 417
98 262
98 1364
98 1909
99 1924
99 1804
99 1264
99 210
99 467
99 664
100 161
100 291
100 1989
100 561
100 305
100 1876
100 441
100 1018
100 315
100 445
100 1278
101 1792
101 1771
101 517
101 109
101 1871
101 818
101 1684
101 408
101 538
102 1347
102 679
102 1006
102 1839
102 2040
102 1043
102 366
102 1686
102 1240
102 1181
103 874
104 2055
104 467
104 213
104 1878
104 1433
105 777
105 1066
105 142
105 372
105 1838
105 984
105 1610
106 164
106 166
106 1063
106 2012
106 298
106 1939
106 1236
106 533
106 891
106 1194
106 1973
107 1861
107 329
107 1902
107 1171
107 213
107 150
107 762
107 1855
108 257
108 1443
108 1000
108 214
108 569
108 542
109 576
109 1352
109 112
109 581
110 289
110 1819
110 197
110 737
110 2124
110 780
110 239
110 1300
110 599
110 856
110 1019
110 1886
112 913
114 508
114 1253
114 1602
115 292
115 892
116 1062
116 1064
116 233
116 516
117 800
117 553
117 1998
117 1526
118 215
119 389
119 2187
119 1548
119 2062
119 1811
119 279
119 1309
119 1182
119 1056
119 293
119 1195
119 413
119 1073
119 1715
119 564
119 2014
119 439
119 2104
119 1721
119 186
119 320
119 2113
119 465
119 1877
119 2148
119 734
119 868
119 753
120 321
120 2027
120 1670
120 1423
120 231
120 808
120 1737
120 1249
120 909
120 660
120 1631
120 187
120 1404
120 351
121 612
121 1110
121 2188
121 140
121 911
121 1745
121 310
121 2009
121 222
121 1157
122 512
122 475
122 1188
122 139
122 1198
122 175
122 1174
122 2136
122 221
123 256
123 489
123 650
123 1005
123 1486
123 1523
123 1170
123 851
123 2191
123 925
123 574
123 2047
124 993
125 1703
125 1784
125 207
125 1744
125 696
125 1298
125 372
125 566
125 472
125 922
125 763
126 1301
126 1946
126 1180
126 543
126 1312
126 2082
126 2118
126 1468
126 320
126 580
126 326
126 1991
126 210
126 1107
126 343
126 1786
126 365
126 624
126 211
126 1402
126 511
127 1177
127 285
127 1879
128 515
129 1827
129 509
130 929
130 264
130 584
130 1901
130 1646
130 209
130 754
130 1347
130 809
130 1916
130 735
131 1700
131 263
131 270
131 1139
131 1109
131 1976
131 735
132 931
132 845
132 1914
132 1370
133 1766
133 1257
133 170
133 846
133 243
133 406
133 1437
134 513
134 877
134 1966
134 301
134 1886
135 997
135 294
135 171
135 2004
135 861
136 576
136 1580
137 555
137 229
137 337
137 946
137 1622
137 2085
138 600
138 665
138 935
139 344
139 379
139 1981
140 272
140 1794
140 935
141 816
142 160
142 848
142 259
142 805
142 240
142 849
142 2194
142 2185
142 760
142 155
142 1148
142 318
144 545
145 2068
145 1805
145 1471
146 1841
146 690
146 625
146 274
146 948
146 342
147 258
147 1155
147 457
147 267
147 556
147 530
147 817
147 434
147 1603
147 1141
147 1545
147 218
147 1789
147 543
148 1867
148 235
148 1104
148 444
148 254
149 854
149 1009
149 1031
149 1090
149 785
149 274
149 438
149 1273
149 378
149 795
149 2149
149 831
150 608
150 994
150 648
150 1200
150 308
150 405
150 1401
150 505
150 1341
150 670
151 415
152 485
152 1201
152 969
152 1389
152 1981
152 677
152 756
152 375
152 1652
152 314
152 539
152 1469
153 771
153 487
153 968
153 1868
153 159
153 613
153 2170
153 251
153 415
154 947
154 726
155 580
155 362
155 623
155 1204
155 764
155 1853
156 1372
156 2154
156 439
157 1059
157 1834
157 1003
157 1687
157 1881
158 682
158 2127
158 1592
158 793
159 1924
159 1669
159 1905
159 297
159 813
159 273
159 1118
159 952
159 187
159 2005
160 1536
160 241
160 882
160 1267
160 1844
160 1657
160 605
161 357
161 1066
161 403
161 266
162 482
162 2145
163 1992
164 420
164 358
164 338
164 306
164 2197
164 822
164 1114
164 283
165 610
165 1219
165 1284
165 1097
165 1995
165 879
166 742
166 969
166 685
166 1165
166 596
166 1013
166 1399
166 923
167 288
167 362
167 956
167 814
167 881
167 2163
167 565
168 1632
168 1599
169 659
169 190
169 1897
170 613
170 219
170 2140
170 286
171 198
171 1836
171 716
171 401
171 1074
171 2057
171 1816
171 635
172 1306
172 1427
172 2051
173 228
173 1256
173 745
173 1233
173 857
173 347
173 191
174 1696
174 488
174 361
174 1583
174 313
174 222
175 522
175 1775
175 1905
175 1334
176 1502
176 334
177 707
177 877
177 974
177 2095
177 281
179 642
179 260
179 295
179 360
179 457
179 400
179 521
179 900
179 1468
180 2016
180 1473
180 2146
180 491
180 1582
180 589
180 497
180 850
180 885
180 346
180 1199
180 669
181 332
182 1760
182 1187
182 294
182 1225
182 1442
182 1934
182 943
182 945
182 1817
182 537
182 667
182 414
183 1414
183 707
183 1190
183 422
183 1972
183 630
183 316
183 1597
184 384
184 549
184 776
184 484
184 1774
184 1832
184 528
184 625
184 338
184 249
184 410
184 1723
184 570
185 772
185 1353
185 1267
185 437
185 663
186 1736
186 419
186 1206
187 336
187 748
187 2048
188 2034
188 310
188 1592
188 763
189 758
190 1197
191 1733
192 371
193 339
193 260
193 990
194 995
194 343
195 1536
195 833
195 547
195 1252
195 1635
195 1633
195 285
195 1777
195 1554
195 1587
195 2164
195 1598
195 791
195 1380
195 1978
195 943
195 797
195 1791
196 1815
196 1142
197 566
198 323
198 1748
198 1775
200 1012
200 1534
201 837
201 630
201 2043
201 1151
202 475
202 446
203 1546
203 2162
203 1751
203 632
203 1759
204 1008
204 1291
204 803
205 1091
205 327
205 521
205 1387
205 596
205 1081
205 1515
206 368
206 819
206 1173
206 1849
206 924
207 1286
207 1165
207 909
207 1465
208 676
208 1294
208 1489
208 1623
208 255
209 1090
210 1562
210 1611
210 1887
211 1888
211 834
211 774
211 454
211 2046
211 781
211 1702
211 862
211 855
212 779
213 447
215 970
215 1126
216 1154
216 649
216 746
216 1085
217 2176
217 450
217 1637
217 1031
217 1116
217 797
218 1835
218 367
218 1552
218 477
218 1727
219 1601
219 686
219 1359
219 1171
219 248
219 1391
219 1674
220 258
220 269
220 1166
220 461
220 469
220 534
220 527
222 1984
222 942
222 805
222 391
222 1071
222 725
222 598
222 1241
222 1080
222 1626
222 1701
224 1481
224 2189
224 693
224 1247
225 1008
225 908
226 227
226 298
226 878
226 2098
226 1459
227 1376
227 385
227 616
227 674
227 494
227 1683
227 1111
227 796
227 861
228 2140
229 2056
229 1611
229 402
229 1749
229 603
229 991
230 448
230 1307
231 455
231 327
231 653
231 782
231 1596
231 381
233 764
234 443
234 436
234 986
234 411
235 607
236 1380
236 582
236 782
236 1525
236 1023
237 1024
237 1570
237 1283
237 1420
237 2114
237 1103
237 433
237 1845
237 1431
237 988
238 1504
238 2146
238 658
238 979
238 276
238 437
238 345
238 1589
239 1829
239 1930
239 950
239 319
240 290
240 1156
240 1767
240 429
240 592
240 2008
240 1906
240 531
240 1972
240 787
240 377
240 634
240 1951
241 1730
241 1238
241 263
241 649
241 268
241 430
241 400
241 2037
241 1078
241 314
241 2175
241 1566
241 671
242 490
242 429
242 754
242 2041
242 1597
243 1837
243 335
243 563
243 794
243 859
246 352
246 2049
246 428
246 317
246 1875
246 2196
246 1147
247 1472
247 279
248 503
248 590
248 1392
248 789
248 919
248 1724
248 1309
249 2045
250 751
250 257
251 1530
251 1634
251 293
252 1084
252 325
252 265
252 331
252 940
252 301
252 399
252 788
252 2008
252 655
252 732
252 453
253 1220
253 870
253 456
253 619
253 1326
253 1328
253 1720
253 468
253 1560
253 884
254 2080
254 843
254 295
255 1107
255 2022
256 740
256 453
256 934
256 1896
256 525
256 302
256 817
256 1843
256 1590
256 1176
256 1818
257 355
257 1414
257 1260
257 1069
258 1862
258 562
258 2190
258 751
258 946
258 722
258 1503
259 1793
259 747
259 1546
259 1163
259 1524
259 380
259 1150
260 480
260 770
260 2083
260 1958
260 710
260 481
260 330
260 1070
260 2096
260 1989
260 768
260 1759
261 1063
261 2042
261 1039
262 1985
262 330
262 1817
262 1438
263 352
263 1230
263 816
263 466
264 2149
264 1451
264 749
264 532
264 917
264 1400
264 1499
264 1021
265 871
265 296
265 1260
265 1000
265 627
265 820
265 2088
265 2071
265 1114
266 2016
266 395
266 1591
267 492
267 721
267 820
267 1980
267 317
268 403
268 1310
269 2067
269 1345
269 1221
269 1062
269 903
269 1004
269 554
269 716
269 1452
269 893
269 723
269 916
269 1653
269 443
269 682
271 282
271 546
273 714
273 1947
273 284
274 1616
275 2079
275 1421
275 385
276 785
276 535
276 826
276 922
277 651
277 1316
277 875
277 1425
277 629
277 1305
277 573
277 926
278 1339
278 388
278 902
278 1483
278 1167
278 944
278 1699
279 875
279 356
279 679
280 1222
281 1068
281 1429
281 1238
281 829
281 607
282 386
285 472
285 1604
286 1510
286 379
286 1150
287 493
288 708
288 482
288 1130
290 547
293 322
293 559
293 399
293 2143
294 631
295 299
295 1850
295 478
296 418
296 1445
296 1650
296 698
296 351
297 1346
297 515
297 742
297 1417
297 1373
298 1112
299 1093
299 328
299 1513
299 810
299 684
299 1453
299 1423
299 1944
299 2007
299 920
299 1945
299 2111
299 1194
299 606
299 1541
301 1595
301 2007
302 737
302 899
302 1072
302 424
302 1548
302 1199
302 848
302 1461
302 1719
303 1802
303 686
305 1421
306 325
306 1102
306 1275
306 734
307 2034
310 865
310 642
310 804
310 2018
310 1677
312 1056
312 452
312 421
312 1393
312 888
313 936
313 2153
313 458
313 1073
313 628
314 2126
314 622
314 1618
314 1333
314 378
314 1627
315 867
315 1608
315 1074
315 469
315 1206
315 1367
316 1640
316 930
316 1999
317 1017
317 886
318 2102
319 1957
319 1544
319 1675
319 402
319 1042
319 341
319 1718
319 2109
320 1625
321 858
321 1446
321 966
322 355
323 1383
323 533
323 431
324 1127
324 872
324 329
324 1742
324 2003
324 373
324 1752
325 1001
325 1045
325 2010
325 539
325 798
326 1782
326 758
326 1937
327 772
327 1574
327 661
327 1527
327 1084
327 349
328 1796
328 793
328 1727
328 1695
329 876
329 1075
330 1676
331 1218
331 647
331 892
331 1191
331 1329
331 593
331 1586
331 502
331 1532
331 1873
331 1151
332 2052
332 933
332 841
332 490
332 1483
332 337
332 1332
333 1605
333 520
333 1263
333 1680
333 821
333 1020
333 350
334 1529
334 1994
334 374
336 896
336 483
336 646
336 1512
336 2142
336 1176
336 1529
336 1982
337 1195
339 1894
339 1384
339 426
339 823
339 1179
340 1093
340 583
340 463
340 2021
341 728
342 683
342 525
342 1293
342 784
342 598
342 1593
342 473
343 2083
343 908
343 1015
343 952
343 477
345 1885
345 1813
345 983
346 850
347 404
348 832
348 1576
348 887
348 921
348 1149
348 1982
348 1663
349 2125
349 568
349 571
349 1215
350 844
350 396
350 1462
351 358
351 1297
352 699
353 674
353 807
353 1610
353 684
353 1038
353 597
353 603
353 2165
353 959
354 1440
354 1648
354 1320
354 1104
354 1938
354 2195
354 1435
354 638
355 2161
355 1295
356 1627
356 588
356 614
357 524
357 1645
357 698
357 1021
358 1551
358 901
358 518
359 1211
359 1234
360 1517
361 1569
361 459
361 1732
361 1095
361 367
361 1011
361 500
361 501
361 1259
361 1070
361 766
362 1960
362 590
362 1391
362 1137
362 953
364 665
365 1804
365 976
365 1234
365 1653
366 1312
366 611
367 1637
367 1098
367 720
367 788
367 1656
367 955
367 1290
368 1345
368 1963
368 910
368 1296
368 1405
369 873
369 2023
370 519
370 412
370 1898
370 1965
370 824
370 380
370 895
371 2188
371 2030
371 1510
372 652
372 725
375 711
376 1656
376 1305
376 431
377 578
377 556
377 632
377 446
378 715
378 1863
378 719
379 1479
380 1048
380 1010
381 417
381 579
381 911
381 1974
381 762
381 1404
382 1928
382 1739
382 2141
383 2148
383 1140
383 2095
384 1531
385 1956
386 975
386 593
386 1398
386 2006
386 591
388 1184
388 897
389 1826
389 733
389 2086
390 901
390 1128
390 1065
390 881
390 1737
391 1163
391 1116
392 2062
392 657
392 553
392 890
392 508
393 448
393 960
393 1061
393 424
393 1516
393 2184
393 981
393 447
394 1382
394 1318
394 1895
394 2025
394 504
394 761
394 987
395 964
395 1494
396 1645
396 1134
396 1970
396 1396
396 821
397 1930
397 1459
397 852
398 1556
398 1714
398 1071
399 640
399 1002
399 1317
400 462
400 591
401 913
402 1338
403 451
403 1381
403 1628
403 1629
404 738
404 483
404 841
404 750
404 1115
405 2075
405 1293
405 2015
407 2019
407 999
407 938
407 1228
407 1807
407 767
409 1350
409 2185
409 1966
409 691
409 581
410 485
410 1057
410 681
410 1453
410 563
410 1077
410 957
410 1733
413 928
415 527
415 687
416 1602
416 1173
416 1270
416 1660
416 1109
418 544
418 2122
418 1448
418 1271
418 1022
419 1608
419 430
419 560
419 1524
420 2186
420 1862
420 839
421 1477
421 1865
421 1365
421 1721
421 601
422 738
422 486
422 907
422 1072
422 546
422 1304
422 829
423 1975
424 1279
424 2070
424 481
425 1898
426 1231
426 775
427 904
427 465
427 2138
430 621
430 1358
431 1227
432 1378
432 1830
434 773
435 1652
437 2186
438 1469
439 1067
439 695
439 1838
440 1795
440 1083
440 695
441 1811
441 1691
441 1591
443 646
443 1831
443 2157
443 1047
443 568
444 656
445 1848
445 1027
445 567
446 464
446 2033
447 1487
447 1397
449 1164
449 2053
450 557
450 760
450 2195
450 2076
452 1258
453 1778
453 1941
454 836
454 614
454 1992
454 1419
454 2103
455 489
455 661
456 1600
457 550
457 1357
457 634
457 1983
458 1096
458 1561
458 1208
458 1407
459 503
460 2116
460 1351
460 1577
460 1501
461 2074
461 1564
462 784
462 1952
462 2087
462 1323
462 1746
462 1494
462 560
462 1246
463 1690
464 1437
465 706
465 2092
466 1131
466 866
466 965
467 736
467 770
467 1331
467 1685
468 609
468 1198
468 541
469 476
473 2144
473 507
473 906
474 549
474 715
474 1965
474 1113
475 1299
475 681
475 651
476 1919
476 578
476 1535
477 1346
478 1225
482 929
482 1264
482 1520
482 1502
482 1055
484 552
484 1492
484 743
485 1243
485 1015
486 2112
487 1181
487 1470
487 1873
488 1425
489 1672
489 1242
489 1574
490 729
490 1980
490 2182
491 1322
491 619
491 1272
491 604
492 1993
492 1660
493 1295
493 1841
493 639
494 620
494 675
494 709
495 724
495 1758
495 717
496 962
496 1250
496 1810
496 500
496 2167
496 504
496 1019
498 712
498 1807
498 1576
498 1044
499 736
499 1325
499 694
500 1573
500 1159
500 1457
500 531
500 1879
500 1497
500 1244
500 671
501 1313
501 799
502 1329
503 1515
504 979
504 748
505 2059
505 1243
505 1543
508 755
510 839
511 1210
512 1987
512 1354
512 601
512 1311
514 900
514 1753
514 2135
514 692
514 2105
514 1111
514 996
514 1691
516 700
516 1265
517 1207
519 804
519 2166
519 1047
519 895
520 739
521 1674
521 2118
521 1559
522 1436
523 608
523 825
523 767
524 1170
524 1202
525 1954
525 1386
525 1778
525 924
526 822
528 777
530 962
530 1671
530 1287
530 786
530 2111
534 668
534 1516
536 1115
536 965
536 723
537 1504
537 1410
537 750
537 2159
537 2139
538 866
538 1196
538 1843
538 564
538 573
539 1589
541 1454
542 2193
542 1079
542 1464
542 572
542 1949
543 931
543 1099
543 1432
543 1368
544 2192
544 1186
547 551
548 967
549 971
549 652
549 1946
549 1625
549 570
550 1763
553 2160
553 1058
553 869
553 2000
553 658
554 1314
554 1734
554 1791
557 1050
557 1607
558 1321
559 690
559 903
560 1360
561 1314
565 1505
566 1121
566 2009
566 836
567 609
567 1764
567 1985
567 1864
567 594
567 982
567 1496
567 1052
568 688
569 956
569 2032
571 726
574 1797
575 1707
575 1630
576 741
578 1662
579 966
582 897
582 1732
582 1261
582 631
583 932
583 1123
584 1758
587 599
588 761
588 2033
589 1609
589 1413
590 1432
590 1030
590 680
590 1420
590 1096
590 1562
591 1634
592 1890
592 2143
594 1612
594 1646
595 776
595 927
596 1692
597 728
597 1694
597 718
598 1770
598 1675
598 2028
598 1014
598 828
600 1828
601 1039
601 2041
601 2040
601 921
602 1306
603 1344
603 2051
603 678
603 902
605 1519
606 1360
606 1713
607 1903
608 2024
608 1478
609 749
610 847
610 717
611 1644
611 1323
611 878
612 1794
612 676
612 1385
612 2038
612 856
613 626
613 1433
614 2052
614 1941
615 1943
615 662
616 2044
616 1269
616 1773
618 1706
618 1931
618 1788
619 1283
619 2071
620 883
621 1226
621 730
622 1240
622 1986
622 645
623 1375
623 1679
623 747
624 1134
625 1120
625 2049
625 1413
625 1799
625 1097
625 691
625 1527
626 944
626 1136
627 1638
628 1348
628 1139
628 1426
628 883
628 756
628 699
629 1007
629 985
630 996
631 1890
631 1334
631 2055
631 712
631 662
631 1032
631 1571
631 2126
631 1046
631 1271
631 1241
631 2174
633 917
634 1859
634 1917
634 1535
635 1803
635 1326
635 2063
635 1308
636 1040
636 1369
637 641
637 757
639 1009
640 1415
642 971
642 687
642 1424
642 1717
642 1883
642 1565
643 672
643 1507
643 1061
643 1381
643 704
643 1285
644 827
646 958
647 1640
647 859
647 1999
648 694
649 778
649 766
649 799
652 937
652 2087
652 773
655 783
656 1668
656 984
656 2139
656 1822
657 1854
658 2179
658 1028
658 2187
659 1781
659 840
660 1511
660 1201
660 759
660 988
660 1853
661 1140
662 1030
663 1377
663 855
664 1444
664 1829
664 1673
664 739
664 1687
664 1213
665 978
665 1117
667 1296
667 1699
667 918
668 915
668 2002
669 1406
670 1164
671 1979
671 2165
672 1932
673 1232
673 1740
674 857
678 1205
679 2031
679 1373
680 1922
680 2042
684 2135
686 1128
686 2197
686 1657
686 765
688 1641
688 1554
688 1902
692 1400
694 1248
694 744
694 2120
694 1594
694 1754
695 1864
695 1994
695 2110
697 1601
699 714
700 1257
701 1434
701 2150
702 769
702 1926
702 1609
702 1011
702 730
703 1162
703 1506
704 912
704 1184
705 2147
705 1157
705 838
705 1059
706 1910
707 1896
707 731
707 1857
708 724
710 991
711 792
711 938
712 1174
713 2078
713 790
714 1379
714 1388
714 1303
714 2172
715 786
715 1636
715 1933
716 1805
718 1168
718 1461
719 745
720 2144
720 1224
720 2093
720 1870
720 1077
720 1979
723 1768
723 796
724 1348
724 2097
724 1877
727 1224
727 1251
727 1337
728 842
729 1409
729 2189
729 846
729 1426
730 840
730 985
730 1301
732 1144
732 1514
732 1143
735 1355
737 2191
739 1636
740 1456
741 1315
741 1540
741 941
741 815
742 1411
742 1703
742 1082
742 1500
745 1569
745 774
747 787
748 775
749 1227
749 1488
749 1761
751 1911
753 1408
753 1318
753 1192
753 2169
753 923
754 2075
754 1566
755 1057
755 1996
756 1482
756 2170
758 1290
759 1361
760 1392
760 811
760 1623
761 2137
763 1288
764 1089
765 1214
766 997
768 1954
770 1480
770 1688
771 778
771 1593
772 811
772 2117
773 1016
773 1700
774 1763
777 1378
777 1078
777 1633
779 1416
779 1153
781 1123
783 928
783 1218
783 1667
783 1415
783 978
783 2163
783 919
783 1336
783 1146
786 918
787 837
788 823
789 1707
789 1350
790 1081
791 1938
791 2069
791 1846
791 1341
795 2026
796 1882
798 1145
798 830
799 826
799 2158
799 2065
800 1065
800 2130
801 2151
802 1322
803 906
804 1639
806 891
806 1492
809 1952
811 1553
812 1299
812 1189
813 1887
813 1086
814 867
814 1741
814 1203
814 854
814 1275
815 1036
815 1582
817 2113
817 2180
817 1366
817 1789
818 1571
819 1833
819 934
820 2018
821 1956
821 1034
821 939
821 1619
822 825
822 2019
822 1263
824 993
824 2151
825 1935
826 2090
827 1462
829 964
830 1929
830 2035
830 1770
831 1827
832 1242
832 1253
833 2086
833 1101
833 1521
833 1439
835 1559
837 1624
837 1815
839 1035
839 1158
842 864
842 1472
842 937
842 1335
842 1772
842 1001
842 951
842 925
844 1286
848 1651
848 2047
850 1477
850 1327
851 1034
851 1292
851 1520
851 1706
852 2123
853 989
853 1291
854 2153
854 2082
855 2061
857 1076
859 1486
860 1250
860 1366
860 1320
860 977
860 1178
860 894
861 1327
861 1851
862 980
863 1356
864 1027
864 870
864 1522
864 2038
864 1239
864 1342
865 992
865 1693
866 1553
867 1906
868 1105
868 2059
868 998
871 2119
873 1666
874 1265
874 1210
874 1010
875 1670
877 1915
877 1470
877 1557
879 949
881 1683
881 1757
882 1127
886 2097
887 1330
887 1722
887 1478
888 1146
889 1642
889 1586
889 1203
889 1399
889 2010
890 1324
890 959
891 1910
891 2109
894 1166
899 1037
900 1026
900 1773
901 1561
902 1455
904 1162
904 1395
905 2081
906 1024
906 1005
906 974
906 2138
907 987
907 1037
907 1823
909 1092
911 1280
913 1881
913 1487
915 1029
916 1281
916 1498
916 1809
917 1067
918 2125
918 1518
918 1714
918 958
921 1304
922 1418
922 1126
928 1869
930 1475
930 1508
930 1484
930 1533
933 1029
934 1697
934 1495
936 1588
939 1424
939 954
939 1702
940 1947
941 1213
941 2127
941 1441
942 1736
942 1339
942 1734
943 1692
943 2134
945 947
947 1620
948 1726
949 2072
950 1719
951 1156
951 1596
952 1048
953 2183
954 1132
956 1635
956 1354
956 1521
956 1682
959 1678
961 2169
962 1665
965 1893
966 1485
966 1697
968 1261
969 1094
969 1014
970 2060
970 1927
970 1219
971 1698
974 1395
974 1908
979 1119
981 1232
982 1060
982 1701
982 2005
982 1401
983 1942
984 1282
984 1279
985 1087
986 992
989 1585
989 2133
990 1476
991 1936
991 1186
992 2171
992 2178
993 1907
994 2060
995 2058
995 1040
995 1820
995 1055
996 1534
997 2104
997 1929
997 1133
1003 1575
1006 1688
1009 1765
1010 1776
1011 1448
1017 1342
1019 1274
1020 1735
1020 1300
1020 1489
1021 1292
1022 1407
1024 2152
1024 1129
1024 1723
1025 2004
1026 1654
1028 1485
1032 1971
1032 1797
1033 1049
1033 1465
1034 1753
1035 1497
1035 1466
1036 1368
1038 1211
1038 1133
1038 2011
1040 2024
1040 1403
1041 1390
1043 1083
1043 1903
1045 1481
1046 1188
1050 2031
1051 1449
1054 1835
1054 1100
1056 1883
1057 1908
1060 1386
1061 1217
1063 1937
1063 1876
1063 1878
1064 1289
1064 1892
1065 1530
1065 1319
1067 1287
1069 1568
1070 1324
1071 1145
1071 1482
1071 2115
1072 2054
1073 1155
1078 1435
1081 1215
1082 1120
1082 1514
1087 1565
1088 1585
1088 1996
1090 1379
1091 1728
1091 1522
1091 2155
1092 1621
1093 1917
1098 2014
1099 1600
1099 1442
1100 1768
1100 1369
1102 1715
1104 1676
1104 1143
1109 1650
1109 2066
1111 1154
1111 1681
1111 1175
1111 1689
1112 1665
1114 1995
1115 1847
1119 1901
1121 1182
1123 1317
1124 1268
1124 1245
1125 1411
1127 2172
1128 1402
1130 1168
1134 1220
1134 1226
1135 1747
1139 1911
1142 1518
1142 1298
1142 1235
1142 1915
1142 2035
1143 1803
1144 2017
1145 1169
1145 1647
1148 1273
1151 1988
1151 1990
1151 1161
1151 2173
1155 1428
1158 1251
1159 1382
1159 1551
1159 1463
1159 1871
1159 1212
1162 1801
1163 2160
1163 2013
1168 1280
1168 1912
1171 1617
1172 1945
1172 2030
1174 1798
1175 1503
1175 1900
1178 1236
1179 1496
1179 1787
1179 1475
1180 1651
1182 2080
1183 1438
1184 1969
1185 2196
1185 1340
1187 1693
1188 1383
1190 2156
1191 1655
1195 1967
1197 1499
1198 1848
1199 2129
1200 1212
1202 2054
1204 1968
1209 1615
1210 2001
1210 1847
1210 1277
1214 1555
1215 2137
1216 1450
1219 1367
1220 1349
1222 1493
1223 1406
1224 2003
1224 1694
1228 1374
1229 1812
1230 1282
1230 1480
1230 1709
1230 1583
1231 1460
1233 2027
1233 1439
1233 1237
1235 1971
1237 1389
1238 1690
1238 1884
1238 1617
1240 1362
1240 2079
1243 1991
1244 1842
1247 1343
1248 1892
1249 1852
1254 1422
1255 1754
1256 1904
1256 2028
1259 1387
1261 2058
1262 1332
1262 1977
1263 1998
1265 1588
1265 1266
1266 1539
1267 1696
1267 1476
1267 1542
1268 1638
1274 1331
1276 2070
1278 1393
1278 1505
1278 1533
1282 1659
1291 1537
1291 2029
1292 1765
1296 1450
1297 1955
1298 1343
1300 1933
1301 1882
1302 2184
1302 1943
1310 1509
1311 1385
1311 2000
1312 1968
1312 1605
1313 1907
1316 2048
1319 1418
1319 1654
1320 1491
1321 1888
1321 1644
1322 1780
1324 1474
1326 1336
1326 1452
1326 1837
1327 1785
1327 1403
1331 2194
1340 2193
1341 2177
1342 2046
1343 2089
1346 1372
1348 1762
1349 2039
1350 2108
1350 1997
1352 1511
1358 1525
1359 1760
1361 1735
1363 2181
1363 1578
1363 1951
1364 1761
1365 1679
1370 1825
1373 1931
1374 2015
1375 1581
1378 2119
1379 1976
1379 2068
1379 1428
1381 2088
1385 1455
1386 1613
1389 1678
1392 2022
1395 1479
1396 1861
1400 1755
1404 1584
1404 1743
1404 1463
1406 1417
1409 2133
1410 2006
1421 1628
1421 1430
1422 1950
1422 1541
1424 1506
1427 1783
1428 1572
1432 1614
1434 1920
1434 1686
1436 1926
1444 2105
1444 1594
1447 2162
1451 1491
1458 1869
1459 1531
1460 1961
1464 2065
1464 2129
1464 1729
1464 1564
1466 1801
1468 2108
1468 1612
1469 1664
1471 1935
1472 1840
1473 1631
1476 1948
1477 2084
1478 2077
1478 1725
1482 2192
1482 1738
1485 1556
1485 1532
1485 1993
1486 1820
1494 1891
1496 1599
1505 1626
1508 1750
1509 1587
1512 2099
1521 1814
1525 1810
1528 1872
1532 1619
1534 1581
1534 1742
1537 1681
1538 1606
1540 1762
1541 1731
1541 1790
1543 1990
1545 1832
1545 1923
1548 1555
1557 2152
1558 2056
1562 1913
1563 1857
1565 2050
1565 1606
1567 2064
1577 1831
1578 1839
1579 2128
1579 2039
1580 2002
1580 1859
1583 1764
1585 2099
1587 1666
1589 2158
1589 1663
1590 1932
1594 1720
1595 2081
1603 1800
1606 1643
1606 1854
1609 1659
1614 1716
1614 1842
1616 1963
1618 1955
1625 2136
1625 1860
1628 1802
1631 2130
1631 1918
1631 1751
1632 2012
1633 2147
1636 2076
1639 1880
1642 1940
1643 1844
1643 2037
1644 1828
1649 1816
1649 1748
1654 2182
1662 1962
1670 2112
1673 2025
1673 1750
1675 1900
1675 1895
1675 1868
1680 1921
1680 1781
1682 1834
1686 1957
1692 1724
1692 1893
1692 1796
1696 1880
1702 2157
1704 1852
1706 1747
1707 1824
1732 2179
1736 1741
1738 2128
1739 1812
1747 1959
1748 1821
1753 1914
1762 1851
1772 2061
1772 1822
1774 1793
1783 1889
1787 1919
1789 1920
1789 2176
1791 1970
1793 1799
1797 2166
1798 1813
1801 2073
1801 2164
1809 2177
1814 1870
1819 1891
1828 2090
1834 2116
1834 1860
1850 2174
1852 1977
1856 2026
1856 2029
1858 1925
1860 1866
1860 1997
1863 2020
1864 2110
1865 2092
1869 1885
1870 2021
1873 2123
1881 1928
1892 2066
1894 2114
1899 2150
1899 2199
1907 2190
1924 2181
1926 2120
1933 2032
1937 2091
1937 2134
1959 2013
1965 2178
1985 2057
1999 2103
2009 2142
2010 2106
2070 2167
