0 2
0 3
0 130
0 15
0 272
0 17
0 387
0 276
0 22
0 35
0 36
0 39
0 190
0 63
0 324
0 70
0 74
0 75
0 386
0 83
0 96
0 228
0 105
0 371
1 2
2 3
2 4
2 5
2 7
2 8
2 9
2 11
2 14
2 16
2 286
2 19
2 132
2 27
2 312
2 29
2 30
2 133
2 32
2 163
2 261
2 165
2 38
2 177
2 291
2 170
2 44
2 301
2 321
2 136
2 172
2 181
2 184
2 185
2 186
2 316
2 309
2 320
2 193
2 139
2 69
2 329
2 203
2 79
2 80
2 81
2 210
2 211
2 212
2 142
2 343
2 94
2 96
2 98
2 251
2 357
2 231
2 259
2 338
2 367
2 112
2 275
2 297
2 123
3 129
3 4
3 5
3 6
3 8
3 10
3 151
3 141
3 17
3 21
3 23
3 26
3 155
3 28
3 285
3 287
3 289
3 294
3 167
3 46
3 176
3 49
3 53
3 187
3 138
3 63
3 207
3 80
3 224
3 226
3 361
3 277
3 110
3 112
3 250
3 319
3 127
4 136
4 10
4 11
4 16
4 20
4 380
4 34
4 36
4 293
4 45
4 57
4 74
4 375
4 205
4 349
4 99
4 358
4 361
4 110
4 247
4 248
4 124
5 6
5 7
5 12
5 15
5 147
5 276
5 22
5 24
5 26
5 291
5 40
5 299
5 44
5 54
5 55
5 58
5 320
5 196
5 72
5 79
5 82
5 86
5 87
5 89
5 90
5 223
5 106
5 109
5 242
5 243
6 32
6 98
6 292
6 137
6 42
6 46
6 48
6 370
6 54
6 24
6 153
6 182
7 160
7 192
7 107
7 198
7 104
7 9
7 43
7 13
7 14
7 19
7 340
7 318
7 281
7 25
7 124
7 254
8 97
8 164
8 335
8 73
8 139
8 109
8 111
8 304
8 18
8 215
8 121
8 143
8 60
8 191
9 393
9 394
9 12
9 66
9 144
9 18
9 148
9 155
9 30
9 161
9 27
9 62
9 194
9 72
9 75
9 334
9 83
9 213
9 222
9 114
9 119
9 253
9 383
10 299
10 243
11 39
11 266
11 43
11 332
11 13
11 45
11 240
11 49
11 388
11 348
11 94
11 31
12 352
12 257
12 131
12 132
12 166
12 40
12 209
12 308
12 56
12 60
12 157
12 350
12 31
13 107
13 379
13 260
14 37
14 169
14 34
14 20
15 117
16 174
16 121
16 28
16 190
17 33
17 97
17 41
17 391
17 237
17 385
17 52
17 21
17 119
17 25
17 378
17 91
17 382
18 162
18 108
18 339
18 300
18 61
19 289
19 200
19 236
19 141
19 397
19 242
19 179
19 244
19 85
19 150
19 23
19 349
21 129
21 166
21 38
21 227
21 328
21 42
21 274
21 47
21 178
21 67
21 218
21 287
21 29
21 230
22 384
22 53
22 312
22 325
23 164
23 230
23 363
23 195
24 202
24 284
24 237
26 33
26 70
26 71
26 175
26 35
26 310
26 69
27 179
27 56
27 313
27 62
28 330
28 171
28 236
28 159
30 247
30 353
30 47
31 131
31 103
31 41
31 77
31 81
31 115
31 268
31 73
31 120
31 199
32 128
32 101
32 48
32 58
32 59
32 95
33 138
33 183
34 37
34 134
35 65
35 241
35 105
35 298
35 108
35 174
35 381
35 216
35 51
35 52
35 184
35 377
35 192
35 158
36 176
36 66
36 378
37 234
38 59
39 355
39 302
39 111
39 50
39 215
39 154
39 399
40 354
40 336
40 120
40 318
40 197
41 130
41 163
41 324
41 148
41 55
42 77
42 51
42 87
42 219
43 68
43 198
43 201
43 76
43 366
44 64
44 321
44 100
44 102
44 296
44 78
44 302
44 356
44 219
44 284
44 325
45 265
45 182
46 65
46 140
46 93
48 64
48 102
48 104
48 396
48 145
48 50
48 84
48 122
48 126
49 57
49 200
49 153
50 271
51 322
51 126
51 231
53 68
53 268
53 85
53 314
54 160
54 203
54 82
54 220
54 125
55 194
55 76
55 304
55 177
56 322
56 171
56 157
56 189
56 221
56 115
56 372
56 214
56 61
58 296
58 137
58 170
58 180
59 89
59 392
59 196
60 262
60 118
60 280
60 92
62 67
62 388
62 187
64 263
64 290
64 359
64 71
64 188
64 235
64 398
64 275
64 86
64 123
64 92
64 221
64 286
64 95
65 99
65 178
67 103
67 233
67 362
67 78
67 303
67 152
67 371
67 88
68 169
68 140
69 208
69 207
70 258
72 117
76 144
76 373
77 168
77 122
77 315
77 93
78 282
79 257
80 264
80 331
80 360
80 306
80 84
80 90
80 316
80 223
81 337
81 329
81 209
81 114
81 211
81 220
81 159
82 350
82 343
83 201
85 283
85 100
86 226
86 305
86 386
86 113
86 213
86 88
86 346
87 256
87 370
88 150
88 175
89 173
90 224
90 162
90 106
90 116
90 376
90 91
90 101
91 273
92 384
92 262
92 295
92 306
93 253
93 342
93 135
97 267
97 149
98 185
100 172
100 342
101 195
101 246
101 134
101 239
101 118
101 183
102 202
102 214
102 127
103 199
103 173
103 335
103 113
103 280
104 395
106 265
106 317
107 317
108 332
108 204
108 314
109 156
109 133
110 116
111 292
111 293
112 146
112 154
113 145
113 135
113 180
114 188
115 327
115 142
115 339
115 346
117 156
117 125
118 288
118 272
118 264
118 208
118 191
120 248
120 395
120 149
121 271
123 260
125 279
127 128
127 259
127 197
127 245
130 391
130 189
130 245
132 288
133 216
133 396
133 158
134 206
135 235
135 147
135 151
135 251
136 161
136 369
136 143
140 146
140 278
140 210
143 330
143 228
143 398
144 165
144 309
144 254
144 181
145 368
145 229
145 297
145 334
145 239
145 244
146 347
147 168
147 234
147 345
147 186
148 218
149 206
151 294
151 204
151 344
151 246
151 152
152 290
153 250
153 323
153 308
154 315
154 326
155 193
155 355
155 167
155 365
156 337
156 295
156 238
159 225
159 217
160 240
160 256
161 333
162 267
162 261
165 364
165 389
167 233
168 379
168 338
169 269
169 390
172 313
174 358
174 270
175 331
178 301
178 205
181 232
181 278
181 345
184 368
188 222
189 258
189 255
191 352
192 389
194 359
195 336
195 238
197 249
197 212
198 273
198 269
201 375
202 341
207 283
207 217
207 225
208 241
209 366
210 390
211 377
213 323
213 227
214 328
214 310
217 369
218 232
218 360
218 319
220 298
221 300
221 249
224 266
225 282
225 341
228 229
229 270
229 263
230 327
230 277
230 382
234 252
235 380
236 252
236 397
236 326
240 307
240 279
243 281
245 255
245 274
245 394
246 333
247 365
252 311
256 351
256 285
260 311
261 353
261 381
263 356
263 357
270 340
274 393
274 387
281 307
282 383
284 363
288 385
291 303
295 305
297 392
304 399
304 374
312 367
318 362
320 348
328 376
330 344
331 354
334 364
344 347
348 351
359 372
371 373
371 374
