0 2
0 3
0 4
0 517
0 8
0 1035
0 524
0 14
0 1039
0 18
0 67
0 918
0 25
0 26
0 288
0 944
0 182
0 955
0 195
0 72
0 970
0 720
0 270
0 470
0 857
0 1115
0 96
0 1232
0 98
0 368
0 963
0 895
1 2
1 260
1 6
1 7
1 11
1 12
1 15
1 784
1 276
1 795
1 31
1 518
1 297
1 171
1 54
1 572
1 1215
1 704
1 961
1 708
1 457
1 205
1 206
1 591
1 92
1 734
1 483
1 489
1 362
1 241
1 124
1 509
2 130
2 3
2 4
2 5
2 7
2 9
2 10
2 279
2 12
2 898
2 15
2 17
2 384
2 515
2 23
2 153
2 26
2 28
2 925
2 417
2 35
2 36
2 423
2 296
2 1065
2 1159
2 428
2 815
2 1150
2 306
2 128
2 52
2 440
2 180
2 699
2 829
2 190
2 1141
2 192
2 352
2 863
2 196
2 1169
2 73
2 330
2 461
2 206
2 591
2 1104
2 721
2 211
2 84
2 725
2 86
2 228
2 847
2 860
2 351
2 96
2 482
2 100
2 870
2 487
2 232
2 1257
2 363
2 658
2 494
2 624
2 1266
2 915
2 766
2 630
2 1164
2 376
2 249
2 253
2 738
3 5
3 6
3 519
3 8
3 9
3 10
3 11
3 1040
3 1041
3 19
3 21
3 22
3 1055
3 38
3 42
3 44
3 520
3 57
3 58
3 1087
3 65
3 1090
3 523
3 78
3 85
3 601
3 617
3 113
3 122
3 635
3 1154
3 132
3 144
3 147
3 1173
3 152
3 672
3 163
3 1190
3 168
3 169
3 172
3 203
3 716
3 1238
3 218
3 219
3 231
3 234
3 808
3 756
3 760
3 250
3 1276
3 765
3 766
3 768
3 897
3 285
3 291
3 296
3 820
3 321
3 838
3 840
3 844
3 845
3 849
3 852
3 350
3 362
3 877
3 63
3 385
3 390
3 907
3 909
3 408
3 921
3 415
3 420
3 449
3 453
3 332
3 985
3 480
3 1015
3 505
4 89
4 135
5 129
5 900
5 263
5 649
5 284
5 422
5 433
5 817
5 1078
5 55
5 57
5 61
5 1219
5 845
5 1233
5 726
5 226
5 1254
5 1127
5 104
5 108
5 242
5 763
6 704
6 34
6 1022
7 389
7 905
7 1038
7 143
7 274
7 20
7 1175
7 28
7 157
7 286
7 1285
7 18
7 540
7 43
7 429
7 1181
7 49
7 1081
7 573
7 703
7 194
7 196
7 70
7 333
7 215
7 984
7 1113
7 740
7 359
7 235
7 109
7 1138
7 937
7 121
7 1149
8 896
8 645
8 522
8 14
8 16
8 273
8 148
8 22
8 152
8 982
8 32
8 39
8 615
8 818
8 46
8 943
8 178
8 823
8 56
8 61
8 191
8 1088
8 72
8 334
8 83
8 340
8 723
8 856
8 607
8 737
8 227
8 996
8 870
8 529
8 1296
8 107
8 237
8 366
8 113
8 370
8 243
8 126
9 33
9 772
9 1029
9 326
9 162
9 329
9 458
9 13
9 943
9 369
9 50
9 51
9 436
9 820
9 24
9 804
9 154
9 1162
9 382
10 1153
10 968
10 201
10 809
10 76
10 565
10 334
10 464
10 17
10 181
10 87
10 602
10 255
10 446
10 95
11 256
11 391
11 398
11 656
11 405
11 27
11 284
11 30
11 33
11 419
11 552
11 170
11 940
11 568
11 313
11 188
11 958
11 321
11 503
11 589
11 79
11 720
11 1234
11 85
11 222
11 479
11 225
11 102
11 1128
11 107
11 247
11 376
11 633
11 123
12 166
12 455
12 801
12 1194
12 75
12 13
12 562
12 213
12 119
12 442
12 315
12 29
13 259
13 740
13 197
13 103
13 776
13 987
13 139
13 78
13 472
13 469
13 278
13 1209
13 88
13 1113
13 411
13 60
13 254
13 1128
14 929
14 290
14 964
14 550
14 166
14 1121
14 860
14 394
14 332
14 46
14 79
14 881
14 120
14 506
14 379
14 380
14 714
15 260
15 779
15 322
15 270
15 16
15 728
15 530
15 150
15 23
15 25
15 303
15 156
15 927
15 161
15 1058
15 803
15 37
15 39
15 555
15 47
15 48
15 49
15 434
15 53
15 60
15 309
15 66
15 481
15 1166
15 848
15 338
15 561
15 706
15 601
15 218
15 605
15 223
15 97
15 233
15 874
15 235
15 238
15 239
15 881
15 882
15 725
16 1024
16 514
16 143
16 277
16 27
16 156
16 34
16 1068
16 648
16 1211
16 62
16 319
16 71
16 74
16 759
16 846
16 82
16 735
16 736
16 491
16 879
16 502
16 247
16 248
16 635
16 511
17 1059
17 299
17 76
17 1101
17 657
17 402
17 115
17 1270
17 183
17 663
17 189
18 643
18 393
18 138
18 1163
18 526
18 19
18 20
18 21
18 24
18 668
18 542
18 671
18 40
18 41
18 1031
18 942
18 1200
18 819
18 1054
18 438
18 56
18 828
18 833
18 68
18 965
18 722
18 724
18 477
18 233
18 924
18 850
18 127
19 1292
19 493
19 406
19 30
19 292
19 550
19 431
19 50
19 947
19 692
19 316
19 705
19 69
19 208
19 864
19 612
19 806
19 744
19 914
19 891
20 224
20 257
20 251
20 1025
20 42
20 551
20 47
20 1040
20 413
20 634
20 91
20 1116
20 93
20 191
21 1031
21 1035
21 175
21 1053
21 32
21 545
21 35
21 553
21 44
21 561
21 51
21 564
21 567
21 569
21 59
21 69
21 77
21 80
21 83
21 602
21 608
21 97
21 1122
21 109
21 1146
21 1158
21 648
21 137
21 654
21 655
21 144
21 147
21 90
21 155
21 162
21 539
21 676
21 679
21 682
21 1198
21 29
21 184
21 702
21 1216
21 197
21 204
21 1231
21 209
21 216
21 220
21 1251
21 229
21 246
21 252
21 777
21 1244
21 817
21 310
21 1076
21 317
21 833
21 837
21 396
21 848
21 339
21 855
21 859
21 357
21 659
21 908
21 402
21 917
21 918
21 409
21 425
21 427
21 941
21 841
21 463
21 989
21 484
21 1000
21 1002
21 1107
22 249
22 454
22 1287
23 880
23 1066
23 683
23 48
23 754
23 467
23 116
23 346
23 507
23 893
24 163
24 613
24 202
24 205
24 269
24 81
24 954
25 641
25 645
25 1288
25 140
25 142
25 273
25 787
25 796
25 1182
25 799
25 165
25 40
25 433
25 1075
25 52
25 55
25 180
25 832
25 449
25 1220
25 842
25 75
25 336
25 215
25 105
25 618
25 1135
25 1064
26 36
26 165
26 341
26 378
26 1093
27 289
27 1095
27 456
27 401
27 476
28 1029
28 265
28 359
28 978
28 628
28 1150
28 566
28 1143
28 856
28 59
28 254
28 31
29 647
29 73
29 924
29 1291
29 462
29 400
29 1207
29 1017
29 90
29 556
29 287
30 259
30 37
30 584
30 1132
30 1181
30 1074
30 1243
30 988
30 349
30 1011
31 128
31 610
31 99
31 257
31 111
31 336
31 158
32 739
32 710
32 71
32 297
32 245
32 585
32 281
32 378
33 1108
33 620
33 294
33 101
33 38
33 396
33 45
33 111
33 496
33 742
33 116
33 53
33 983
33 510
33 217
33 474
33 478
33 149
34 514
34 643
34 167
34 41
34 45
34 177
34 308
34 316
34 575
34 68
34 1223
34 201
34 973
34 81
34 211
34 217
34 859
34 609
34 866
34 355
34 1259
34 876
34 750
34 245
34 120
34 1018
35 1121
35 361
35 499
35 625
35 275
35 89
35 477
36 388
36 1125
36 939
36 335
37 1263
37 395
37 675
38 136
38 910
38 1135
38 159
38 672
38 936
38 623
38 43
38 301
38 178
38 700
38 318
38 192
38 66
38 467
38 353
38 486
38 495
38 891
38 1278
39 707
39 112
39 58
39 637
39 830
40 546
40 100
40 965
40 678
40 520
40 82
40 238
40 706
41 133
41 103
41 108
41 1134
41 179
41 1271
43 167
43 606
43 525
44 137
44 899
44 792
44 155
44 292
44 174
44 179
44 181
44 441
44 1084
44 62
44 447
44 320
44 460
44 80
44 1236
44 87
44 94
44 353
44 483
44 123
45 864
45 758
45 496
45 953
45 371
45 532
45 789
45 598
45 919
45 665
45 1275
45 93
46 130
46 780
46 1201
46 599
46 379
46 159
47 138
47 303
48 64
48 65
48 67
48 1152
48 134
48 1185
48 393
48 906
48 1184
48 1289
48 688
48 145
48 403
48 308
48 950
48 348
48 1002
49 383
49 63
49 871
50 64
50 772
50 811
50 492
50 1233
50 54
50 377
50 895
51 577
51 674
51 199
51 200
51 112
51 1010
51 342
51 124
51 125
51 437
52 481
52 935
52 489
52 106
52 846
52 1102
52 953
52 223
53 256
53 193
53 939
53 141
53 1006
53 1140
53 311
54 994
54 835
54 389
54 295
54 682
54 339
55 800
55 161
55 387
55 102
55 225
55 105
55 839
55 527
55 912
55 788
55 182
55 407
55 1007
55 700
56 832
56 194
56 675
56 70
56 588
56 1101
56 1014
56 990
57 160
57 289
57 932
57 135
57 456
57 267
57 560
57 1256
57 372
57 920
57 1179
57 92
57 222
58 855
58 1082
58 246
59 106
60 164
60 950
60 655
60 502
60 1143
60 184
61 174
61 562
61 696
61 187
62 1205
62 642
62 1156
62 325
62 1223
62 1132
62 298
62 717
62 335
62 369
62 370
62 115
62 894
62 311
62 472
62 121
62 787
62 447
63 74
63 438
63 282
63 94
64 390
65 193
65 581
65 1283
65 746
65 208
65 493
65 662
65 1112
65 146
65 403
65 340
65 310
65 722
65 500
65 603
65 732
66 962
66 580
66 1095
66 970
66 494
66 913
66 1294
66 149
66 119
66 410
66 347
66 479
67 258
67 1076
67 141
68 320
68 544
68 713
68 559
68 347
69 226
69 452
69 427
69 1005
69 687
69 982
69 761
69 637
69 287
70 547
70 101
71 576
71 394
71 533
71 1105
71 498
71 564
71 117
71 248
71 797
71 414
71 341
72 736
72 386
72 475
72 295
72 77
72 271
72 371
72 1269
72 187
74 384
74 133
74 1195
74 91
75 114
75 151
76 518
76 88
76 314
76 892
77 576
77 421
77 236
77 1262
77 175
77 1168
77 337
77 84
77 1272
77 441
78 322
78 420
78 785
78 1074
78 216
78 186
78 125
80 271
81 288
81 577
81 454
81 360
81 747
81 497
81 1114
81 757
81 150
81 471
81 794
81 575
81 189
81 95
82 99
82 261
82 203
82 110
82 1187
82 1198
82 86
82 280
82 409
82 762
83 448
83 417
83 1161
83 528
83 212
83 1177
84 996
84 490
84 802
84 240
84 145
85 416
85 928
85 228
85 854
85 1094
85 298
85 110
85 278
85 1112
85 154
86 491
86 1013
87 993
88 385
88 118
88 967
89 644
89 1222
89 1129
89 1295
89 1172
89 1147
90 701
90 875
90 612
90 486
90 779
90 302
90 207
90 242
90 214
90 1007
91 176
91 98
93 501
93 158
93 375
94 250
94 535
94 466
96 148
97 631
97 445
97 571
98 344
98 412
98 212
99 323
99 139
99 579
99 117
99 118
100 608
100 741
100 524
100 364
100 814
100 104
100 595
100 661
100 342
100 157
101 674
101 129
101 1131
101 1247
101 367
101 469
101 511
101 277
102 275
102 721
102 710
103 170
104 204
105 1027
105 265
105 268
105 745
105 185
105 536
105 126
106 160
106 901
106 455
106 171
106 364
106 142
106 775
106 979
106 408
106 244
106 122
106 861
106 884
107 356
107 620
107 1139
107 1084
108 889
109 131
109 229
109 1292
109 268
109 1270
109 857
109 153
109 997
109 188
109 293
110 232
110 714
110 358
111 875
111 237
111 114
111 1044
111 567
111 952
112 920
112 302
113 140
113 698
113 221
113 702
113 1087
114 816
114 243
115 788
116 183
116 425
116 198
117 200
117 536
117 1237
118 231
119 713
119 778
119 1003
119 718
119 687
119 784
119 851
119 1290
120 1057
120 168
120 354
120 213
120 639
121 1282
121 1092
121 360
121 1099
121 462
121 209
121 691
121 312
121 221
121 127
122 386
122 132
122 230
122 136
122 905
122 685
122 558
122 146
122 1129
122 516
122 603
123 1196
123 131
123 919
124 972
125 894
125 214
125 207
126 1212
128 593
128 531
128 1193
129 291
129 177
129 210
129 980
129 862
129 1269
129 478
130 261
130 485
131 640
131 258
131 164
131 198
131 134
131 743
131 264
131 173
131 752
131 529
131 434
131 301
131 151
131 548
131 634
131 412
131 798
132 285
132 471
133 516
133 453
133 1003
133 463
133 530
133 989
133 374
133 266
134 244
134 1126
135 816
135 1144
135 999
137 928
137 227
137 172
137 1097
137 986
138 583
138 397
138 337
138 884
138 983
138 1236
139 1186
139 681
139 426
139 372
142 771
142 537
142 997
142 365
142 569
142 767
143 210
143 829
143 1286
144 680
144 653
145 739
145 557
146 837
146 358
148 173
149 195
149 363
149 500
149 597
149 599
149 475
149 395
149 319
150 938
151 604
151 497
151 946
152 1097
153 849
153 1028
155 734
155 374
155 589
156 995
156 426
156 1068
156 822
157 169
157 234
157 466
157 185
158 304
158 632
158 538
158 794
159 328
159 414
159 351
160 679
160 487
160 694
160 186
160 286
161 652
161 694
164 435
164 381
164 670
165 440
165 1235
165 1151
166 641
166 1115
167 1262
167 190
168 960
168 992
169 240
169 1221
169 748
169 554
169 652
169 498
169 1199
169 176
169 306
169 887
169 410
170 252
171 632
171 230
173 553
174 1091
174 847
174 304
174 446
176 346
176 597
176 1137
177 280
177 956
177 512
178 922
178 628
179 345
180 715
180 934
180 521
181 1064
181 708
181 317
182 593
182 676
182 678
183 1268
184 1016
184 1201
184 1090
185 1248
185 1217
185 902
185 1249
185 525
186 450
186 279
187 328
187 349
189 199
189 531
189 373
189 696
192 998
192 1063
192 809
192 365
192 750
192 594
192 1299
194 241
194 343
195 418
195 744
195 269
195 1021
195 381
195 606
196 956
196 805
197 1280
197 1089
197 1026
197 357
197 653
197 432
197 538
197 507
197 380
199 448
199 949
199 751
200 796
200 468
201 202
201 1265
201 882
201 823
201 921
202 262
202 551
202 401
202 1106
202 1114
202 219
202 669
202 926
204 290
204 327
204 730
204 574
205 828
205 600
205 1073
206 224
206 264
206 239
206 499
206 565
206 503
206 890
206 815
206 1148
206 1242
206 671
207 1032
208 581
208 331
208 751
208 281
209 1032
209 1253
210 650
210 266
210 283
210 541
211 636
211 220
211 540
211 765
212 451
212 774
212 423
212 327
212 1230
213 932
213 931
213 613
214 716
214 350
214 407
215 262
215 263
215 692
215 283
216 753
216 387
216 763
217 1024
217 276
217 1189
218 667
218 318
219 827
219 1260
219 1274
220 547
220 331
220 534
220 1175
221 738
221 452
221 1253
221 552
221 586
221 299
221 300
221 406
221 439
221 731
222 354
222 532
222 373
222 1119
223 545
223 1153
223 1055
223 458
223 459
223 885
223 571
223 382
223 831
224 1154
224 1160
224 305
224 563
224 315
225 391
225 621
225 853
225 888
226 582
226 647
226 392
226 399
226 1203
227 397
227 685
227 854
227 251
228 972
228 974
228 367
228 660
228 697
228 1051
228 255
229 959
229 236
232 774
232 937
232 558
232 543
233 305
233 404
233 830
234 324
234 688
234 274
234 630
234 314
234 1023
235 761
236 1212
236 542
238 1071
238 267
238 1266
238 693
238 699
238 893
239 528
239 770
239 419
239 361
239 333
239 272
239 375
239 1244
239 863
241 400
241 307
241 485
242 329
243 705
243 366
246 424
246 461
247 1060
247 844
247 572
247 733
249 388
249 1183
250 508
250 253
251 300
251 813
251 600
251 344
251 1246
252 1056
252 513
252 482
252 611
252 326
252 841
252 624
252 1298
252 443
252 988
253 785
253 444
254 626
256 348
257 1071
257 686
257 527
257 272
257 501
257 824
257 282
257 955
257 1242
258 1144
259 865
260 465
260 1123
260 293
261 812
261 626
261 781
261 923
262 633
262 723
262 873
263 451
263 324
263 422
263 430
263 944
263 411
264 1166
264 638
264 743
265 800
265 805
265 1080
265 1061
266 729
267 352
267 992
267 651
267 534
268 578
268 432
268 470
268 504
270 755
271 666
273 421
273 625
274 619
275 724
275 966
276 1057
276 773
278 737
278 826
279 892
279 1222
280 517
280 1063
280 1173
280 1273
280 689
280 861
281 778
281 431
282 962
282 579
282 345
283 1227
284 294
285 343
286 307
286 1188
287 609
287 1025
287 1125
287 415
287 383
288 1168
288 513
289 338
291 443
292 801
292 1170
293 312
293 697
293 1171
297 413
297 592
299 834
300 313
300 323
300 325
301 749
302 610
302 309
303 898
303 594
303 661
303 566
303 727
303 985
304 582
304 492
304 1293
304 926
304 951
305 1187
305 356
305 424
305 1228
305 457
305 824
306 1280
306 1034
306 879
306 510
307 1165
308 1059
308 392
308 495
308 886
308 1274
308 445
309 834
309 584
309 1034
309 436
311 868
311 444
311 1178
311 1020
311 1077
312 355
312 726
312 506
312 933
313 535
315 1138
315 1210
316 1092
317 1052
317 476
317 1238
318 614
318 1038
318 541
318 762
318 901
319 563
319 555
320 459
321 450
321 1094
321 1058
321 959
324 435
324 1045
325 585
326 330
326 777
327 416
327 769
327 587
327 1271
328 957
329 1296
329 1009
330 1196
330 1106
330 570
331 1067
333 665
334 945
335 377
335 660
335 1155
336 1288
337 570
337 404
338 727
338 869
338 717
339 792
339 701
339 399
340 1110
340 897
341 1281
341 1043
342 460
342 1167
342 767
343 752
344 418
345 464
345 468
345 473
345 1117
346 592
346 578
346 1239
346 556
346 1178
346 1117
348 998
348 753
348 693
348 537
349 1124
349 677
349 742
349 398
349 368
349 883
349 504
351 474
352 515
352 1028
352 662
352 509
353 904
355 1208
356 1247
357 1026
357 1041
357 437
357 1047
357 991
358 735
361 825
361 1180
361 757
362 428
363 810
365 1019
367 1267
369 512
369 732
369 473
371 1075
372 430
373 666
373 799
374 1083
374 925
375 505
375 1279
375 935
377 764
377 885
378 539
381 580
381 1082
382 533
384 887
384 549
385 969
385 1193
385 1151
386 913
386 1011
386 852
388 680
388 670
388 969
391 1120
391 878
391 439
393 804
393 654
393 807
395 1273
400 1145
400 405
401 1016
401 521
401 598
402 568
402 1229
404 768
404 1163
404 1298
404 954
404 927
407 936
407 907
407 686
407 947
407 791
407 1210
407 1215
407 831
408 465
408 978
408 871
411 1195
414 1267
414 651
414 1299
414 1045
415 1161
415 650
415 684
415 886
418 938
419 945
419 1122
423 1100
423 1219
423 781
424 914
426 488
426 429
427 1189
427 1050
427 791
428 1107
428 906
431 858
432 442
432 819
432 1070
433 731
433 526
434 793
434 754
434 1014
435 942
436 786
436 1089
436 773
438 929
439 480
441 729
443 1124
444 522
444 890
445 999
445 711
445 1133
445 759
445 1081
445 1278
447 684
447 587
447 627
447 664
447 574
448 803
448 802
448 873
449 866
449 1255
449 490
449 689
450 484
452 583
452 616
452 1004
452 948
452 1142
453 611
454 544
454 1252
456 1191
459 619
459 756
460 586
460 867
461 1216
462 1060
462 596
462 793
464 695
466 1213
469 1250
469 835
469 683
469 783
470 1157
470 488
470 557
470 1000
470 1140
470 508
472 1072
472 615
476 1164
477 673
477 1220
477 1265
478 908
478 703
478 644
479 627
481 1036
481 973
481 1235
481 1148
485 813
485 775
486 967
487 948
488 548
489 1171
491 618
491 755
491 1098
493 930
494 1049
494 546
498 590
501 941
502 874
502 747
502 1197
502 636
503 931
503 607
504 1123
505 640
509 1240
509 1246
509 560
510 523
510 1036
510 658
510 974
510 1177
511 605
512 1241
514 806
514 638
514 519
516 789
517 842
517 1293
517 1197
517 1241
521 573
521 1165
522 588
522 622
523 770
523 838
523 554
523 975
523 595
523 858
524 904
527 657
527 543
527 1033
528 1080
528 865
530 994
534 698
535 621
535 559
536 899
536 623
537 862
537 1191
540 1214
541 1066
541 549
542 614
544 1053
545 677
546 1200
546 629
548 590
549 1289
551 604
551 1004
551 1159
554 715
554 1174
554 782
554 822
556 664
556 691
556 1108
559 1130
559 1103
559 1061
561 790
563 1224
563 695
563 707
564 825
564 629
564 1052
565 681
565 836
565 911
566 1186
567 981
567 1263
568 719
568 818
568 790
568 669
568 1022
569 656
569 1088
570 1199
570 709
570 769
571 1170
571 1139
571 1180
573 631
573 780
574 1048
574 617
574 646
578 712
580 1204
581 690
582 728
584 1091
585 878
587 888
588 1255
588 940
588 1264
588 596
588 889
588 764
588 957
588 1182
589 1021
590 1130
591 1010
593 1086
593 1285
596 1044
596 1156
597 776
597 1136
597 1120
599 639
600 622
600 1103
600 922
600 1211
601 642
601 1155
601 843
601 1133
601 659
603 1217
603 1105
605 811
606 782
607 1169
612 949
612 1085
615 616
615 711
622 667
623 673
624 1162
625 812
625 733
628 771
628 690
628 1109
628 668
629 1258
630 1218
631 712
631 836
631 1245
633 741
634 1070
635 880
635 758
636 964
636 709
639 1078
639 934
640 1202
643 646
643 1277
644 797
644 1209
646 649
646 810
648 826
649 853
650 1237
652 1254
655 876
657 1226
662 663
665 760
665 910
668 730
671 749
672 872
672 1020
673 1264
673 1259
673 1037
676 1172
677 1214
680 1295
682 748
683 1157
683 868
683 718
686 909
689 1227
689 976
689 1085
691 1268
693 1012
694 1174
697 1239
698 1048
698 1127
698 745
699 902
703 1290
703 1023
703 877
704 746
708 1229
711 872
712 986
712 814
714 851
714 719
717 1086
718 1225
721 1062
721 1260
721 1102
721 1149
723 1152
726 1030
729 1176
729 1158
730 1283
737 971
739 808
743 1281
747 1012
748 963
748 1072
748 977
748 979
748 916
751 786
751 807
751 958
754 1194
755 1257
755 850
755 1276
756 1051
757 795
758 961
758 869
759 1039
760 1203
761 903
762 966
763 1111
764 1013
764 821
764 783
768 821
768 1019
769 960
770 896
770 1033
770 1160
774 1109
777 1018
777 1206
777 951
778 1230
783 1282
785 1142
785 798
785 867
786 843
792 1291
793 1056
793 1099
793 1228
794 1294
795 1079
800 1001
800 1118
801 827
802 1226
805 1251
806 840
806 839
808 883
819 1141
820 976
820 1297
823 1049
825 1042
825 1221
825 1065
827 1043
827 900
827 1079
830 912
830 1256
831 1001
833 1147
836 968
841 975
844 1248
851 981
851 1206
856 1136
859 1137
859 1131
859 1050
860 917
861 993
861 987
866 915
866 933
866 990
868 995
868 1179
870 1119
872 991
872 916
874 1008
877 1042
878 952
878 1062
883 923
884 1126
888 1030
888 977
889 1005
891 1096
892 1176
894 1118
897 911
897 903
899 930
902 1205
905 1067
905 946
906 1009
908 1185
909 1046
913 1100
914 1224
916 1054
919 1213
924 1017
929 1008
929 1275
932 1250
934 1015
935 1183
936 971
937 1261
940 1077
947 1073
949 1037
953 984
953 1145
962 980
972 1069
974 1096
976 1261
981 1284
982 1184
984 1252
988 1006
992 1277
994 1047
997 1192
997 1098
1003 1110
1008 1204
1010 1192
1010 1243
1011 1083
1011 1027
1012 1046
1013 1167
1021 1116
1026 1284
1032 1218
1045 1190
1053 1069
1060 1245
1065 1287
1067 1146
1071 1104
1075 1188
1076 1272
1076 1093
1085 1208
1093 1111
1109 1249
1111 1231
1128 1134
1145 1232
1154 1240
1157 1202
1162 1225
1179 1234
1197 1207
1232 1258
1244 1279
1257 1286
1261 1297
