0 128
0 3
0 4
0 520
0 393
0 16
0 21
0 28
0 671
0 288
0 40
0 425
0 47
0 438
0 450
0 451
0 585
0 463
0 336
0 82
0 340
0 85
0 86
0 344
0 348
0 94
0 616
0 106
0 236
0 628
0 252
1 3
1 4
1 517
1 6
1 8
1 10
1 11
1 12
1 142
1 15
1 16
1 17
1 20
1 278
1 281
1 478
1 25
1 154
1 411
1 32
1 293
1 38
1 423
1 425
1 44
1 51
1 52
1 181
1 311
1 308
1 59
1 60
1 447
1 576
1 67
1 327
1 75
1 76
1 77
1 80
1 143
1 93
1 459
1 103
1 105
1 491
1 109
1 242
1 489
1 121
1 379
2 512
2 258
2 3
2 5
2 134
2 7
2 265
2 266
2 14
2 657
2 531
2 532
2 150
2 408
2 161
2 35
2 263
2 432
2 692
2 55
2 58
2 607
2 67
2 456
2 351
2 560
2 361
2 626
2 249
2 250
2 509
3 4
3 5
3 6
3 7
3 8
3 9
3 10
3 523
3 12
3 13
3 528
3 18
3 22
3 535
3 25
3 26
3 29
3 32
3 546
3 35
3 549
3 39
3 40
3 47
3 48
3 49
3 50
3 563
3 53
3 56
3 57
3 58
3 571
3 573
3 65
3 66
3 67
3 69
3 585
3 588
3 601
3 94
3 104
3 112
3 118
3 637
3 126
3 128
3 647
3 139
3 145
3 664
3 538
3 158
3 169
3 174
3 175
3 179
3 693
3 699
3 193
3 194
3 212
3 218
3 227
3 230
3 233
3 243
3 279
3 301
3 303
3 310
3 315
3 341
3 352
3 388
3 390
3 398
3 431
3 73
3 447
3 76
3 471
3 473
3 486
4 5
4 7
4 650
4 530
4 534
4 283
4 28
4 417
4 418
4 38
4 679
4 298
4 93
4 48
4 51
4 629
4 324
4 199
4 73
4 332
4 462
4 590
4 349
4 350
4 352
4 114
4 501
4 630
4 460
5 641
5 133
5 6
5 519
5 8
5 9
5 267
5 396
5 19
5 280
5 452
5 594
5 427
5 31
5 419
5 36
5 41
5 298
5 171
5 598
5 690
5 302
5 477
5 561
5 562
5 52
5 602
5 441
5 64
5 343
5 196
5 71
5 73
5 74
5 420
5 335
5 210
5 84
5 597
5 214
5 87
5 292
5 474
5 93
5 94
5 607
5 96
5 481
5 358
5 615
5 259
5 619
5 237
5 366
5 625
5 370
5 117
5 118
5 122
5 635
5 124
5 381
6 390
6 9
6 522
6 15
6 145
6 530
6 149
6 23
6 26
6 283
6 29
6 30
6 161
6 558
6 176
6 54
6 698
6 59
6 198
6 609
6 461
6 78
6 210
6 219
6 95
6 225
6 232
6 238
6 241
6 243
6 116
7 409
7 297
7 108
7 270
7 50
7 19
7 377
7 24
7 57
7 58
7 428
7 154
8 132
8 649
8 138
8 11
8 13
8 14
8 15
8 273
8 18
8 148
8 661
8 414
8 162
8 36
8 296
8 553
8 583
8 174
8 688
8 306
8 694
8 568
8 577
8 199
8 81
8 339
8 85
8 344
8 89
8 399
8 360
8 467
8 119
8 635
8 380
8 382
8 341
9 647
9 10
9 139
9 13
9 533
9 22
9 284
9 160
9 289
9 41
9 426
9 555
9 684
9 173
9 434
9 695
9 62
9 65
9 81
9 470
9 87
9 593
9 111
9 497
9 630
9 127
10 257
10 11
10 12
10 141
10 17
10 20
10 411
10 156
10 34
10 682
10 166
10 42
10 435
10 54
10 567
10 641
10 699
10 60
10 63
10 64
10 454
10 72
10 214
10 222
10 360
10 364
10 494
10 240
10 637
11 521
11 528
11 662
11 539
11 28
11 33
11 35
11 46
11 436
11 437
11 372
11 95
11 445
11 455
11 200
11 74
11 476
11 351
11 97
11 226
11 355
11 617
11 236
11 110
11 116
11 117
11 656
12 137
12 396
12 24
12 29
12 34
12 292
12 294
12 684
12 45
12 566
12 186
12 190
12 332
12 75
12 76
12 342
12 220
12 485
12 102
12 370
12 639
12 127
13 129
13 14
13 17
13 402
13 19
13 20
13 26
13 27
13 287
13 293
13 42
13 683
13 45
13 178
13 55
13 580
13 197
13 200
13 206
13 208
13 473
13 107
13 621
13 239
13 497
13 627
13 372
13 375
13 377
13 507
14 193
14 68
14 103
14 172
14 274
14 44
14 686
14 397
14 16
14 18
14 83
14 308
14 162
14 27
14 63
15 227
15 485
15 337
15 255
15 333
15 597
15 143
15 645
15 177
15 21
15 23
15 568
15 59
15 670
15 31
16 263
16 651
16 268
16 621
16 401
16 274
16 147
16 153
16 30
16 173
16 558
16 304
16 691
16 55
16 319
16 396
16 458
16 88
16 90
16 95
16 100
16 357
16 102
16 109
16 244
16 120
16 191
17 451
17 141
17 592
17 21
17 88
17 25
17 698
17 303
17 234
18 96
18 192
18 671
18 37
18 273
18 169
18 43
18 395
18 547
18 81
18 497
18 643
18 366
18 118
18 216
18 27
18 380
18 511
19 97
19 462
19 145
19 244
19 598
19 151
19 570
20 523
20 401
20 22
20 23
20 24
20 668
20 286
20 159
20 32
20 166
20 39
20 42
20 683
20 435
20 60
20 61
20 574
20 416
20 322
20 70
20 269
20 603
20 357
20 608
20 229
20 488
20 362
20 107
20 112
20 116
20 117
21 385
21 66
21 132
21 642
21 354
21 563
21 85
21 86
21 87
21 248
21 89
21 474
21 445
22 384
22 138
22 397
22 404
22 155
22 34
22 37
22 43
22 46
22 564
22 70
22 80
22 89
22 90
22 219
22 226
22 276
22 491
22 368
22 124
22 253
23 321
23 38
23 392
23 572
23 582
23 662
23 533
23 214
23 439
23 120
23 540
23 389
24 353
24 98
24 131
24 470
24 630
24 109
24 302
24 111
24 400
24 595
24 371
24 438
24 215
24 180
24 186
24 92
24 30
24 319
25 640
25 262
25 522
25 143
25 147
25 657
25 412
25 157
25 543
25 548
25 41
25 52
25 182
25 185
25 190
25 75
25 460
25 78
25 208
25 596
25 215
25 221
25 98
25 529
25 105
25 362
25 494
25 623
26 418
26 134
26 201
26 492
26 465
26 274
26 227
26 374
26 441
27 512
27 571
27 130
27 267
27 655
27 144
27 275
27 541
27 31
27 160
27 291
27 36
27 37
27 604
27 170
27 44
27 177
27 179
27 53
27 187
27 449
27 450
27 453
27 70
27 202
27 213
27 217
27 219
27 476
27 353
27 99
27 100
27 614
27 106
27 367
27 240
27 113
27 504
27 123
27 618
27 255
28 153
28 538
28 286
28 33
28 424
28 611
28 158
28 318
28 71
28 332
28 483
28 220
28 99
28 484
28 105
28 490
28 114
28 211
28 673
29 416
29 33
29 466
29 110
29 527
29 242
29 83
29 212
29 152
29 156
29 51
30 65
30 291
30 39
30 56
30 281
30 572
30 670
31 66
31 251
31 71
31 40
31 171
31 242
31 54
31 282
31 133
32 162
32 193
32 72
32 79
32 168
32 561
32 47
32 92
33 131
33 261
33 583
33 43
33 333
33 305
33 434
33 439
33 666
34 197
34 666
34 104
34 296
34 306
34 374
34 347
34 586
35 256
35 552
35 495
35 249
35 317
35 671
36 224
36 328
36 642
36 199
36 681
36 587
36 385
36 113
36 350
36 277
36 86
36 407
36 152
36 121
36 541
36 62
36 501
37 384
37 201
37 140
37 211
37 597
37 665
37 285
38 225
38 521
38 295
38 142
38 498
38 503
38 153
38 188
39 136
39 137
39 270
39 272
39 531
39 277
39 285
39 545
39 428
39 429
39 49
39 187
39 61
39 209
39 472
39 96
39 611
39 485
39 110
39 623
39 250
39 379
39 510
40 129
40 101
40 103
40 83
41 518
41 300
41 189
41 61
41 613
42 675
42 135
42 429
42 344
42 150
42 56
42 667
42 170
43 258
43 175
43 294
43 165
43 246
43 135
43 72
43 106
43 295
43 204
43 50
43 45
43 115
43 376
43 378
43 123
43 92
44 516
44 276
44 413
44 164
44 557
44 48
44 689
44 692
44 321
44 69
44 459
44 589
44 209
44 213
44 611
44 101
44 363
44 113
44 243
44 248
44 633
44 638
45 225
45 138
45 46
45 144
45 49
45 334
45 126
45 222
45 120
45 91
45 62
46 667
46 423
46 263
46 591
46 309
46 539
46 508
46 381
46 63
47 82
47 312
47 125
48 57
49 224
49 322
49 198
49 498
49 661
49 184
49 187
49 190
50 98
50 164
50 69
50 232
50 460
50 74
50 364
50 77
50 551
50 79
50 304
50 590
50 251
51 128
51 137
51 107
51 334
51 431
51 562
51 53
51 407
51 601
51 250
51 405
52 455
52 121
52 634
53 136
53 336
53 305
53 315
53 410
54 228
54 84
54 88
54 90
55 64
55 68
55 549
55 231
55 194
55 204
55 659
55 84
55 409
55 122
55 287
56 320
56 452
56 376
56 510
56 406
56 216
56 442
57 257
57 616
57 167
57 365
57 79
57 689
57 306
57 148
57 180
57 125
57 574
58 77
58 209
58 82
58 213
58 150
58 511
58 636
58 501
59 130
59 593
59 433
59 316
60 80
60 368
60 115
61 385
61 99
61 291
62 97
62 163
62 262
62 353
62 78
62 464
62 529
62 181
62 329
62 280
62 473
62 91
63 161
63 553
63 525
64 643
64 234
64 619
64 300
64 205
64 624
64 276
64 91
64 414
66 685
66 677
66 200
66 521
66 523
66 140
66 557
66 111
66 278
66 218
66 443
66 349
67 68
67 658
67 349
68 212
68 149
68 188
68 477
69 233
70 283
70 391
70 457
70 394
70 487
70 364
70 238
70 207
70 144
70 114
70 371
70 312
70 382
71 429
71 498
71 215
72 122
73 448
73 692
74 512
74 360
74 301
74 500
74 507
74 382
74 165
75 205
75 528
75 375
75 123
75 223
76 288
76 170
76 338
76 181
78 416
78 129
78 231
78 264
78 158
79 226
79 146
79 407
80 500
80 108
81 544
81 495
82 179
82 536
82 186
83 312
83 194
84 288
84 132
84 136
84 492
84 239
84 309
84 285
84 446
84 421
85 356
86 163
86 232
86 308
86 342
86 189
86 606
87 354
87 102
88 386
88 529
88 363
88 428
88 468
88 346
89 130
89 594
89 154
90 260
90 135
90 583
90 142
90 148
90 217
90 252
91 256
91 465
92 531
93 359
93 369
93 220
93 255
94 417
94 324
94 678
94 359
94 139
94 206
94 398
94 439
94 615
94 156
94 318
94 319
95 101
95 650
95 175
95 627
95 119
95 357
96 483
96 100
96 335
96 112
96 115
96 182
96 569
97 166
97 140
97 249
97 351
98 578
98 390
98 147
98 639
99 449
99 196
99 104
99 284
99 125
99 151
99 446
100 469
100 246
101 437
102 415
103 450
103 295
103 265
103 519
103 533
103 126
103 345
103 508
103 254
103 159
104 646
104 326
104 679
104 435
104 185
104 159
105 694
105 618
105 108
105 662
105 443
105 157
106 691
106 299
106 651
106 275
106 667
106 259
106 309
107 484
107 323
107 388
107 134
107 584
107 655
107 468
107 347
108 183
108 210
108 119
109 554
109 632
110 131
110 356
110 502
110 412
110 223
111 417
111 341
111 502
111 265
112 646
112 183
112 397
112 440
112 247
112 184
112 254
114 321
114 481
114 420
114 278
114 356
115 348
115 430
116 201
116 647
117 323
117 260
117 305
118 578
118 228
118 526
118 183
118 254
118 133
119 192
119 480
119 649
119 303
119 149
120 482
120 168
120 171
120 264
120 244
120 569
120 314
120 511
121 488
121 266
121 300
121 174
121 176
121 580
121 277
121 420
121 554
122 160
122 419
122 424
122 168
122 536
122 218
122 538
123 448
123 146
123 124
123 127
124 320
124 163
124 228
124 551
124 172
124 173
124 269
124 304
124 402
124 596
124 151
124 472
124 660
124 346
124 325
126 331
126 442
127 587
127 251
127 229
127 203
127 141
128 424
128 330
128 340
128 506
128 478
129 613
130 196
130 658
130 373
130 182
130 377
130 252
131 608
131 408
131 548
131 238
131 273
131 405
132 551
132 234
132 459
132 399
132 347
132 655
132 221
133 401
133 310
134 491
134 326
134 617
134 543
135 618
135 164
135 293
135 167
135 493
135 599
135 217
135 570
136 354
136 195
136 230
136 297
136 524
136 185
137 562
137 471
138 165
138 632
138 169
138 584
138 592
138 392
138 146
138 437
138 216
138 155
140 367
140 463
140 239
140 383
141 290
141 337
141 656
142 480
142 292
142 527
143 152
143 167
144 195
144 233
144 688
144 297
145 609
145 329
145 333
145 272
145 405
145 247
145 537
146 508
147 363
147 421
148 268
148 269
148 155
149 358
149 328
149 202
149 663
149 172
149 271
149 560
149 456
149 178
149 548
149 668
149 330
150 452
150 299
150 237
150 687
150 634
151 547
151 444
151 157
153 604
153 176
153 388
153 316
153 651
153 557
153 399
153 566
153 666
153 413
153 191
155 648
155 623
155 184
155 188
155 575
156 464
156 391
156 189
156 240
156 180
156 381
156 660
156 559
157 192
157 455
157 205
157 436
158 617
159 561
160 289
160 546
160 229
161 235
161 526
162 575
164 195
164 674
165 235
165 329
165 241
165 330
166 268
166 649
167 371
168 327
168 207
169 313
170 514
170 361
170 610
170 400
170 178
170 279
170 556
171 559
171 438
172 203
173 492
173 177
174 203
174 643
174 247
174 410
174 478
175 636
175 613
176 230
176 679
176 493
176 565
177 436
177 414
177 191
178 422
178 681
178 236
178 560
178 465
178 499
178 410
178 605
179 307
179 504
180 260
181 490
181 522
183 387
184 625
184 395
184 376
185 361
185 663
185 336
185 425
185 636
185 317
186 334
186 474
186 286
186 223
187 526
187 241
187 343
187 506
188 257
188 258
188 513
188 202
188 415
189 676
189 235
189 499
189 567
190 197
190 198
190 204
190 246
190 380
192 669
192 289
192 514
192 579
192 307
192 339
192 207
192 211
192 310
192 248
193 577
193 208
193 337
193 373
193 221
193 447
194 418
194 335
194 311
195 224
195 547
195 338
195 695
196 676
196 261
196 678
196 237
198 603
199 499
199 398
200 614
200 231
200 206
201 608
201 433
202 315
202 698
203 481
203 627
203 280
204 266
204 299
204 301
204 375
205 637
207 327
207 586
207 687
207 403
207 279
207 633
207 668
208 641
208 264
208 402
208 475
209 391
210 600
210 642
211 680
212 270
212 453
213 672
213 661
214 609
215 426
215 463
215 307
216 386
218 378
218 520
219 657
219 650
220 625
220 530
220 537
221 426
221 222
223 259
223 440
223 605
224 394
224 612
225 563
226 697
227 314
228 326
228 275
229 644
229 693
230 524
231 284
232 369
232 342
233 262
233 245
234 245
234 540
235 290
235 422
235 629
236 404
236 271
237 487
237 457
237 430
237 441
237 346
238 384
238 612
238 486
238 680
238 556
238 621
238 654
238 475
239 488
239 457
239 683
240 290
240 645
241 387
241 302
241 400
242 256
242 355
242 644
242 588
242 338
242 696
242 253
243 267
243 272
243 466
243 628
244 672
244 681
244 494
244 367
244 632
244 245
244 571
246 324
246 394
247 261
247 294
247 406
247 696
247 281
247 287
248 456
248 532
249 619
249 325
250 620
250 345
250 282
250 253
251 539
251 454
251 584
251 458
251 652
251 628
251 378
251 638
252 366
253 466
254 368
254 412
257 550
257 520
257 468
257 505
259 550
259 616
259 431
259 444
260 365
261 386
261 323
261 427
261 622
261 271
261 467
261 472
262 325
262 467
262 660
262 316
265 626
266 413
266 682
267 462
270 320
270 298
270 373
270 509
271 406
271 570
271 348
272 534
273 496
274 502
275 311
276 440
277 556
277 622
277 345
277 282
280 578
280 490
280 469
280 697
280 665
282 296
282 564
282 446
283 594
284 328
284 340
284 536
285 487
285 489
285 596
285 383
287 599
290 553
290 686
290 403
293 505
294 314
295 505
295 540
296 604
297 313
298 542
301 579
301 389
301 451
301 659
304 587
304 470
305 534
305 408
305 317
305 318
307 331
307 493
311 313
312 393
312 350
313 513
313 411
313 543
315 379
315 631
316 322
317 355
318 445
319 688
320 352
321 443
322 674
322 592
322 434
322 404
323 442
324 572
326 555
326 339
326 372
327 675
327 518
327 331
327 403
327 383
329 555
330 393
333 453
333 461
333 504
333 477
334 581
335 486
335 669
336 343
341 518
341 550
341 387
343 415
344 579
344 409
345 362
346 638
347 516
347 624
347 659
347 605
348 358
349 449
349 359
349 365
349 635
351 479
352 369
354 432
354 590
356 693
357 588
359 454
359 370
359 374
361 516
367 427
368 392
370 475
371 674
371 675
371 421
371 658
372 448
372 549
372 620
375 664
376 422
376 582
376 691
376 479
377 483
377 389
377 532
377 601
378 464
379 395
380 544
382 653
382 575
383 568
385 664
385 510
387 496
388 689
390 581
390 629
391 514
391 677
391 565
391 602
392 525
394 469
395 565
396 525
396 591
396 564
396 633
396 569
397 648
399 430
399 433
402 458
407 558
408 423
413 480
413 517
413 648
413 509
414 482
415 515
415 419
416 517
417 476
418 676
419 640
420 495
420 479
422 576
426 672
426 461
428 599
429 519
429 545
430 432
430 699
432 541
434 595
435 524
436 652
437 580
437 503
441 444
442 489
444 554
447 591
448 680
448 471
448 606
451 615
451 535
454 696
455 500
457 598
459 581
461 665
462 685
463 589
463 646
469 484
471 574
472 612
473 545
473 610
473 515
476 482
476 496
478 577
479 513
481 600
482 515
482 614
484 589
485 593
488 626
488 542
489 506
492 586
497 620
498 634
498 669
501 503
503 507
504 697
504 537
504 670
506 552
506 622
506 567
508 624
508 640
509 544
510 546
510 695
511 654
513 610
514 690
514 542
516 559
518 606
518 585
520 673
520 535
520 687
520 663
523 653
524 527
526 603
531 686
534 682
538 573
543 573
544 576
546 595
549 653
550 566
551 552
554 600
554 582
564 607
573 654
574 639
576 644
579 694
587 602
601 652
610 631
630 631
636 684
636 678
644 645
649 690
654 656
654 677
657 673
663 685
