0 3
0 4
0 5
0 6
0 10
0 13
0 17
0 402
0 657
0 29
0 30
0 43
0 44
0 49
0 568
0 574
0 835
0 78
0 269
0 484
0 90
0 475
0 100
0 359
0 489
0 106
0 103
0 1006
0 118
0 873
0 635
1 1024
1 1025
1 1026
1 3
1 4
1 5
1 1281
1 8
1 10
1 11
1 13
1 529
1 530
1 21
1 26
1 27
1 541
1 1060
1 37
1 39
1 41
1 44
1 45
1 46
1 559
1 1074
1 54
1 56
1 1081
1 60
1 61
1 62
1 73
1 77
1 1102
1 591
1 1105
1 1111
1 88
1 1131
1 622
1 118
1 1146
1 128
1 132
1 654
1 1170
1 663
1 155
1 674
1 675
1 166
1 167
1 168
1 1197
1 175
1 176
1 1201
1 1228
1 204
1 205
1 1230
1 213
1 217
1 220
1 1246
1 225
1 228
1 742
1 746
1 249
1 257
1 1287
1 556
1 270
1 783
1 274
1 789
1 791
1 799
1 296
1 300
1 814
1 823
1 316
1 331
1 846
1 351
1 230
1 363
1 882
1 886
1 915
1 923
1 411
1 443
1 453
1 457
1 971
1 460
1 977
1 163
1 493
1 498
1 1023
2 34
2 123
2 357
2 455
2 1161
2 365
2 114
2 3
2 148
2 372
2 1267
2 91
2 764
2 797
2 254
2 1221
3 4
3 5
3 6
3 7
3 9
3 11
3 14
3 15
3 1043
3 23
3 25
3 27
3 33
3 34
3 35
3 1062
3 554
3 555
3 557
3 1117
3 48
3 51
3 564
3 521
3 57
3 63
3 67
3 71
3 72
3 76
3 82
3 604
3 605
3 99
3 101
3 106
3 120
3 131
3 654
3 143
3 146
3 662
3 666
3 156
3 681
3 171
3 1196
3 689
3 178
3 180
3 695
3 1216
3 196
3 545
3 206
3 214
3 729
3 221
3 519
3 752
3 690
3 252
3 261
3 272
3 901
3 295
3 296
3 301
3 304
3 819
3 310
3 829
3 323
3 324
3 845
3 339
3 344
3 862
3 863
3 873
3 362
3 1223
3 895
3 389
3 927
3 434
3 435
3 951
3 958
3 454
3 455
3 457
3 759
3 975
3 991
3 995
3 484
3 501
3 1016
4 6
4 7
4 8
4 10
4 16
4 18
4 19
4 534
4 280
4 28
4 944
4 676
4 391
4 687
4 48
4 50
4 1085
4 69
4 203
4 465
4 210
4 725
4 86
4 223
4 358
4 617
4 362
4 1010
4 381
5 774
5 8
5 9
5 128
5 11
5 524
5 1090
5 913
5 658
5 515
5 20
5 23
5 668
5 32
5 41
5 298
5 811
5 557
5 1087
5 1204
5 53
5 1162
5 63
5 705
5 962
5 195
5 68
5 582
5 652
5 460
5 337
5 856
5 474
5 224
5 231
5 747
5 364
5 237
5 239
5 888
5 507
5 766
5 127
6 669
6 1174
6 7
6 521
6 1299
6 919
6 12
6 653
6 14
6 272
6 1048
6 19
6 21
6 150
6 151
6 24
6 900
6 461
6 27
6 285
6 30
6 31
6 32
6 155
6 1179
6 487
6 169
6 170
6 558
6 47
6 49
6 158
6 1249
6 186
6 1213
6 1077
6 1219
6 68
6 326
6 199
6 712
6 77
6 79
6 80
6 212
6 1166
6 606
6 225
6 1124
6 945
6 359
6 1000
6 1182
6 107
6 1262
6 625
6 243
6 246
6 425
6 1272
6 596
6 890
6 1275
6 509
7 130
7 264
7 905
7 343
7 12
7 14
7 15
7 16
7 786
7 787
7 20
7 878
7 22
7 279
7 25
7 26
7 155
7 414
7 287
7 1136
7 1284
7 41
7 299
7 1236
7 1245
7 561
7 51
7 692
7 1054
7 55
7 57
7 1210
7 958
7 65
7 66
7 195
7 580
7 1270
7 441
7 140
7 599
7 331
7 844
7 1230
7 79
7 848
7 953
7 722
7 212
7 85
7 214
7 185
7 473
7 271
7 988
7 989
7 478
7 96
7 523
7 783
7 843
7 366
7 1007
7 496
7 113
7 502
7 119
7 1017
7 250
7 380
8 64
8 37
8 550
8 737
8 389
8 9
8 42
8 459
8 1088
8 627
8 628
8 1206
8 375
8 1211
8 1098
8 31
9 1108
9 516
9 646
9 135
9 364
9 650
9 955
9 142
9 15
9 144
9 18
9 659
9 20
9 405
9 534
9 407
9 303
9 543
9 33
9 419
9 553
9 170
9 47
9 176
9 776
9 1016
9 180
9 309
9 466
9 695
9 308
9 58
9 59
9 319
9 194
9 67
9 758
9 74
9 76
9 589
9 693
9 338
9 84
9 343
9 351
9 96
9 16
9 482
9 739
9 1233
9 236
9 109
9 238
9 239
9 624
9 241
9 1139
9 528
9 119
9 771
9 377
9 891
10 133
10 791
10 12
10 13
10 256
10 19
10 1070
10 23
10 408
10 922
10 1054
10 415
10 35
10 36
10 421
10 40
10 45
10 430
10 815
10 560
10 328
10 178
10 181
10 54
10 56
10 441
10 58
10 445
10 62
10 309
10 608
10 67
10 580
10 694
10 454
10 72
10 652
10 1226
10 81
10 1106
10 339
10 88
10 89
10 1291
10 323
10 102
10 616
10 1120
10 234
10 824
10 494
10 752
10 552
10 114
10 1107
10 885
10 119
10 376
10 125
11 369
11 104
11 908
11 845
11 494
11 719
11 208
11 17
11 18
11 558
11 401
11 1192
12 1157
12 194
12 1297
12 676
12 294
12 170
12 43
12 828
12 1213
12 64
12 66
12 585
12 470
12 600
12 345
12 834
12 94
12 608
12 359
12 233
12 491
12 121
13 257
13 145
13 148
13 279
13 411
13 28
13 289
13 36
13 38
13 39
13 938
13 1159
13 429
13 692
13 313
13 223
13 574
13 197
13 74
13 333
13 589
13 1109
13 420
13 479
13 357
14 918
14 774
14 137
14 1293
14 782
14 17
14 150
14 647
14 939
14 433
14 265
14 957
14 73
14 76
14 209
14 466
14 1123
14 1266
14 373
15 342
15 134
15 1162
15 1292
15 271
15 536
15 1049
15 25
15 24
15 153
15 159
15 160
15 674
15 163
15 420
15 262
15 38
15 295
15 168
15 1031
15 306
15 943
15 50
15 51
15 54
15 442
15 451
15 68
15 1249
15 712
15 876
15 330
15 548
15 464
15 212
15 86
15 89
15 92
15 933
15 736
15 848
15 98
15 483
15 1062
15 1126
15 233
15 234
15 363
15 620
15 1150
15 238
15 497
15 1141
15 502
15 247
15 504
15 251
15 510
16 741
16 747
16 366
16 177
16 246
16 890
16 733
17 388
17 775
17 392
17 649
17 1005
17 145
17 22
17 26
17 1179
17 1180
17 29
17 162
17 91
17 1137
17 424
17 425
17 42
17 538
17 812
17 302
17 47
17 48
17 55
17 347
17 735
17 572
17 701
17 139
17 324
17 714
17 75
17 204
17 802
17 593
17 82
17 1291
17 219
17 395
17 93
17 485
17 224
17 229
17 105
17 108
17 109
17 957
17 368
17 552
17 370
17 372
17 349
17 1143
17 1016
17 251
18 1152
18 260
18 134
18 141
18 526
18 274
18 1091
18 21
18 24
18 538
18 28
18 30
18 33
18 35
18 293
18 813
18 686
18 573
18 191
18 450
18 395
18 599
18 339
18 1166
18 87
18 473
18 218
18 93
18 866
18 739
18 100
18 1000
18 1259
18 111
18 1008
18 1299
18 1013
18 632
18 959
19 1184
19 1128
19 585
19 331
19 748
19 1135
19 22
19 649
19 184
19 90
19 667
19 573
20 1158
20 648
20 878
20 537
20 413
20 34
20 421
20 40
20 46
20 1201
20 691
20 950
20 1079
20 571
20 704
20 710
20 839
20 74
20 290
20 82
20 215
20 1189
20 866
20 1251
20 356
20 107
20 236
20 1234
20 750
20 112
20 243
20 630
20 248
21 384
21 1154
21 653
21 1295
21 788
21 31
21 262
21 423
21 817
21 436
21 439
21 569
21 570
21 1076
21 191
21 70
21 711
21 1227
21 975
21 865
21 227
21 114
21 758
21 404
21 63
22 560
22 771
22 179
22 1225
22 805
22 174
22 207
22 336
22 46
22 694
22 346
22 60
22 1018
22 757
23 70
23 40
23 1260
23 203
23 236
23 467
23 808
23 528
23 554
23 115
23 634
23 122
23 541
23 94
24 514
24 647
24 1160
24 44
24 1290
24 1035
24 1282
24 1040
24 153
24 32
24 545
24 803
24 165
24 166
24 935
24 1159
24 684
24 305
24 317
24 580
24 80
24 602
24 220
24 549
24 1254
24 1015
24 765
25 130
25 258
25 398
25 786
25 1047
25 280
25 1263
25 1075
25 674
25 859
25 973
25 430
25 1058
25 563
25 1205
25 823
25 526
25 316
25 575
25 1217
25 324
25 202
25 716
25 205
25 207
25 336
25 81
25 596
25 85
25 655
25 348
25 592
25 355
25 102
25 111
25 1265
25 120
25 1017
25 250
26 832
26 450
26 260
26 390
26 232
26 809
26 141
26 1070
26 847
26 784
26 985
26 456
26 1014
26 87
26 216
26 601
26 29
27 1034
27 402
27 287
27 808
27 682
27 814
27 1245
27 52
27 567
27 185
27 187
27 1233
27 342
27 345
27 605
27 350
27 1253
27 357
27 230
27 623
27 627
27 507
27 380
27 382
28 897
28 519
28 537
28 188
29 256
29 387
29 36
29 933
29 1105
29 39
29 311
29 434
29 146
29 547
29 149
29 55
29 1285
30 192
30 1237
30 518
30 193
30 424
30 1055
30 396
30 269
30 335
30 789
30 890
30 571
30 605
30 837
31 129
31 265
31 535
31 1176
31 665
31 1286
31 177
31 309
31 61
31 574
31 1215
31 707
31 334
31 227
31 92
31 607
31 353
31 99
31 106
31 116
31 629
31 887
31 120
31 505
32 98
32 1191
32 45
32 367
32 83
33 896
33 386
33 394
33 657
33 920
33 921
33 923
33 924
33 37
33 176
33 52
33 183
33 443
33 189
33 318
33 1089
33 452
33 334
33 83
33 726
33 221
33 606
33 736
33 97
33 996
33 745
33 61
33 369
33 190
33 118
33 1144
33 124
33 1023
34 320
34 161
34 98
34 520
34 42
34 139
34 268
34 175
34 53
34 383
34 149
35 130
35 518
35 273
35 916
35 668
35 1189
35 38
35 297
35 173
35 49
35 308
35 53
35 70
35 970
35 203
35 717
35 207
35 80
35 213
35 1239
35 986
35 349
35 96
35 225
35 484
35 744
35 108
35 498
35 1141
35 1148
35 126
36 868
36 60
37 132
37 773
37 791
37 1042
37 1171
37 151
37 664
37 281
37 157
37 1221
37 293
37 295
37 1194
37 50
37 121
37 453
37 71
37 842
37 211
37 724
37 87
37 91
37 608
37 1125
37 999
37 1133
37 629
37 247
37 505
37 250
37 1150
38 65
38 552
38 105
38 140
38 77
38 895
38 81
38 986
38 159
39 320
39 131
39 392
39 568
40 631
40 1094
40 328
40 43
40 78
40 1237
40 216
40 276
40 283
40 426
40 62
41 1191
41 562
41 1116
41 317
41 126
41 95
42 960
42 456
42 422
42 525
42 382
42 414
43 108
43 275
43 117
43 699
43 732
43 255
44 261
44 1296
44 277
44 179
44 415
44 1190
44 682
44 939
44 172
44 435
44 58
44 828
44 191
44 716
44 79
44 337
44 475
44 220
44 861
44 94
44 352
44 616
44 361
44 490
44 1131
44 954
44 123
45 777
45 780
45 614
45 527
45 1042
45 147
45 662
45 291
45 426
45 172
45 302
45 433
45 52
45 310
45 824
45 187
45 575
45 452
45 182
45 198
45 1098
45 1143
45 204
45 333
45 78
45 208
45 721
45 1247
45 976
45 227
45 101
45 102
45 234
45 117
45 887
45 124
45 253
46 544
46 354
46 891
46 292
46 101
46 616
46 75
46 493
46 733
46 146
46 504
46 1184
46 762
46 59
46 637
47 1028
47 136
47 1294
47 271
47 785
47 915
47 284
47 678
47 810
47 303
47 1072
47 206
47 726
47 219
47 95
47 1005
47 883
47 501
47 123
48 517
48 652
48 1298
48 195
48 157
48 158
48 1086
48 1089
48 1227
48 75
48 1230
48 850
48 1110
48 122
48 615
48 744
48 110
48 111
48 753
48 762
48 126
49 97
49 738
49 263
49 360
49 107
49 492
49 898
49 304
49 274
49 1204
49 638
49 886
49 280
49 506
49 730
49 222
49 703
50 165
50 245
50 601
50 385
50 389
50 937
50 806
50 84
50 213
50 345
50 88
50 57
50 1011
50 69
51 971
51 142
51 1168
51 1241
51 1031
51 89
51 444
51 446
51 255
52 418
52 135
52 1256
52 777
52 231
52 112
52 578
52 757
52 56
53 65
53 612
53 715
53 321
53 615
53 876
53 173
53 301
53 347
53 464
53 373
53 804
53 90
53 187
53 655
53 677
54 1163
54 679
54 235
54 780
54 1197
54 906
54 1172
54 855
54 216
54 667
54 426
55 104
55 1078
55 1022
56 358
56 529
56 73
56 113
56 84
56 184
56 1279
57 224
57 1257
57 743
57 686
57 1279
57 916
57 437
57 1209
57 1055
57 799
58 257
58 133
58 262
58 651
58 268
58 151
58 160
58 294
58 565
58 1033
58 698
58 59
58 701
58 69
58 968
58 201
58 973
58 469
58 93
58 480
58 609
58 100
58 103
58 1213
58 503
58 636
58 125
58 638
59 64
59 576
59 779
59 785
59 168
59 843
59 587
59 1139
59 560
59 145
59 1011
59 1118
59 86
59 1064
59 158
60 143
60 406
60 667
60 926
60 773
60 288
60 293
60 1088
60 169
60 432
60 436
60 181
60 314
60 448
60 544
60 201
60 83
60 469
60 420
60 95
60 1257
60 619
60 1136
60 244
60 121
60 254
61 66
61 326
61 105
61 171
61 994
61 142
61 1165
61 880
61 403
61 116
61 695
62 416
62 226
62 1094
62 774
62 1224
62 122
63 137
63 138
63 914
63 661
63 790
63 186
63 1083
63 707
63 200
63 974
63 1107
63 85
63 217
63 355
63 228
63 1006
63 751
63 1010
63 378
64 193
64 804
64 775
64 489
64 590
64 240
64 149
64 537
64 157
64 830
64 223
65 871
65 1188
65 581
65 458
65 299
65 621
65 462
65 742
65 370
65 115
65 598
65 696
65 1083
66 97
66 514
66 391
66 488
66 917
66 470
66 641
66 154
66 412
66 1237
67 706
67 164
67 534
67 103
67 1187
67 71
67 1026
67 1137
67 147
67 438
67 729
67 867
67 92
67 413
68 870
68 205
68 399
68 431
68 248
69 1140
69 322
69 99
69 1125
69 946
69 718
69 372
69 1045
69 1243
69 984
69 820
69 859
70 289
70 603
70 453
70 393
70 404
70 411
70 700
71 128
71 961
71 72
71 720
71 1096
71 533
71 441
71 992
71 1187
71 124
71 125
72 132
72 968
72 393
72 139
72 431
72 754
72 1124
72 1095
72 127
73 110
73 1271
73 858
73 381
73 831
74 326
74 556
74 687
74 950
74 317
75 564
75 277
75 697
76 200
76 723
76 1207
76 602
76 988
77 738
77 801
77 749
77 241
77 761
77 796
77 1215
78 740
78 394
78 267
78 428
78 403
78 598
78 282
78 1278
79 160
79 1051
79 232
79 137
79 202
79 471
79 174
79 912
79 273
79 276
79 406
79 183
79 282
79 379
79 188
79 286
79 447
80 896
80 487
80 810
80 1038
80 399
80 984
80 242
80 183
81 710
81 966
81 1039
82 497
82 611
82 487
82 681
82 394
82 367
82 275
82 566
82 851
82 156
83 1160
83 430
83 144
83 180
83 953
83 826
83 190
84 584
84 152
84 406
84 425
84 219
85 162
85 520
85 405
85 1113
85 504
85 607
86 512
86 385
86 140
86 141
86 270
86 401
86 407
86 161
86 315
86 446
86 582
86 202
86 719
86 857
86 222
86 738
86 273
86 360
86 875
86 110
86 753
86 116
86 1019
87 161
87 259
87 618
87 748
87 946
87 240
87 432
87 214
87 218
87 281
87 348
87 154
87 190
87 442
88 417
88 109
88 526
88 481
88 1262
88 827
88 188
88 1149
88 287
89 577
89 996
89 167
89 826
89 1074
89 366
89 112
89 594
89 1111
89 154
89 559
89 586
90 960
90 1057
90 1096
90 362
90 427
90 812
90 595
90 1012
90 857
90 249
90 410
90 874
91 912
91 307
91 565
91 1051
92 512
92 672
92 903
92 268
92 654
92 208
92 115
92 628
92 942
92 184
92 986
92 127
92 1214
93 452
93 460
93 717
93 1167
93 948
93 632
93 388
93 1050
93 478
93 703
94 579
94 775
94 969
94 147
94 278
95 801
95 131
95 325
95 104
95 618
95 307
95 790
95 1082
95 221
96 612
96 197
96 559
96 657
96 852
96 540
96 965
97 992
97 805
97 610
97 595
97 499
97 691
97 153
98 489
98 642
98 564
98 314
100 387
100 1092
100 1029
100 1181
100 980
100 278
100 792
100 378
101 1248
101 164
101 456
101 938
101 817
101 308
101 374
101 1156
102 544
102 834
102 631
103 848
103 912
103 677
103 169
103 400
103 150
104 880
104 755
104 1173
105 640
105 904
105 604
106 550
106 844
106 1229
106 240
106 593
106 310
107 449
107 1027
107 485
107 113
107 841
107 267
107 525
107 723
107 181
107 792
107 633
107 189
107 689
108 463
109 769
109 260
109 651
109 276
109 412
109 670
109 290
109 156
109 554
109 171
109 940
109 304
109 821
109 703
109 192
109 321
109 350
109 867
109 875
109 365
109 239
109 883
109 117
109 1270
109 759
109 249
110 135
110 1256
110 298
110 871
110 173
110 143
110 312
110 148
110 152
110 732
110 938
110 1022
111 640
111 1184
111 1092
111 134
111 519
111 539
111 1085
112 1120
112 481
112 194
112 229
112 138
112 782
112 819
113 770
113 1123
113 781
113 743
113 496
113 337
113 700
114 801
114 201
114 437
114 566
114 983
114 476
114 990
115 641
115 386
115 705
115 136
115 272
115 285
115 164
115 685
115 175
115 776
115 946
115 447
115 1218
115 582
115 974
115 720
115 472
115 737
115 230
115 231
115 1138
115 1139
116 352
116 129
116 1186
116 451
116 133
116 1142
116 1095
116 983
116 813
116 336
116 928
116 741
116 1200
116 407
116 1081
116 1046
116 254
117 899
117 233
117 1075
117 949
117 694
117 765
117 318
118 267
119 482
119 144
119 243
119 569
119 540
120 417
120 165
120 1254
120 488
120 266
120 436
120 242
120 1283
120 340
120 245
120 1226
120 542
122 1122
122 963
122 1208
122 713
122 397
122 1166
122 241
122 1161
122 635
123 1030
123 369
123 435
124 129
124 354
124 1099
124 1028
124 617
124 524
124 562
124 822
124 988
125 1218
125 294
125 136
125 380
125 679
125 785
125 1204
125 1014
125 503
125 152
125 252
125 477
125 414
125 159
126 288
126 193
126 292
126 167
126 1264
126 723
126 182
126 1083
126 284
126 381
126 382
126 1279
127 592
127 1063
127 368
127 1203
127 767
128 806
128 620
128 981
128 1238
128 185
129 763
129 885
130 138
130 464
130 758
130 217
130 1241
130 189
131 744
131 932
132 330
132 1003
132 910
132 499
132 379
132 862
133 551
133 263
133 462
134 166
134 839
134 619
134 908
134 696
134 222
135 1185
135 549
135 648
135 776
135 439
136 1221
137 502
137 854
137 1274
138 340
139 422
140 673
140 611
140 427
140 733
140 178
140 284
140 285
141 355
141 581
141 586
141 1042
141 1167
141 881
141 1050
142 928
142 1121
142 742
142 763
143 353
143 583
143 855
143 940
143 305
143 211
143 278
143 567
143 1207
143 350
144 787
145 400
145 244
145 186
146 706
146 977
146 555
146 849
146 404
146 853
147 196
147 199
147 360
147 515
147 408
147 740
147 995
147 415
148 419
148 235
148 238
148 625
148 1163
148 215
148 313
148 1278
148 405
149 793
149 823
150 1284
150 266
150 1178
150 283
150 1183
150 418
150 296
150 685
150 828
150 1224
150 717
150 333
150 472
150 226
150 486
150 316
150 1261
150 750
150 500
150 252
151 332
151 631
151 248
151 639
151 549
152 162
152 391
152 841
152 807
152 172
152 590
153 796
154 448
154 179
154 371
154 508
155 904
155 305
155 793
155 540
156 1067
156 726
156 1113
156 409
157 480
157 322
157 163
157 388
157 232
157 727
157 482
157 685
157 215
157 664
157 1028
157 1039
157 543
158 256
158 547
158 772
158 422
158 1255
158 297
158 1194
158 1036
158 815
158 370
158 918
158 247
158 570
158 286
158 361
159 386
159 612
159 1192
159 265
159 944
159 980
159 245
159 886
159 1178
159 1020
159 533
160 902
160 263
160 523
160 206
160 722
160 755
160 244
160 174
160 472
160 281
160 956
160 1021
160 693
161 320
161 416
161 327
161 909
161 1198
162 209
162 424
162 177
162 778
162 556
162 1002
162 182
162 311
162 253
163 417
163 714
163 982
164 835
164 476
166 1015
166 353
166 619
166 819
166 903
166 279
166 413
167 218
167 932
168 1103
168 1102
169 1295
169 1108
169 344
169 314
169 607
171 199
171 621
171 211
171 917
171 959
172 289
172 393
172 443
172 492
173 200
174 1027
174 868
174 906
174 620
174 669
174 1151
175 541
176 237
176 429
176 884
177 960
177 1067
177 468
177 570
178 672
178 321
178 486
178 977
178 342
179 192
179 197
179 810
179 829
180 419
180 261
180 966
180 1196
180 718
180 913
180 596
180 630
180 745
180 1052
180 901
181 290
181 849
181 210
181 469
181 827
181 829
182 998
182 555
182 568
182 275
182 532
182 440
182 760
183 1038
183 313
183 378
183 1114
184 930
184 491
184 301
184 312
184 1210
185 663
185 474
185 1278
186 327
186 1198
186 335
186 976
186 1012
186 855
186 543
187 1101
187 594
187 539
187 1084
187 1053
188 1024
188 668
188 196
188 476
188 465
189 576
189 291
189 503
189 329
189 270
189 879
189 1045
189 311
189 761
189 379
189 735
190 800
190 589
190 383
191 1152
191 1058
191 964
191 562
191 925
192 463
192 671
192 863
193 609
193 198
193 1064
193 300
194 1026
194 198
194 584
194 990
195 704
195 385
195 291
195 1095
195 264
195 235
195 1155
195 1169
195 499
195 662
195 376
195 954
195 720
196 865
196 900
196 691
196 826
197 604
197 741
198 228
198 449
198 498
198 210
198 535
198 770
198 987
199 1155
199 229
199 1105
199 306
200 997
200 522
200 597
200 209
200 341
201 640
201 869
201 851
201 797
202 1281
202 597
202 856
203 352
203 706
203 259
203 409
203 979
204 418
204 461
204 367
204 759
205 303
205 269
206 258
206 656
206 755
206 632
206 410
206 1151
206 479
207 929
207 491
207 688
207 410
208 972
208 1104
208 860
209 832
209 899
209 1063
209 597
209 315
210 936
210 397
210 440
210 636
211 253
211 683
212 450
212 764
212 711
212 428
212 335
212 1132
212 242
212 903
212 375
212 1193
212 572
212 796
213 859
214 226
214 680
214 553
214 588
214 749
214 527
214 688
214 840
214 338
215 929
215 327
215 712
215 1034
215 237
215 509
215 629
215 438
216 1216
216 395
216 664
216 795
216 860
216 282
217 517
217 264
217 802
217 846
217 1044
217 246
217 1212
217 319
218 633
218 302
219 547
219 292
219 462
219 501
219 728
219 847
219 732
221 626
222 356
222 445
223 770
223 361
223 371
223 1012
223 1175
223 1214
224 288
224 259
224 251
224 636
224 510
224 421
225 368
225 786
225 891
226 1010
226 660
227 480
227 899
227 681
229 929
229 1122
229 939
229 557
229 1235
229 1272
230 375
232 1056
232 1079
232 697
232 255
233 334
233 591
233 1169
234 1159
234 1167
235 613
237 365
237 1177
237 283
238 384
239 300
239 1015
239 1151
240 322
240 748
240 624
241 753
241 440
241 444
241 346
242 384
242 416
242 390
242 1066
242 315
243 506
243 978
244 325
246 1228
247 708
247 1287
247 905
247 1170
247 1270
247 731
249 777
249 721
249 306
249 757
249 473
250 545
250 834
250 846
250 1299
250 1271
250 997
251 258
251 645
251 1032
251 779
251 428
251 546
251 437
251 470
251 1048
251 1144
251 734
252 1189
252 488
252 387
253 611
253 686
254 266
254 624
254 341
255 771
255 644
255 792
255 727
255 376
255 670
255 319
256 833
256 1157
256 1073
256 468
256 374
256 729
257 656
257 614
259 998
260 821
261 516
261 329
261 330
261 825
261 1144
261 1078
261 521
261 600
261 548
261 1208
262 1121
262 699
262 836
262 942
262 1002
262 747
262 1101
262 590
262 725
262 659
262 1175
262 825
262 558
262 383
263 1056
263 592
263 506
264 458
264 398
264 658
264 474
265 665
265 286
267 648
267 944
267 277
268 515
268 1037
268 429
268 749
268 340
268 374
268 1147
268 348
271 323
271 1006
271 1239
273 1170
274 571
274 297
275 514
275 1286
275 392
275 650
275 401
275 530
275 671
275 936
275 815
275 566
275 567
275 778
275 459
275 467
275 852
275 343
275 1255
275 808
275 680
276 298
276 532
276 341
278 700
278 1195
278 1197
278 721
278 1114
278 860
279 995
279 1062
279 840
279 1065
279 586
279 299
279 756
279 952
280 609
281 1154
281 483
281 583
281 1097
281 942
281 1007
281 1201
281 409
282 866
282 328
282 479
283 997
283 1145
283 538
284 1087
285 354
285 594
286 768
286 513
286 811
286 397
286 1041
286 1075
286 756
286 1080
286 696
286 1112
286 671
287 325
287 1190
287 433
287 344
288 833
288 643
288 1017
288 1087
288 927
289 816
289 528
289 1241
289 601
289 926
290 705
290 711
290 527
290 1142
291 610
291 1178
291 1020
292 1093
292 645
293 307
294 500
294 1175
294 1242
294 724
295 921
296 548
296 842
296 719
296 762
297 1063
298 1150
299 371
300 803
300 902
300 363
300 656
300 1009
300 312
300 615
300 475
301 481
301 516
301 933
301 329
301 332
301 402
301 532
303 1119
304 935
304 714
304 1260
304 1293
304 1206
304 539
305 358
305 690
305 1043
305 634
307 1193
309 1281
309 1155
309 1109
309 1117
310 332
311 486
311 910
311 1113
311 861
312 1250
312 966
312 838
312 1266
312 724
312 1110
313 1216
313 673
313 1248
313 865
313 533
313 1149
314 940
314 870
315 779
315 439
316 572
317 1126
317 843
317 364
317 510
317 507
317 1181
317 318
318 943
318 497
318 338
319 525
321 412
321 398
322 530
322 634
323 508
323 427
323 782
323 816
323 465
323 1243
323 444
323 906
324 768
324 838
324 454
324 680
324 1034
324 872
324 666
324 349
326 1005
327 423
327 585
327 599
327 655
327 1097
327 445
328 1152
328 466
328 925
329 553
329 1231
329 347
330 1008
330 1072
330 400
330 689
330 660
330 1076
330 1054
331 610
331 531
331 561
331 408
331 752
332 579
332 517
332 535
332 477
333 746
333 595
333 788
333 970
334 739
334 438
334 892
336 522
338 962
338 1124
338 1093
338 583
338 399
339 1037
339 423
340 463
340 346
340 351
341 643
341 676
341 1109
341 377
342 591
342 529
343 1146
344 396
344 1102
345 495
346 578
346 754
348 1287
348 765
350 1153
350 1274
350 511
352 490
353 1130
353 1164
353 910
353 1013
353 950
354 396
354 678
355 356
355 1229
355 818
356 715
356 1070
356 446
357 523
357 908
358 513
358 718
358 660
358 1172
360 708
360 569
360 851
360 447
360 639
361 690
361 1183
362 857
364 837
364 684
364 373
364 1142
364 919
364 952
364 953
365 881
365 734
367 377
367 778
368 613
368 934
368 1121
368 1128
368 713
368 1266
368 787
368 1225
368 1277
369 877
369 511
371 818
371 1134
372 1091
372 679
372 841
372 455
372 493
372 1061
374 644
374 518
374 495
374 806
374 1077
374 390
375 1244
375 926
377 928
378 877
380 1064
381 1065
382 835
384 512
384 458
384 1203
385 672
385 587
385 1196
385 461
386 1130
386 431
386 490
387 894
388 451
388 836
388 1162
388 1027
388 442
389 807
390 704
390 513
391 1072
391 1269
391 505
391 858
391 1053
392 623
392 894
394 772
394 459
394 1103
394 692
394 1055
395 531
395 911
396 993
396 1020
396 1099
396 824
396 924
398 1059
398 844
398 820
398 1176
399 448
399 471
401 1048
402 432
402 403
403 1036
403 659
403 1084
403 894
404 761
405 767
405 751
406 781
407 793
408 492
408 781
408 976
410 740
410 1258
410 971
410 588
410 1232
410 1011
411 1243
411 1160
411 952
411 434
411 1141
411 600
411 603
412 576
413 1023
414 449
414 901
414 888
414 1171
414 536
415 1132
415 1274
416 707
416 641
416 477
417 881
417 673
418 751
420 941
421 1259
422 1282
422 1043
422 1258
423 551
423 1172
425 536
425 1156
426 494
426 637
427 1211
427 839
428 982
429 935
430 1008
431 800
431 581
431 1030
431 1035
431 1252
431 1275
432 962
432 745
432 827
433 642
435 889
435 509
436 1051
437 478
437 1289
438 618
438 661
438 1208
439 485
439 967
439 665
439 702
439 981
440 1227
440 587
441 1222
441 1158
441 1164
441 468
441 1077
442 802
442 1126
442 941
442 1134
442 956
442 638
445 784
445 550
446 1169
448 876
448 850
449 849
449 621
449 817
450 684
450 763
451 577
451 614
451 457
451 990
452 880
452 821
453 896
453 1127
453 551
453 1253
454 1058
455 1104
456 496
457 832
457 1231
458 546
458 483
458 1153
458 813
458 816
458 1106
458 1140
458 794
459 1068
462 874
462 588
462 1273
462 522
464 1029
464 1256
464 500
465 1283
465 913
465 467
465 766
465 606
466 1202
466 471
468 622
469 1035
469 637
469 575
470 1195
471 897
471 889
471 1082
473 991
476 1053
477 565
479 862
479 623
480 1282
481 736
482 495
483 1154
484 627
485 699
486 822
486 1176
486 799
487 869
487 893
488 709
488 998
488 653
488 884
488 735
489 682
489 1040
489 980
491 746
491 879
491 542
493 663
493 561
494 1057
494 1186
494 1059
494 1060
494 520
494 1163
494 508
495 769
495 579
495 1220
495 1047
497 578
497 872
497 1268
497 511
499 651
499 1133
500 868
500 670
501 937
501 628
502 898
502 1261
503 1220
503 790
504 893
504 861
505 930
505 934
505 1264
505 856
505 1118
506 1038
506 934
508 1288
509 563
509 975
511 524
511 531
511 760
511 1116
512 897
512 1226
512 879
512 948
512 1143
512 573
513 1071
514 989
515 1100
515 613
518 788
519 1280
519 643
520 702
521 743
522 708
522 1239
522 954
522 542
523 649
523 734
524 864
525 1249
525 1273
525 602
525 650
526 969
527 984
528 546
528 625
529 1156
529 584
530 885
530 1025
531 1292
532 972
534 993
534 1173
534 1097
534 922
535 1245
536 1071
536 563
536 756
537 994
537 1128
537 1033
537 831
541 1161
541 1041
541 661
541 633
542 1296
542 1255
543 795
544 697
544 1236
545 644
545 1222
545 617
545 983
546 854
546 766
547 768
547 1288
548 1194
548 1235
548 1268
550 760
550 864
551 646
551 1193
551 593
551 731
552 1069
552 1238
552 1081
555 985
557 870
557 809
557 728
557 798
558 1127
558 978
558 892
559 1251
560 1115
562 961
562 626
562 1129
563 784
565 864
565 1137
566 1280
566 646
566 1140
567 789
567 598
568 754
568 1148
569 869
570 1003
570 1228
570 951
571 669
573 1066
573 989
574 920
574 1269
575 577
575 900
575 716
575 725
575 1246
576 1000
576 1013
577 1202
578 1185
579 1009
580 1199
581 678
581 1032
581 914
581 853
582 985
586 730
587 709
587 807
587 1076
588 930
589 645
590 1112
591 1174
592 1236
592 878
593 1045
593 882
594 677
594 967
594 1257
594 730
595 1148
596 904
596 1240
598 647
598 809
598 1086
598 603
598 798
599 822
600 642
600 622
600 1199
601 932
601 1044
602 968
603 1164
604 992
604 923
604 639
605 626
606 987
606 1147
606 635
606 991
608 803
609 1188
609 1264
609 1073
609 820
612 887
613 967
613 842
613 630
613 1080
614 1157
614 1002
614 812
614 658
614 1203
614 666
614 914
615 1112
616 965
619 867
619 683
619 845
619 1101
619 911
619 917
619 1273
619 1240
619 1177
619 795
619 701
619 702
620 1250
621 798
621 715
623 1217
623 709
624 1207
626 833
626 1060
628 814
631 764
632 1251
632 895
636 1218
636 804
636 710
637 1242
637 852
638 1220
638 713
638 687
638 698
639 1069
640 1089
641 1138
644 1092
644 683
644 1047
646 728
646 1165
647 1088
647 831
649 1021
650 1296
650 818
651 1094
652 925
653 698
654 955
656 675
657 1269
657 727
659 794
660 1275
661 1073
661 1130
662 970
662 1119
663 949
664 688
664 1217
665 854
666 693
667 772
667 1007
668 675
668 873
668 956
671 1039
672 811
673 853
674 957
675 836
675 1001
676 1267
678 920
681 1132
681 1046
681 858
681 955
685 875
687 780
691 1258
692 722
694 805
694 907
694 945
694 1125
694 958
694 767
697 1122
697 1265
701 993
701 996
701 1049
703 1061
703 945
703 1096
703 1198
704 1283
704 1187
705 838
705 999
705 1129
705 847
705 921
706 769
708 1131
709 1080
709 1030
710 872
710 909
710 1111
710 1210
711 893
712 797
712 1277
712 919
712 1199
712 1085
713 1168
714 1036
719 1018
720 800
721 1046
721 837
725 1215
727 1061
728 850
729 731
730 964
730 1290
730 1115
732 909
736 737
736 1127
740 889
740 882
741 874
741 1238
742 924
742 825
743 987
743 830
746 918
746 1145
747 947
749 963
749 750
749 1168
749 1050
750 916
754 1252
755 1033
755 911
757 927
759 892
760 1185
760 877
760 1200
760 794
760 830
760 863
762 1090
762 1165
764 773
764 902
764 936
764 783
765 905
765 1212
768 1293
769 1209
769 948
770 1019
772 1200
775 949
776 1099
776 973
777 1223
778 1288
778 1022
779 1071
780 1098
780 1180
781 1146
781 1032
783 982
783 888
783 1247
784 1110
785 883
788 931
788 1037
788 1107
790 1188
793 931
793 1068
794 1192
796 1134
796 1297
798 871
800 1100
800 1214
801 1191
811 1129
812 1297
813 1082
814 965
824 1147
824 1066
827 1286
827 840
827 1084
828 1003
830 969
830 1021
831 922
832 1298
834 1116
834 963
835 974
837 1135
838 1294
839 1181
842 1209
845 1158
846 907
848 915
850 1138
850 1004
851 1232
852 1068
854 1277
857 1145
860 1182
861 1180
866 1029
866 1292
866 947
870 1093
870 937
870 943
874 1223
875 907
876 898
876 964
876 884
877 994
877 1059
877 1031
878 1114
878 1295
882 1118
883 1057
884 1224
889 1052
892 1041
895 1086
897 1179
898 1290
898 941
898 947
900 931
900 1171
907 1104
909 979
911 1136
911 1019
912 1004
914 1024
916 1289
918 961
918 978
918 1049
918 1115
919 1001
920 1018
920 972
924 1246
926 1001
928 1285
928 1069
928 1009
928 959
930 1254
930 951
931 981
933 1284
935 1079
936 1117
936 1014
937 1056
939 1090
940 979
944 999
948 1025
948 1078
948 1240
951 1004
951 1135
952 1044
955 1225
955 1065
960 1212
962 1195
962 1123
964 1182
972 1119
975 1074
979 1120
982 1244
982 1149
984 1231
990 1108
994 1040
996 1106
997 1202
999 1276
1022 1173
1027 1100
1032 1268
1032 1183
1033 1285
1034 1052
1034 1244
1035 1263
1037 1067
1040 1174
1049 1276
1050 1248
1055 1272
1064 1229
1064 1294
1066 1153
1075 1091
1075 1133
1080 1219
1081 1190
1083 1219
1086 1253
1091 1263
1096 1262
1097 1205
1098 1103
1099 1186
1110 1177
1114 1205
1114 1206
1116 1267
1120 1222
1123 1211
1143 1289
1150 1298
1154 1261
1155 1250
1155 1247
1158 1276
1160 1280
1165 1234
1178 1252
1181 1232
1194 1233
1196 1259
1202 1271
1203 1291
1207 1242
1219 1235
1223 1234
1223 1265
1236 1260
