0 160
0 33
0 66
0 3
0 4
0 6
0 743
0 360
0 10
0 1153
0 13
0 829
0 466
0 382
0 213
0 599
0 1407
0 892
0 61
0 62
0 960
1 32
1 66
1 3
1 1060
1 1509
1 81
1 1118
1 598
1 248
1 27
1 1597
1 478
2 1025
2 3
2 4
2 5
2 6
2 7
2 9
2 471
2 272
2 147
2 495
2 924
2 923
2 37
2 41
2 1581
2 942
2 53
2 825
2 63
2 1088
2 967
2 74
2 717
2 206
2 99
2 1358
2 462
2 215
2 94
2 994
2 227
2 619
2 239
2 19
2 1215
2 637
3 1067
3 4
3 5
3 257
3 10
3 11
3 12
3 258
3 1167
3 16
3 280
3 384
3 275
3 20
3 1173
3 1302
3 23
3 24
3 154
3 1182
3 33
3 675
3 934
3 39
3 40
3 553
3 1389
3 299
3 1557
3 305
3 755
3 1076
3 1334
3 699
3 151
3 1492
3 325
3 70
3 1480
3 204
3 463
3 848
3 83
3 468
3 561
3 1113
3 347
3 979
3 96
3 481
3 1211
3 104
3 1363
3 108
3 1329
3 1391
3 1010
3 595
3 1397
3 1487
3 681
3 1272
3 377
3 250
3 1279
3 383
4 1540
4 5
4 6
4 7
4 8
4 9
4 11
4 12
4 13
4 14
4 1112
4 21
4 25
4 26
4 27
4 30
4 31
4 32
4 34
4 39
4 41
4 42
4 519
4 520
4 562
4 854
4 57
4 58
4 1468
4 65
4 66
4 523
4 73
4 525
4 88
4 95
4 99
4 100
4 104
4 105
4 111
4 112
4 114
4 116
4 120
4 634
4 641
4 130
4 1158
4 140
4 1171
4 1174
4 1177
4 157
4 1183
4 163
4 169
4 1195
4 1138
4 1207
4 188
4 190
4 191
4 544
4 197
4 1224
4 725
4 1246
4 735
4 226
4 227
4 228
4 741
4 234
4 753
4 1271
4 251
4 554
4 768
4 775
4 777
4 269
4 796
4 1315
4 293
4 49
4 811
4 301
4 305
4 307
4 310
4 314
4 831
4 539
4 321
4 1361
4 852
4 1365
4 342
4 344
4 857
4 352
4 1378
4 1384
4 879
4 368
4 746
4 1344
4 1410
4 388
4 1413
4 1422
4 400
4 409
4 927
4 432
4 442
4 444
4 446
4 449
4 964
4 459
4 1486
4 464
4 977
4 468
4 561
4 1018
4 1507
4 1006
4 1011
4 1016
4 1364
4 506
4 1535
5 13
5 913
5 154
5 155
5 412
5 414
5 31
5 166
5 1101
5 435
5 52
5 59
5 60
5 959
5 65
5 69
5 710
5 205
5 78
5 461
5 602
5 220
5 106
5 244
6 513
6 7
6 8
6 9
6 10
6 11
6 525
6 14
6 15
6 16
6 17
6 20
6 21
6 23
6 1561
6 28
6 29
6 1059
6 36
6 37
6 38
6 40
6 1066
6 43
6 44
6 48
6 1544
6 50
6 52
6 1536
6 58
6 60
6 579
6 70
6 74
6 75
6 78
6 79
6 855
6 596
6 597
6 1110
6 1039
6 95
6 97
6 98
6 614
6 117
6 631
6 120
6 1044
6 126
6 128
6 1155
6 1156
6 135
6 650
6 664
6 156
6 157
6 159
6 680
6 1209
6 187
6 189
6 191
6 713
6 203
6 207
6 721
6 728
6 220
6 223
6 519
6 1257
6 236
6 1262
6 751
6 242
6 1492
6 251
6 1277
6 264
6 1290
6 781
6 273
6 278
6 287
6 803
6 292
6 812
6 1326
6 1327
6 816
6 1335
6 1588
6 735
6 1345
6 1590
6 842
6 332
6 1507
6 343
6 1368
6 860
6 870
6 1387
6 366
6 1256
6 375
6 1402
6 1408
6 898
6 900
6 1413
6 393
6 1423
6 1427
6 405
6 1531
6 1441
6 1446
6 936
6 937
6 1464
6 1466
6 962
6 1478
6 968
6 463
6 980
6 1448
6 493
6 494
6 1519
6 168
6 1522
6 119
6 509
6 85
7 8
7 1547
7 15
7 17
7 402
7 1429
7 921
7 1432
7 153
7 26
7 28
7 672
7 1574
7 241
7 1454
7 1199
7 1456
7 183
7 824
7 315
7 62
7 705
7 581
7 329
7 334
7 981
7 59
7 100
7 1002
7 113
7 242
7 127
8 134
8 556
8 217
8 410
8 155
8 414
8 36
8 172
8 1453
8 200
8 181
8 190
8 437
8 64
8 1220
8 454
8 72
8 1485
8 208
8 724
8 292
8 864
8 1518
8 880
8 497
8 375
8 121
8 634
8 381
9 1415
9 139
9 21
9 282
9 796
9 544
9 1200
9 390
9 1199
9 304
9 50
9 308
9 565
9 56
9 445
9 928
9 326
9 73
9 970
9 333
9 78
9 216
9 1030
9 94
9 609
9 100
9 107
9 369
9 371
9 119
10 900
10 406
10 135
10 1545
10 1034
10 141
10 1422
10 783
10 1297
10 402
10 259
10 20
10 22
10 670
10 25
10 923
10 540
10 30
10 31
10 1440
10 545
10 546
10 677
10 167
10 41
10 811
10 44
10 754
10 559
10 1425
10 177
10 436
10 606
10 54
10 55
10 543
10 287
10 1084
10 573
10 1515
10 64
10 67
10 196
10 837
10 1480
10 76
10 461
10 82
10 595
10 725
10 689
10 1116
10 222
10 352
10 1249
10 939
10 763
10 101
10 1255
10 1130
10 1511
10 210
10 370
10 243
10 1275
10 1014
10 511
10 1400
10 761
10 123
10 899
10 894
10 127
11 257
11 391
11 44
11 139
11 12
11 397
11 1261
11 16
11 145
11 18
11 1045
11 407
11 388
11 1435
11 1114
11 33
11 38
11 551
11 476
11 42
11 172
11 47
11 1074
11 947
11 52
11 951
11 569
11 698
11 316
11 701
11 830
11 320
11 195
11 68
11 71
11 456
11 268
11 844
11 80
11 339
11 1364
11 1047
11 730
11 92
11 144
11 355
11 868
11 1574
11 401
11 807
11 1260
11 530
11 110
11 240
11 241
11 372
11 784
11 249
11 1147
11 254
11 1023
12 1161
12 778
12 1421
12 14
12 15
12 660
12 408
12 156
12 294
12 681
12 42
12 175
12 48
12 179
12 180
12 57
12 1247
12 60
12 451
12 201
12 340
12 472
12 90
12 271
12 606
12 351
12 483
12 744
12 1532
12 1295
12 117
12 1398
12 84
12 980
13 265
13 18
13 19
13 409
13 1563
13 364
13 35
13 164
13 40
13 684
13 301
13 1074
13 1331
13 53
13 185
13 699
13 189
13 708
13 69
13 328
13 1298
13 462
13 675
13 982
13 1239
13 602
13 91
13 618
13 108
13 365
13 890
14 258
14 134
14 17
14 147
14 660
14 22
14 1437
14 34
14 813
14 176
14 1332
14 441
14 826
14 961
14 1218
14 583
14 200
14 74
14 588
14 335
14 341
14 984
14 1242
14 731
14 96
14 1258
14 496
14 1395
14 246
14 1529
15 1376
15 700
15 1061
15 359
15 265
15 39
15 628
15 693
15 1082
15 540
16 129
16 1410
16 726
16 897
16 1034
16 1475
16 399
16 18
16 1027
16 22
16 281
16 24
16 25
16 924
16 901
16 32
16 162
16 291
16 36
16 37
16 362
16 809
16 1010
16 46
16 687
16 816
16 177
16 1586
16 181
16 1197
16 59
16 1180
16 1342
16 192
16 193
16 194
16 1091
16 1348
16 1097
16 202
16 335
16 612
16 931
16 214
16 87
16 89
16 860
16 95
16 608
16 228
16 234
16 492
16 241
16 114
16 756
16 501
16 630
16 887
16 576
16 1020
16 253
16 1150
17 627
17 193
17 611
17 296
17 265
17 19
17 974
17 755
18 523
18 1568
18 1186
18 235
18 374
18 934
18 45
18 1233
18 150
18 23
18 875
18 186
18 151
18 29
19 1154
19 259
19 516
19 1038
19 657
19 667
19 28
19 413
19 1410
19 683
19 175
19 693
19 785
19 141
19 83
19 215
19 90
19 358
19 233
19 364
19 1134
19 495
19 1270
19 1129
19 124
19 765
20 533
20 421
20 424
20 300
20 45
20 182
20 1594
20 1212
20 1098
20 76
20 79
20 593
20 348
20 58
20 226
20 1576
20 489
20 753
20 124
21 576
21 258
21 694
21 298
21 1286
21 98
21 559
21 905
21 1178
21 402
21 470
21 489
21 344
21 281
21 26
21 283
21 1098
22 982
22 24
22 27
22 545
22 1193
22 1450
22 1586
22 47
22 946
22 115
22 53
22 1220
22 586
22 203
22 333
22 976
22 596
22 342
22 88
22 987
22 988
22 1121
22 872
22 877
22 1006
22 879
22 243
22 1244
22 631
22 376
22 126
23 1281
23 1351
23 1238
23 266
23 148
23 30
23 673
23 38
23 167
23 43
23 302
23 54
23 184
23 316
23 1475
23 455
23 1355
23 470
23 604
23 477
23 351
23 1377
23 996
23 294
23 103
23 1394
23 378
24 577
24 356
24 1030
24 102
24 43
24 1215
24 125
24 1552
24 644
24 915
24 1208
24 89
24 1083
24 29
24 816
25 1424
25 175
25 113
25 1460
25 1045
25 1400
25 473
25 731
25 636
25 1277
26 455
26 72
26 327
26 173
26 1231
26 214
26 407
26 1435
26 380
26 349
26 1534
27 133
27 266
27 653
27 286
27 1441
27 423
27 170
27 299
27 942
27 51
27 699
27 445
27 195
27 1221
27 199
27 1231
27 721
27 851
27 85
27 88
27 729
27 92
27 351
27 358
27 746
27 503
27 760
28 480
28 419
28 996
28 998
28 563
28 85
28 790
28 313
28 446
28 1029
29 802
29 1412
29 878
29 723
29 149
29 983
29 890
29 285
30 34
30 35
30 69
30 742
30 231
30 1260
30 1164
30 302
30 1330
30 782
30 534
30 122
30 93
30 453
31 224
31 736
31 1126
31 1249
31 168
31 619
31 109
31 431
31 528
31 855
31 115
31 55
31 536
31 1241
31 1322
32 642
32 902
32 1153
32 264
32 1046
32 56
32 1304
32 837
32 166
32 1578
32 1344
32 567
32 440
32 57
32 956
32 317
32 1216
32 1091
32 709
32 209
32 979
32 341
32 1366
32 1112
32 97
32 486
32 1361
32 1000
32 105
32 874
32 1511
32 1149
32 511
33 513
33 1107
33 406
33 103
33 328
33 937
33 75
33 686
33 1041
33 1310
33 35
33 117
33 310
33 1463
33 1528
33 1375
33 1086
33 1253
34 514
34 389
34 648
34 898
34 275
34 1572
34 431
34 392
34 51
34 54
34 65
34 452
34 72
34 201
34 458
34 1101
34 210
34 211
34 86
34 994
34 232
34 876
34 339
34 123
35 1184
35 502
35 138
35 1175
35 1388
35 110
35 77
35 306
35 1389
35 436
35 1365
35 310
35 365
35 1369
35 1359
36 160
36 97
36 162
36 1380
36 1382
36 460
36 650
36 396
36 46
36 687
36 817
36 178
36 147
36 150
36 247
36 504
36 1416
36 223
37 1415
37 1474
37 49
37 1458
37 277
37 55
37 315
37 764
38 230
38 262
38 1362
38 1207
39 257
39 774
39 909
39 910
39 1553
39 543
39 291
39 1318
39 1320
39 173
39 47
39 50
39 179
39 311
39 799
39 1214
39 67
39 964
39 581
39 71
39 1481
39 845
39 209
39 84
39 783
39 92
39 863
39 737
39 485
39 617
39 1387
39 1132
39 237
39 368
39 118
39 1017
40 768
40 280
40 1411
40 408
40 1049
40 285
40 802
40 177
40 1324
40 1201
40 68
40 87
40 217
40 474
40 347
40 220
40 479
40 1383
40 109
41 1547
41 514
41 270
41 144
41 145
41 285
41 293
41 558
41 1201
41 434
41 444
41 1218
41 1354
41 846
41 1104
41 857
41 483
41 740
41 502
42 256
42 1409
42 136
42 269
42 403
42 916
42 260
42 900
42 1071
42 286
42 420
42 1322
42 172
42 429
42 46
42 861
42 48
42 56
42 185
42 187
42 445
42 318
42 757
42 955
42 963
42 70
42 842
42 1227
42 1549
42 466
42 1337
42 1371
42 221
42 227
42 1234
42 622
42 1021
42 62
42 118
42 506
42 125
42 1022
42 639
43 512
43 896
43 134
43 136
43 905
43 138
43 139
43 1548
43 146
43 150
43 302
43 49
43 178
43 1075
43 1333
43 183
43 200
43 1591
43 791
43 87
43 80
43 98
43 744
43 367
43 1392
43 370
44 321
44 1523
44 68
44 1573
44 972
44 45
44 93
44 560
44 657
44 82
44 51
44 317
44 568
44 1498
44 91
44 61
44 1461
45 67
45 804
45 488
45 665
45 776
45 83
45 505
45 153
45 1533
45 159
46 1536
46 929
46 681
46 1036
46 818
46 142
46 1041
46 498
46 1013
46 214
46 311
46 250
46 1531
46 348
46 1418
47 460
47 620
47 1095
47 925
48 481
48 522
48 580
48 197
48 1543
48 331
48 238
48 144
48 312
48 762
48 1382
48 317
48 670
49 481
49 610
49 229
49 197
49 1505
49 971
49 809
49 430
49 465
49 1234
49 899
49 309
49 677
49 120
49 281
49 191
49 254
50 1495
50 912
50 1555
50 546
50 805
50 1062
50 1452
50 679
50 311
50 187
50 64
50 577
50 1479
50 970
50 1102
50 1238
50 1401
50 1497
50 866
50 356
50 742
50 747
50 111
50 885
50 121
51 1252
51 741
51 102
51 1512
51 715
51 205
51 623
51 80
51 113
51 373
51 1015
51 218
51 1182
52 130
52 1419
52 488
52 1453
52 1200
52 183
52 184
52 1052
52 381
52 1189
53 129
53 1539
53 135
53 654
53 404
53 535
53 1369
53 671
53 160
53 164
53 422
53 169
53 391
53 824
53 185
53 1226
53 586
53 707
53 330
53 459
53 77
53 81
53 1235
53 728
53 676
53 1060
53 232
53 116
53 248
53 122
53 637
54 61
55 867
55 518
55 271
55 208
55 895
55 722
55 1044
55 149
55 566
55 600
55 283
56 384
56 130
56 131
56 267
56 278
56 663
56 410
56 947
56 164
56 1317
56 942
56 1583
56 944
56 179
56 1335
56 442
56 1599
56 71
56 73
56 202
56 1103
56 84
56 471
56 1240
56 346
56 872
57 704
57 457
57 493
57 205
57 848
57 1203
57 917
57 1373
57 1530
57 733
58 448
58 289
58 386
58 871
58 744
58 522
58 898
58 814
58 1008
58 1107
58 599
58 1145
58 412
58 255
59 1344
59 357
59 966
59 1321
59 1005
59 1101
59 340
59 1525
59 91
59 126
59 63
60 96
60 128
60 482
60 1056
60 548
60 102
60 423
60 171
60 429
60 449
60 1589
60 86
60 1014
60 507
60 378
61 906
61 1550
61 143
61 529
61 787
61 667
61 90
61 286
61 1055
61 801
61 1442
61 422
61 1169
61 554
61 427
61 945
61 819
61 189
61 63
61 322
61 1476
61 1462
61 1313
61 592
61 212
61 730
61 219
61 487
61 490
61 615
61 1390
61 1013
61 760
61 124
62 1349
62 1574
62 304
62 659
62 630
62 121
62 219
63 1076
63 501
64 803
64 260
64 1325
64 1032
64 380
64 125
64 575
65 137
65 138
65 269
65 132
65 156
65 1309
65 1066
65 428
65 180
65 715
65 198
65 75
65 290
65 82
65 212
65 215
65 93
65 1505
65 1128
65 233
65 111
65 112
65 114
65 1012
65 873
65 635
66 385
66 397
66 772
66 284
66 288
66 161
66 676
66 170
66 174
66 1329
66 1589
66 953
66 342
66 89
66 1115
66 993
66 867
66 1508
66 486
66 747
66 365
67 1378
67 1160
67 206
67 77
67 1150
68 832
68 289
68 165
68 1153
68 810
68 76
68 973
68 846
68 624
68 849
68 1080
68 538
68 1118
69 1280
69 1472
69 902
69 655
69 405
69 290
69 163
69 564
69 1566
69 1336
69 698
69 576
69 840
69 969
69 843
69 1102
69 207
69 1315
69 219
69 888
70 356
70 422
70 1295
70 1476
70 613
71 450
71 171
71 420
71 869
71 550
71 105
71 1132
71 1328
71 433
71 1175
71 516
71 785
72 544
72 609
72 1019
72 585
72 578
72 1231
72 1053
72 593
72 1187
72 341
72 86
72 831
72 989
72 158
72 757
73 192
73 1057
73 1368
73 515
73 229
73 462
73 1396
73 81
73 850
73 180
73 350
73 1177
73 409
73 94
73 319
74 1186
74 106
74 79
75 1090
75 131
75 488
75 652
75 236
75 174
75 528
75 243
75 181
75 184
75 251
75 252
76 1026
76 1411
76 965
76 428
76 910
76 336
76 433
76 690
76 918
76 842
76 540
76 349
76 1598
76 1093
77 225
77 482
77 260
77 1447
77 104
77 1228
77 524
77 141
77 207
77 1176
77 548
77 347
77 1502
78 128
78 886
78 326
78 615
78 1448
78 870
78 1549
78 782
78 463
78 720
78 337
78 115
78 574
78 118
78 1284
78 605
78 318
78 1461
79 354
79 163
79 283
80 770
80 136
80 798
80 800
80 418
80 1578
80 555
80 1581
80 563
80 309
80 950
80 739
80 952
80 1593
80 318
80 192
80 707
80 454
80 722
80 723
80 727
80 1370
80 99
80 358
80 1127
80 106
80 363
80 624
80 1009
80 626
80 627
80 1022
81 288
81 129
81 1350
81 103
82 965
82 552
82 823
82 974
82 112
82 247
82 314
82 284
82 766
83 261
83 1089
83 1516
83 140
83 270
83 941
83 515
83 277
83 534
83 279
83 159
83 416
83 161
83 1301
83 295
83 671
83 573
83 672
83 584
83 329
83 1226
83 460
83 359
83 364
83 110
83 884
83 503
83 888
83 764
83 127
84 1216
84 406
84 520
84 487
84 945
84 278
84 1111
84 188
84 350
84 1285
85 783
85 323
85 132
85 805
85 1315
85 1459
85 719
85 1080
85 306
85 435
85 148
85 152
85 1310
86 133
86 263
86 1003
86 1351
86 322
86 1006
86 1263
87 288
87 240
87 387
87 1526
87 237
87 366
87 400
87 566
87 727
87 475
87 701
87 447
88 1216
88 225
88 267
88 101
88 859
88 107
88 560
88 625
88 1016
88 1477
88 245
88 1047
88 376
88 1211
88 1336
88 510
88 383
89 263
89 896
89 101
89 231
89 617
89 778
89 107
89 780
89 1176
89 274
89 659
89 628
89 1562
89 883
89 1245
90 1449
90 166
90 1196
90 235
90 781
90 590
90 119
90 153
90 158
90 247
91 1129
91 1510
92 1187
92 580
92 335
92 1169
93 256
93 1251
93 165
93 1057
93 109
93 142
93 813
93 176
93 1106
93 888
93 911
93 444
93 413
94 165
94 1301
94 1242
95 742
95 361
95 845
95 206
95 817
95 306
95 949
95 534
95 425
95 1138
95 1341
95 1439
96 838
96 1544
96 1483
96 440
97 1571
97 1357
97 211
97 982
97 919
97 984
97 612
97 154
97 253
97 671
98 1158
98 807
98 367
98 1433
98 638
99 234
99 213
99 447
100 1448
100 142
100 1168
100 593
100 565
100 297
100 313
100 572
100 190
101 886
101 360
102 1043
102 545
102 291
102 769
102 680
102 137
102 759
102 467
102 312
102 617
102 1063
102 123
103 773
103 1512
103 404
103 372
103 182
103 308
104 1152
104 261
104 274
104 771
104 535
104 1306
104 411
104 1308
104 290
104 1444
104 1064
104 169
104 941
104 944
104 1352
104 1470
104 1346
104 580
104 1224
104 1098
104 331
104 204
104 467
104 472
104 1245
104 355
104 108
104 1521
104 116
104 1274
104 379
105 960
105 1122
105 720
105 820
105 122
105 988
106 224
106 198
106 173
106 404
106 693
106 1125
107 899
107 263
107 140
107 1293
107 1283
107 276
107 152
107 158
107 1439
107 1058
107 171
107 1587
107 819
107 199
107 1226
107 208
107 213
107 348
107 865
107 740
107 1520
107 1010
107 245
107 1148
108 869
108 597
108 1068
108 555
108 908
108 174
108 333
108 1105
108 451
108 148
108 149
108 375
108 344
108 1039
108 700
108 1531
108 1406
108 479
109 389
109 797
109 469
109 574
110 1157
110 451
110 143
110 279
110 186
110 1114
110 990
111 1157
111 1393
111 1498
111 1372
112 131
112 530
113 677
113 1510
113 301
114 1120
114 610
114 995
114 132
114 133
114 710
114 161
114 426
114 167
114 494
114 417
114 1205
114 1339
114 689
115 497
115 745
116 228
116 951
116 1404
117 331
117 370
117 697
117 152
117 377
117 959
117 447
118 385
118 674
118 137
118 647
118 1597
118 1232
118 1368
118 950
118 1399
118 632
118 1354
119 337
119 203
119 1484
119 1373
119 145
119 1074
119 307
119 1307
119 538
120 395
120 819
120 316
121 322
121 997
121 1109
121 1277
122 421
122 711
122 268
122 434
122 756
122 151
122 1012
122 542
122 188
122 492
123 448
123 390
123 295
123 1065
123 935
123 237
123 400
123 1425
123 788
123 1225
123 1180
123 287
124 442
124 293
125 320
125 194
125 962
125 1175
125 674
125 792
125 210
125 726
125 279
125 377
125 443
125 1500
125 1118
126 738
126 155
126 1348
126 1042
126 1251
126 500
126 1275
127 920
127 340
127 1141
127 1014
127 312
128 1334
128 1005
129 1307
129 836
129 1029
129 838
129 359
129 1320
129 1289
129 170
129 431
129 1577
129 1240
129 346
129 495
129 1405
129 319
130 417
130 1514
130 305
130 146
131 587
131 790
131 202
131 628
131 182
132 448
132 273
132 254
133 1506
133 296
133 464
133 883
133 479
134 865
134 773
134 585
134 1172
134 255
135 813
135 775
135 685
135 221
135 345
135 1595
135 298
136 592
136 940
136 396
136 526
136 1245
136 792
136 572
136 266
137 641
137 1227
137 267
137 1516
137 1459
137 763
137 157
138 769
138 808
138 748
138 143
138 176
138 146
138 339
138 496
138 246
138 771
138 761
138 218
138 733
138 639
139 1488
139 437
139 1335
139 542
139 1461
140 259
140 645
140 1300
140 426
140 527
140 817
140 1012
140 441
140 923
140 957
141 1347
141 999
141 967
141 297
141 235
141 1519
141 852
141 567
141 1596
141 925
141 958
142 678
142 264
142 557
142 623
142 1237
143 289
143 419
143 548
143 168
143 556
143 396
143 1360
143 362
143 931
143 1363
143 186
144 1056
144 1392
144 491
144 204
144 1293
144 1390
144 500
144 1141
144 713
145 384
145 640
145 866
145 1323
145 1316
145 517
145 1001
145 673
145 1363
145 303
145 403
145 598
145 1468
146 195
148 1121
148 603
148 196
148 487
148 615
148 367
148 239
149 1580
149 325
150 353
150 1545
150 1463
150 922
150 957
151 360
152 1483
152 1164
152 909
152 1427
152 1303
152 537
152 1437
153 1027
153 840
153 1131
153 1394
153 1491
153 1428
153 245
153 438
153 1145
153 1210
153 789
154 199
154 1031
154 940
154 641
154 252
154 253
154 1541
155 571
155 653
156 230
156 296
156 1340
156 808
156 828
157 327
157 222
157 1119
158 1291
158 1055
158 1119
159 225
159 713
159 303
160 784
160 162
160 680
160 458
160 432
161 352
161 321
161 194
161 324
161 549
161 936
161 745
161 394
161 398
161 1007
161 272
161 531
161 1070
161 217
161 656
161 507
161 1002
161 1279
162 1190
162 909
162 308
162 821
162 504
162 575
163 708
163 198
164 704
164 1089
164 795
164 230
164 465
164 841
164 1271
164 844
164 686
164 1051
164 248
164 1106
164 1491
164 1292
164 1210
164 730
164 475
164 221
165 550
167 193
167 456
167 1361
167 211
167 1300
167 1176
167 250
167 379
167 1436
168 1541
168 662
168 541
169 866
169 1230
169 595
169 216
169 222
170 603
170 357
170 326
170 892
170 1579
170 354
170 178
170 1379
170 244
170 950
170 695
170 216
170 738
170 700
170 1061
171 196
171 1500
171 559
171 821
171 1466
172 519
172 1293
172 272
172 315
173 417
173 870
173 778
173 1325
173 863
174 1376
174 1155
174 1501
174 238
174 719
174 1494
174 666
174 1391
174 413
175 387
175 485
175 429
175 688
175 658
175 474
176 349
176 889
176 346
177 1385
178 1154
178 485
178 812
178 240
178 1266
178 596
178 282
178 956
179 275
180 1320
180 686
180 661
180 249
180 668
181 939
182 229
182 1094
182 1159
182 1071
182 244
182 1447
183 355
183 1450
184 800
185 392
185 300
185 621
185 986
186 1105
186 1131
186 818
186 398
186 369
186 474
186 1327
187 233
187 330
188 521
188 330
188 533
188 1092
188 252
189 672
189 386
189 586
189 1548
189 1496
189 626
189 469
189 600
189 1338
189 478
189 821
190 325
190 466
190 307
190 725
191 613
191 1069
191 562
191 371
191 990
191 702
192 611
192 492
192 1180
193 1184
193 1579
193 1100
193 500
193 601
193 411
194 769
194 881
194 511
195 249
195 1235
196 838
196 262
196 616
196 397
196 366
196 410
197 226
197 1187
197 491
197 1455
197 1399
197 439
197 324
197 996
198 901
198 236
198 337
198 1015
200 224
200 1136
200 201
200 332
200 464
200 657
200 238
200 246
200 952
200 661
201 864
201 1013
201 314
201 218
201 638
202 590
202 212
202 1582
202 276
203 1108
204 1039
204 1561
204 1338
205 1324
206 768
206 741
206 232
206 393
206 209
206 1139
206 469
206 1017
207 613
207 262
207 1236
207 758
208 1123
208 324
208 261
208 1356
208 904
208 1174
208 343
208 1244
208 1406
208 703
209 834
209 292
209 391
209 583
209 621
209 239
209 498
209 1487
210 1040
210 1316
210 1294
210 688
210 570
211 1248
211 1384
211 810
211 1011
211 415
211 255
212 1546
212 904
212 875
212 434
212 298
212 606
213 490
213 270
213 579
213 323
213 795
213 1194
213 1183
214 353
214 674
214 231
214 843
214 828
214 893
214 383
215 800
215 484
215 552
215 1421
215 1592
216 512
216 610
216 933
216 1458
216 1459
216 280
217 418
217 1514
217 1241
218 834
218 392
218 1103
218 981
218 573
218 574
218 223
219 991
220 1572
220 925
221 612
221 1510
221 1160
221 427
221 242
221 948
221 669
222 836
222 1227
222 1420
222 569
223 385
223 1443
224 1121
224 1251
224 1257
224 496
224 1462
224 1370
224 541
225 1033
225 591
225 604
226 1095
226 490
226 651
226 1041
227 1568
227 457
227 1538
227 274
227 1495
227 571
229 1163
229 1067
229 620
229 1235
229 1021
229 766
229 991
230 294
230 551
230 521
230 268
230 1261
231 604
232 1513
233 1024
233 420
233 1031
233 522
233 878
233 861
233 336
233 338
233 565
233 701
233 1418
234 603
234 649
234 299
234 558
234 815
234 1209
234 858
234 363
234 415
235 647
235 457
235 1527
235 332
235 1079
235 1340
236 493
236 978
236 468
236 570
236 634
237 456
237 1015
237 1138
237 638
238 256
238 571
238 1213
238 414
239 421
239 393
239 664
239 720
239 1078
239 632
240 1249
240 871
240 779
240 1550
240 276
240 862
241 1105
241 399
241 625
241 1395
241 630
241 1528
242 968
242 766
243 328
244 711
244 694
244 1426
244 284
244 938
245 418
245 683
245 1128
245 361
245 770
245 622
245 655
245 1432
245 1076
245 815
246 320
246 835
246 646
246 651
246 1204
246 827
247 546
247 643
247 297
247 1196
247 461
247 719
247 752
247 691
247 661
247 984
247 1583
247 943
247 1213
248 334
248 499
248 627
249 1474
249 427
250 1107
250 767
251 901
251 1223
251 424
251 648
251 712
251 273
251 277
251 1567
252 450
252 590
252 1423
252 371
252 1080
252 762
253 1568
253 1122
253 1318
253 1035
253 786
253 535
253 1528
253 1467
254 353
254 932
254 727
255 779
255 1431
257 772
257 1573
257 382
257 703
258 1170
258 664
258 282
259 1027
259 1093
259 717
259 1518
259 1268
259 373
259 1494
259 1372
259 509
260 1136
260 514
260 1222
260 1094
260 327
260 584
260 871
260 976
260 755
260 1173
260 988
260 1386
260 1054
261 620
261 589
261 1198
261 916
261 437
262 368
262 499
262 313
262 538
262 1276
262 958
263 452
263 1032
263 1267
263 916
263 824
263 668
263 868
264 738
264 1254
264 616
264 526
264 825
264 1285
265 1026
265 1062
265 971
266 304
266 1205
267 1222
267 295
267 1265
267 1556
267 1595
268 643
268 549
268 753
268 1172
268 1047
268 1212
268 1053
268 927
269 323
269 1349
269 1414
269 1259
269 685
269 430
269 271
269 1188
269 419
269 373
269 696
269 505
269 883
269 771
270 1075
270 1223
270 938
270 847
270 1145
270 857
270 1178
270 669
272 774
272 712
272 329
272 1326
272 303
272 1490
272 635
272 477
273 653
274 513
274 482
274 1033
274 1493
274 533
274 1527
274 1019
274 607
275 748
275 1265
275 309
275 407
276 1164
276 405
276 1240
276 477
277 1442
278 1378
278 423
278 1236
278 854
279 361
279 618
279 1449
280 1416
280 882
280 483
281 974
281 1460
281 1343
281 654
281 831
282 704
282 395
282 1564
283 480
283 961
283 751
284 453
284 415
285 737
285 876
285 525
285 757
285 1078
286 779
287 411
287 667
287 300
287 910
287 336
287 1146
288 1120
288 425
288 362
288 408
288 1210
289 491
289 1478
290 1447
290 537
291 772
291 552
291 808
291 1465
291 473
292 1060
292 1386
292 520
293 1299
293 394
293 1075
293 379
294 547
294 935
294 1036
294 1579
294 1486
294 338
294 789
294 374
294 926
295 645
295 1388
295 428
295 465
295 532
295 734
295 1111
295 472
295 756
295 1117
295 350
296 395
298 1256
298 334
298 401
298 626
298 1081
298 537
299 836
299 455
299 458
299 1150
300 650
300 1524
301 832
301 354
301 1319
302 1473
302 1563
302 804
302 553
302 656
302 947
302 1051
303 560
303 577
303 1108
303 1276
304 1504
304 484
304 508
306 450
306 1570
306 1304
306 1143
306 1144
306 1599
306 1342
307 1179
307 632
307 499
307 926
307 600
307 859
307 575
309 416
309 1380
309 1362
309 597
309 376
310 1230
310 711
311 640
311 1536
311 518
311 592
311 919
311 826
312 714
312 1246
313 1198
313 1334
313 601
313 319
314 568
314 443
314 381
314 1534
316 539
316 568
316 506
316 507
316 446
317 1096
317 695
318 1313
318 588
318 1333
318 1584
318 394
318 734
320 1186
320 1478
320 390
320 716
320 556
320 1234
320 655
320 784
320 1292
320 498
320 504
320 1372
321 1125
322 581
322 343
322 1113
322 660
322 532
322 441
322 980
323 633
324 1450
324 1393
324 562
324 1204
324 1430
324 1081
325 578
325 1444
325 425
325 906
325 398
325 1467
326 1479
326 1319
326 1433
327 536
327 794
328 1123
328 363
328 1036
329 1168
329 387
329 1585
330 1088
331 682
331 475
332 1474
332 644
332 978
332 338
332 1429
332 1028
332 1308
333 1481
333 679
333 555
333 439
333 345
333 1111
334 807
334 874
334 943
334 1457
334 1086
334 1223
334 810
334 382
335 369
335 1411
336 861
336 1336
336 989
337 1159
337 508
338 865
338 1025
338 449
338 903
338 975
338 793
338 1420
339 345
339 1127
340 992
341 547
341 582
343 357
343 902
343 374
343 1367
343 1007
344 515
344 999
344 716
344 1338
344 1357
344 750
344 797
344 432
344 722
344 963
344 484
344 378
344 539
344 605
344 789
345 609
345 675
345 452
345 645
345 969
345 1110
345 1225
345 505
345 890
345 1203
345 1436
345 926
346 1059
347 1257
347 1555
348 416
348 685
348 1197
349 736
349 930
349 646
349 651
349 436
349 1275
349 542
350 1281
350 644
350 1125
350 1134
350 920
351 389
352 1161
353 1139
353 1004
353 1297
353 594
353 659
353 503
353 510
354 987
354 781
354 424
354 780
354 684
354 430
354 527
354 1522
355 840
355 1146
356 388
356 1554
356 1359
356 952
356 372
356 1077
356 1499
357 837
357 622
357 1397
357 1244
358 668
358 440
359 765
360 936
360 1453
360 401
360 380
360 1310
361 864
361 1444
361 1035
361 566
361 510
362 1232
362 386
362 1035
362 1282
363 1028
363 1255
363 1544
363 823
363 618
364 830
364 557
365 1317
365 553
365 887
365 1247
366 804
366 1254
366 839
366 1289
366 1490
366 946
366 403
366 948
366 893
367 1445
367 1192
367 852
368 608
368 714
368 528
368 1386
369 1515
369 812
369 692
369 822
369 1529
369 636
369 666
370 745
370 1516
370 913
370 820
373 1314
373 1454
373 691
373 1142
374 1248
374 453
375 1166
376 705
376 471
376 1147
377 1413
377 399
377 787
378 530
379 662
379 486
379 908
379 1160
379 822
381 846
381 918
381 476
381 858
382 516
382 714
382 1079
382 527
382 529
382 692
382 438
382 439
382 601
382 1594
382 893
383 1201
384 1265
384 873
384 1110
385 929
385 958
386 805
386 776
386 953
386 922
387 517
387 1064
387 426
389 585
389 412
389 1054
391 1542
391 1095
391 905
391 780
391 718
391 912
391 658
391 692
392 647
392 1224
392 652
392 502
392 1115
392 798
392 799
393 1137
394 1034
395 1517
396 1064
396 697
396 669
396 1534
397 1409
397 1195
397 678
397 749
397 599
398 718
398 1085
398 919
398 1593
398 1053
399 438
399 633
399 696
399 1114
400 776
400 1032
400 607
401 1328
401 940
402 1094
402 914
402 1082
402 874
402 1503
403 798
404 563
404 1179
405 518
405 1073
405 529
405 851
405 663
405 508
406 1253
406 716
406 598
407 1395
407 435
408 968
408 1165
409 933
409 851
409 1238
409 1432
412 749
412 1517
412 731
413 1262
414 1292
415 433
415 1345
416 1484
417 1185
417 1505
417 665
417 1084
417 1215
418 662
419 1274
420 616
420 467
421 1308
421 1135
421 443
421 796
421 666
422 1537
422 1097
422 588
423 1465
424 995
424 782
424 791
425 903
425 558
425 624
425 915
425 564
425 1431
427 1024
427 454
427 654
428 998
428 938
428 1489
428 1587
429 524
429 973
429 787
429 760
429 1243
429 1341
431 579
431 1069
432 856
432 1526
432 1303
432 732
432 1407
433 806
434 706
434 459
434 777
435 829
435 987
436 629
436 572
436 894
438 1123
438 806
438 594
438 1434
438 541
439 1066
439 788
439 629
439 1083
439 1151
440 1357
440 1165
440 1269
442 1269
442 833
444 721
445 1523
446 1011
446 886
446 570
446 799
447 709
447 1297
447 497
447 989
447 734
448 1296
448 589
448 1197
448 944
449 682
449 501
449 1116
450 682
450 470
451 1252
451 582
451 967
451 554
451 526
451 1040
451 602
453 1067
454 550
454 877
454 1425
454 1043
454 1493
455 847
455 895
456 480
456 673
456 578
456 1476
456 949
457 1093
458 1280
458 683
458 1061
458 966
458 1384
458 1237
459 1023
460 1151
461 587
461 795
461 478
463 614
463 1073
463 629
463 1305
463 473
463 1205
464 1475
464 869
464 1161
464 517
464 639
466 1033
466 494
466 623
466 1077
466 1487
467 1552
467 747
467 911
467 1072
468 1058
468 1500
469 992
469 695
470 1540
471 1106
472 740
473 809
473 907
473 748
473 690
473 1289
474 896
475 960
475 1043
475 1590
475 476
476 589
476 557
476 990
478 1367
479 1078
479 1350
480 1400
480 997
481 1383
481 564
481 986
482 1122
482 1222
482 1193
483 547
484 867
484 873
484 1366
486 512
486 1563
486 806
486 1056
486 712
486 489
486 1330
486 690
486 1177
486 509
488 524
488 631
488 728
489 646
489 652
489 814
489 1298
489 1401
489 729
490 765
491 1082
491 1460
493 1232
493 625
493 758
493 764
494 928
494 1250
494 739
494 582
494 841
494 1424
494 1506
494 1144
494 1565
494 1086
495 1158
495 1291
495 1133
495 1229
495 561
495 788
496 862
499 1409
499 739
499 1099
499 1430
499 1113
499 793
499 1020
500 1152
500 1087
501 1412
501 523
501 717
501 1023
501 828
502 706
502 1326
502 927
503 827
503 1473
504 1267
504 521
504 1090
504 969
504 1171
504 884
504 841
504 543
505 1281
506 1212
506 532
507 847
507 1171
507 698
507 1503
507 637
507 1439
509 1250
509 876
509 1266
510 977
510 1356
511 1131
511 908
511 761
511 1567
512 1152
512 549
512 1165
512 658
512 934
512 1209
512 826
512 1274
512 709
513 608
513 1364
514 614
514 1580
514 665
514 1124
514 1469
515 1569
515 676
515 551
515 1299
515 688
515 569
516 633
517 1048
519 531
519 922
519 702
520 531
521 611
521 1099
521 845
523 643
523 1253
523 691
524 1264
524 997
526 1445
526 621
526 1328
527 1345
527 1162
527 689
528 642
528 1349
528 1255
529 1280
529 891
530 928
530 1001
530 1307
531 1374
532 1092
532 970
532 941
532 1124
532 1342
533 963
533 1343
534 839
534 743
535 773
535 1414
535 1393
535 1096
535 536
536 743
536 875
536 855
536 986
537 1284
537 937
537 1525
538 1290
538 1070
538 911
538 878
539 1155
539 1419
539 1266
539 1443
539 1406
540 774
540 587
540 1549
540 983
540 1162
542 1278
543 931
543 1037
543 882
544 1511
544 1294
544 591
544 1108
544 1333
544 724
545 1497
545 708
547 1350
547 583
547 877
547 949
547 1087
548 607
550 1217
550 1319
550 977
550 1495
550 1117
551 1446
551 1542
551 1264
555 1489
556 835
556 759
556 1554
556 567
558 648
560 1506
560 1259
560 856
562 663
563 1273
564 594
564 1069
565 1313
565 1030
565 1471
566 897
566 1005
566 975
566 754
566 1236
566 1206
566 762
566 954
567 619
567 715
568 1504
568 1089
568 1360
568 605
569 1208
569 1465
570 930
570 1003
570 1426
571 1189
571 752
571 732
572 1437
574 1548
574 1592
574 1502
575 1492
575 1190
576 584
576 777
576 1554
576 649
577 642
577 999
577 1458
577 829
578 924
579 794
579 939
580 656
580 801
580 1263
581 1502
582 1248
582 1261
582 1044
582 1144
582 853
583 1283
583 921
583 895
584 678
584 1451
584 882
585 640
585 1353
585 724
585 1019
585 1022
586 1163
586 670
587 591
588 1570
588 951
590 849
590 994
591 1482
591 1070
591 786
591 703
593 786
593 1397
594 1321
594 1104
594 1202
594 918
596 710
596 1283
597 1058
598 737
598 1031
598 649
598 1229
598 1050
601 752
601 1532
603 687
603 1523
603 723
604 868
605 1463
606 1371
606 913
607 820
608 1038
609 1331
609 929
613 736
613 1188
613 1388
614 1120
614 1466
616 1420
617 1529
617 1134
617 754
617 1555
617 726
617 697
618 1390
618 981
618 1498
621 850
622 767
622 1054
623 803
624 1062
624 972
624 1396
624 1077
626 1346
626 1339
626 904
626 1140
626 635
627 1306
627 956
629 853
631 945
631 1367
631 696
632 1332
632 1004
633 1560
635 1090
635 1477
635 750
635 1135
635 636
636 1263
637 707
638 1346
638 1311
639 1377
639 1382
639 750
639 1007
640 1288
641 1312
641 1318
641 935
641 1323
641 1490
642 1260
642 975
642 702
644 957
645 993
647 966
647 679
647 1258
648 850
648 1247
650 856
650 793
652 705
652 1379
652 1073
652 1471
653 1166
654 1217
654 1219
654 684
654 1146
655 706
658 1596
661 1042
661 915
662 1449
662 1484
662 1416
662 859
663 814
663 735
665 1381
665 1191
665 887
665 1596
666 1573
666 1191
666 1213
667 897
667 1442
667 749
667 1117
667 848
667 1521
667 1436
668 833
668 770
668 1358
668 1018
669 932
669 1538
670 1314
671 1127
671 1048
671 862
674 832
674 1514
675 1415
675 1479
675 733
676 1099
676 775
678 1286
680 917
680 694
680 729
680 767
681 1387
682 880
683 1312
683 718
684 955
686 1008
686 1050
688 833
688 1132
691 903
691 1068
691 1048
691 1178
692 1028
692 746
692 879
692 1585
692 763
693 1524
693 1269
694 1097
694 843
694 1068
694 1149
695 1457
699 827
700 1194
701 1278
701 854
706 881
706 983
708 1352
711 1042
711 1389
712 844
712 1246
713 894
714 1168
714 811
714 732
715 917
715 1239
718 1551
718 792
718 751
719 839
719 1268
719 1339
720 1133
720 1268
720 1577
720 1496
721 758
723 822
725 1324
726 933
726 1254
726 907
727 912
727 1332
727 1049
730 1304
730 1414
731 1137
733 906
734 1221
735 1207
736 1001
736 825
737 834
737 1072
737 914
737 1273
738 1154
738 1470
738 1272
738 1497
740 759
741 932
742 785
743 1162
743 1198
743 1599
744 790
745 1541
746 1004
746 1189
747 791
748 872
748 1288
748 921
748 1403
748 959
749 830
749 797
750 1383
751 972
751 794
751 1533
752 953
754 801
754 1250
754 1585
754 1225
755 1556
755 943
756 1288
759 1576
759 1103
760 1428
762 802
762 1270
762 1533
763 1347
765 1050
766 1501
766 1462
767 1220
767 1566
769 1446
770 1029
770 885
770 1399
770 863
771 1472
771 998
771 1237
776 1556
778 860
779 1303
781 1351
782 889
782 1037
784 1059
784 1353
784 985
784 1370
786 1284
787 835
790 1440
791 881
791 1535
793 985
793 1046
794 1206
795 815
795 1142
795 892
796 1408
798 1522
799 1530
800 1547
802 1301
802 1273
802 1241
803 1489
803 1142
804 1016
805 818
805 1561
805 891
806 1504
806 964
806 849
806 1321
806 1371
807 1485
808 1457
808 1287
811 1252
812 1135
812 880
812 1203
813 1470
814 1433
815 907
815 1200
815 884
815 823
816 1569
816 1063
817 1185
818 1305
819 1560
819 920
819 954
820 1136
821 1181
822 1256
822 1194
822 948
823 1337
826 1499
827 1219
829 1026
830 1546
831 1173
831 1407
832 1100
832 853
833 1464
836 914
836 1214
837 1163
839 1021
841 1588
842 1128
842 1217
843 1587
844 858
844 1052
844 1085
846 930
846 1147
848 1192
849 1302
851 1441
851 1000
851 1298
852 1065
852 1373
853 1359
854 961
854 971
854 1202
854 1243
855 962
858 1017
858 1239
859 1329
861 1569
862 1167
863 1571
866 1565
866 1385
867 1137
867 1402
868 946
868 1279
869 1195
869 1586
869 885
869 891
872 1024
873 1141
874 1129
874 1515
874 1564
874 1438
875 1553
875 1341
875 1183
881 889
883 1170
883 1057
887 1325
889 1112
890 1434
893 1300
895 1040
896 976
896 1206
897 995
898 1443
898 1156
899 1211
900 1104
902 979
903 1025
903 993
903 1362
904 1557
906 1228
906 1037
910 1242
910 1434
912 1109
915 1130
915 1233
915 1087
916 1148
917 1199
917 1009
917 1337
918 1468
919 1314
919 1380
921 978
921 973
922 1071
924 1008
924 1546
924 1169
924 1170
928 1063
928 991
928 1119
929 1188
929 1000
929 1355
929 1331
929 1499
929 1340
931 1381
931 955
934 1526
935 965
937 1559
937 1493
938 1009
939 1285
939 1417
939 1049
939 1083
942 1482
942 1143
942 954
943 1276
944 1243
944 1451
946 1088
946 1151
946 1471
947 1140
949 1018
956 992
956 1003
956 1521
958 1296
962 1305
963 1140
963 1159
965 1583
965 1302
965 1594
966 1595
967 1002
967 1564
969 1045
970 1182
970 1185
973 1291
974 1348
974 1431
974 1535
975 1558
975 1166
975 1423
975 985
977 1051
977 1167
980 1577
980 1518
980 1438
982 1038
982 1130
983 1126
985 1072
986 1375
995 1405
996 1356
997 1438
999 1046
999 1591
1000 1598
1002 1379
1003 1262
1003 1396
1003 1109
1003 1306
1005 1430
1005 1374
1006 1196
1010 1020
1010 1085
1011 1287
1014 1424
1017 1218
1018 1286
1020 1233
1021 1133
1022 1473
1025 1084
1026 1192
1028 1193
1028 1079
1028 1343
1028 1055
1029 1290
1030 1258
1031 1157
1031 1480
1031 1392
1032 1330
1034 1282
1034 1190
1034 1100
1035 1552
1036 1385
1036 1294
1036 1116
1038 1204
1040 1149
1041 1219
1041 1270
1042 1451
1043 1486
1047 1092
1047 1148
1047 1309
1049 1065
1049 1584
1050 1052
1051 1081
1053 1508
1054 1208
1054 1278
1057 1422
1058 1452
1060 1472
1061 1477
1062 1454
1062 1455
1062 1566
1065 1299
1065 1398
1069 1311
1077 1467
1078 1597
1079 1091
1079 1102
1079 1428
1079 1214
1086 1404
1087 1542
1087 1543
1087 1403
1089 1560
1091 1181
1092 1592
1092 1259
1093 1582
1094 1096
1098 1517
1099 1508
1101 1172
1105 1228
1106 1316
1106 1191
1109 1115
1109 1398
1110 1124
1110 1126
1110 1264
1110 1469
1112 1394
1112 1501
1114 1404
1115 1353
1116 1513
1121 1553
1122 1271
1123 1509
1123 1455
1124 1202
1127 1221
1128 1539
1129 1267
1130 1143
1131 1139
1131 1485
1136 1179
1145 1174
1148 1181
1151 1312
1151 1532
1154 1156
1156 1412
1156 1375
1160 1391
1161 1456
1164 1520
1167 1229
1169 1184
1173 1427
1174 1418
1174 1572
1175 1456
1175 1354
1176 1317
1181 1512
1184 1376
1186 1503
1187 1272
1187 1519
1188 1327
1188 1419
1191 1296
1197 1358
1197 1401
1207 1352
1209 1464
1210 1309
1211 1580
1212 1230
1214 1323
1214 1435
1215 1520
1218 1588
1220 1355
1221 1282
1229 1491
1232 1295
1237 1567
1239 1347
1245 1565
1257 1408
1258 1360
1261 1488
1261 1571
1266 1440
1266 1538
1266 1558
1266 1562
1267 1558
1272 1527
1273 1543
1273 1287
1273 1366
1278 1322
1278 1421
1279 1551
1285 1525
1292 1494
1295 1311
1296 1575
1298 1496
1306 1513
1307 1582
1308 1402
1312 1377
1313 1540
1315 1537
1318 1417
1320 1365
1329 1445
1337 1417
1338 1374
1339 1369
1355 1405
1360 1562
1363 1551
1364 1557
1370 1559
1372 1581
1373 1481
1373 1545
1377 1381
1378 1570
1392 1598
1392 1483
1393 1575
1394 1403
1401 1429
1403 1452
1405 1426
1406 1509
1426 1469
1434 1550
1444 1593
1447 1559
1451 1524
1463 1482
1463 1537
1472 1507
1473 1590
1479 1488
1482 1584
1511 1576
1515 1578
1516 1539
1521 1575
1528 1530
1544 1589
1554 1591
