0 1
0 2
0 3
0 4
0 6
0 385
0 8
0 9
0 15
0 17
0 19
0 31
0 34
0 165
0 294
0 40
0 47
0 58
0 59
0 192
0 68
0 328
0 162
0 82
0 85
0 86
0 89
0 131
0 229
0 232
0 105
0 106
0 108
0 111
0 246
0 375
0 213
1 24
1 152
1 164
1 78
2 67
2 5
2 38
2 7
2 156
2 274
2 14
2 178
2 309
2 346
2 28
2 29
3 96
3 259
3 36
3 166
3 289
3 41
3 363
3 12
3 207
3 44
3 18
3 307
3 310
3 23
3 217
3 155
3 253
3 222
4 160
4 199
7 37
7 198
7 104
7 73
7 11
7 13
7 49
7 20
7 361
7 56
7 276
8 224
8 231
8 10
8 139
8 45
8 77
8 16
8 209
8 115
8 22
8 348
8 170
10 35
10 383
13 65
13 386
13 102
14 69
14 135
14 110
14 51
14 334
14 124
14 30
14 63
15 320
16 101
17 98
17 133
17 241
17 342
17 27
18 80
18 216
18 21
18 214
18 88
19 33
19 99
19 193
19 295
19 337
19 143
19 177
19 247
19 285
20 272
21 187
22 355
22 75
22 46
22 25
22 316
22 125
23 32
23 290
23 293
23 358
23 297
23 42
23 142
23 271
23 81
23 277
23 87
23 26
23 91
23 390
23 90
23 95
24 195
24 172
24 179
24 52
24 377
26 227
26 175
26 114
26 60
26 221
27 64
27 392
27 183
27 109
27 83
27 182
27 55
27 379
30 66
30 323
30 39
30 136
30 138
30 43
30 48
30 376
30 319
32 343
33 50
33 116
33 349
33 373
34 212
34 286
36 185
36 157
37 367
37 396
38 287
40 161
40 202
40 84
41 288
41 57
41 336
41 97
42 356
42 340
42 117
42 118
43 322
43 107
43 171
43 141
43 304
43 180
43 249
45 273
45 140
45 301
45 72
45 149
45 61
47 148
47 54
47 79
48 100
48 103
48 144
48 243
48 244
48 53
48 151
48 260
48 250
48 123
48 93
48 159
50 92
51 257
51 71
51 329
51 76
51 372
51 153
52 263
55 292
55 62
58 341
59 70
61 150
62 200
63 128
63 332
63 132
63 190
64 74
64 237
64 254
65 352
67 300
67 205
67 327
69 191
72 280
72 235
72 239
73 368
74 203
75 261
77 248
77 256
77 391
78 210
78 252
78 282
78 169
79 381
81 228
83 184
84 196
87 121
87 275
87 284
88 291
90 234
90 242
90 94
90 298
90 126
91 218
91 359
92 112
92 176
92 362
92 119
94 395
95 357
99 145
99 225
100 120
101 147
102 173
104 339
104 230
105 113
107 311
107 181
107 158
107 245
108 265
108 122
111 134
115 130
115 219
115 387
115 270
116 364
117 127
122 208
125 264
125 312
125 398
125 351
127 129
128 163
129 240
130 168
130 236
132 167
133 154
133 137
135 194
135 370
135 206
136 268
137 215
140 189
145 146
147 278
150 226
154 174
155 251
157 302
161 369
162 197
162 318
164 258
164 303
164 201
170 326
172 393
175 211
177 296
178 188
178 186
184 204
191 267
192 233
192 238
192 281
192 314
192 255
207 325
209 315
209 279
212 299
212 308
216 223
218 220
226 269
229 313
231 317
233 266
234 353
236 397
239 365
243 305
243 306
245 262
249 350
250 371
258 283
258 382
268 333
275 360
280 335
286 345
286 389
290 354
291 344
292 347
293 366
296 324
299 321
304 331
312 399
314 338
320 388
321 380
326 330
327 378
338 374
382 384
388 394
