0 1794
0 3
0 4
0 389
0 6
0 135
0 264
0 1673
0 13
0 16
0 17
0 1810
0 1027
0 1428
0 1006
0 283
0 28
0 1575
0 42
0 171
0 1587
0 53
0 315
0 437
0 845
0 975
0 597
0 1880
0 1114
0 476
0 1127
0 232
0 1276
0 106
0 235
0 238
0 114
0 380
1 384
1 1280
1 3
1 5
1 6
1 7
1 8
1 9
1 10
1 907
1 2190
1 20
1 750
1 151
1 25
1 1160
1 286
1 1414
1 35
1 422
1 37
1 294
1 40
1 811
1 170
1 427
1 300
1 2158
1 559
1 176
1 433
1 1195
1 694
1 56
1 313
1 186
1 2086
1 317
1 322
1 1483
1 324
1 70
1 839
1 458
1 715
1 76
1 77
1 78
1 2131
1 84
1 1529
1 1114
1 992
1 1377
1 229
1 102
1 107
1 1389
1 622
1 829
1 241
1 242
1 2046
1 504
1 468
1 1281
1 1518
2 320
2 3
2 4
2 5
2 601
2 7
2 1672
2 11
2 1752
2 144
2 17
2 18
2 662
2 151
2 924
2 288
2 801
2 1060
2 1061
2 38
2 167
2 1705
2 44
2 1453
2 1456
2 456
2 1074
2 1331
2 935
2 55
2 440
2 57
2 63
2 64
2 928
2 651
2 708
2 2087
2 72
2 841
2 2018
2 1102
2 83
2 213
2 185
2 984
2 473
2 1938
2 1573
2 1504
2 97
2 1913
2 1636
2 2135
2 231
2 105
2 359
2 237
2 1006
2 879
2 1780
2 118
2 1001
2 249
2 1146
2 1919
2 764
2 638
2 255
3 4
3 5
3 6
3 1025
3 8
3 521
3 2058
3 11
3 12
3 13
3 15
3 16
3 1041
3 19
3 22
3 535
3 29
3 30
3 41
3 45
3 1072
3 59
3 1596
3 62
3 63
3 578
3 2118
3 1036
3 586
3 2123
3 79
3 80
3 81
3 514
3 100
3 93
3 612
3 1382
3 1638
3 103
3 615
3 108
3 624
3 629
3 119
3 2170
3 2173
3 127
3 128
3 2050
3 133
3 135
3 140
3 141
3 142
3 147
3 661
3 153
3 667
3 1136
3 1698
3 170
3 1707
3 178
3 1203
3 180
3 183
3 190
3 709
3 207
3 211
3 1761
3 747
3 1269
3 758
3 248
3 1787
3 768
3 263
3 268
3 1293
3 788
3 1306
3 283
3 1822
3 799
3 1824
3 291
3 1324
3 1331
3 835
3 1421
3 1880
3 860
3 352
3 2107
3 358
3 1898
3 381
3 1927
3 909
3 398
3 406
3 1431
3 925
3 421
3 938
3 1969
3 946
3 952
3 74
3 959
3 1984
3 246
3 463
3 984
3 480
4 1413
4 9
4 10
4 523
4 396
4 13
4 14
4 784
4 1348
4 28
4 544
4 163
4 1190
4 40
4 2060
4 1843
4 693
4 438
4 574
4 960
4 11
4 196
4 969
4 714
4 844
4 464
4 760
4 341
4 470
4 1623
4 858
4 109
4 759
4 376
4 125
4 1022
5 517
5 8
5 521
5 19
5 20
5 1046
5 23
5 26
5 31
5 32
5 36
5 37
5 1063
5 1065
5 42
5 1067
5 47
5 49
5 1074
5 55
5 1081
5 58
5 67
5 76
5 1616
5 1107
5 596
5 88
5 90
5 92
5 1632
5 2147
5 103
5 107
5 621
5 111
5 113
5 1043
5 119
5 632
5 633
5 634
5 124
5 1149
5 2178
5 131
5 1558
5 1673
5 1556
5 145
5 2159
5 1701
5 1196
5 685
5 175
5 184
5 191
5 709
5 1222
5 208
5 1797
5 214
5 727
5 230
5 743
5 1260
5 242
5 1578
5 1285
5 215
5 808
5 811
5 302
5 305
5 1330
5 310
5 829
5 332
5 847
5 1750
5 1361
5 1368
5 348
5 361
5 1900
5 885
5 374
5 887
5 1932
5 919
5 1954
5 1461
5 439
5 450
5 977
5 1496
5 482
5 2021
5 1514
6 7
6 525
6 14
6 15
6 16
6 529
6 18
6 2069
6 22
6 1049
6 2074
6 33
6 36
6 1031
6 47
6 1584
6 50
6 1592
6 1084
6 66
6 256
6 2124
6 77
6 1617
6 355
6 89
6 1115
6 1116
6 98
6 613
6 2150
6 1641
6 2155
6 111
6 626
6 105
6 1657
6 125
6 133
6 648
6 25
6 665
6 667
6 1184
6 162
6 1705
6 1707
6 686
6 1212
6 1215
6 1910
6 1235
6 216
6 1572
6 219
6 220
6 1768
6 1260
6 240
6 1321
6 768
6 258
6 265
6 791
6 1755
6 807
6 732
6 308
6 822
6 828
6 1344
6 341
6 1371
6 864
6 867
6 1384
6 880
6 369
6 886
6 1920
6 909
6 1950
6 421
6 943
6 1970
6 966
6 455
6 1484
6 1489
6 986
6 482
6 1516
6 2037
6 681
6 1016
7 512
7 683
7 2097
7 263
7 136
7 9
7 10
7 652
7 140
7 2063
7 656
7 145
7 1938
7 22
7 1687
7 1808
7 793
7 794
7 27
7 30
7 671
7 800
7 161
7 646
7 1959
7 40
7 809
7 426
7 299
7 48
7 1032
7 53
7 54
7 2057
7 313
7 1387
7 444
7 445
7 1982
7 1184
7 715
7 69
7 71
7 840
7 457
7 75
7 461
7 1359
7 1232
7 1963
7 1473
7 1365
7 1238
7 2138
7 859
7 481
7 231
7 233
7 106
7 1383
7 2029
7 1268
7 117
7 1926
7 873
7 2054
8 2056
8 1162
8 143
8 145
8 1731
8 1300
8 21
8 1923
8 1951
8 34
8 1699
8 164
8 1830
8 1395
8 301
8 51
8 309
8 66
8 1475
8 68
8 1861
8 455
8 1993
8 590
8 464
8 83
8 1498
8 15
8 1249
8 1253
8 102
8 17
8 1256
8 1404
8 2030
8 1647
8 2033
8 467
8 123
8 636
9 149
9 2072
9 1172
9 21
9 2070
9 24
9 154
9 1179
9 410
9 159
9 160
9 1200
9 1314
9 1955
9 807
9 129
9 193
9 173
9 944
9 1050
9 51
9 1813
9 565
9 585
9 1211
9 188
9 1341
9 318
9 1855
9 192
9 65
9 1091
9 2117
9 1869
9 73
9 717
9 1103
9 2074
9 1886
9 100
9 60
9 1007
9 446
9 502
9 361
9 123
9 255
10 1351
10 134
10 1288
10 137
10 650
10 12
10 1935
10 1168
10 18
10 148
10 533
10 1991
10 24
10 1947
10 30
10 31
10 673
10 1659
10 1829
10 1450
10 299
10 684
10 814
10 49
10 52
10 53
10 184
10 953
10 704
10 836
10 1095
10 72
10 201
10 1068
10 1080
10 82
10 853
10 86
10 2136
10 1497
10 858
10 506
10 1375
10 1808
10 1147
10 868
10 1385
10 234
10 647
10 1426
10 110
10 1777
10 1784
10 250
10 251
10 1685
11 1408
11 1878
11 12
11 1678
11 279
11 2073
11 1178
11 2075
11 289
11 162
11 172
11 685
11 305
11 54
11 56
11 2143
11 316
11 67
11 454
11 328
11 1826
11 470
11 735
11 352
11 737
11 227
11 1265
11 1275
11 254
12 516
12 265
12 2059
12 1424
12 790
12 281
12 1964
12 304
12 575
12 585
12 74
12 89
12 605
12 272
12 358
12 233
12 754
12 887
12 656
13 128
13 1047
13 269
13 14
13 786
13 21
13 23
13 280
13 26
13 27
13 674
13 942
13 1839
13 564
13 54
13 1721
13 1213
13 1471
13 857
13 1229
13 596
13 469
13 86
13 471
13 217
13 91
13 1372
13 102
13 1391
13 625
13 1138
13 499
13 1013
13 247
14 1732
15 322
15 196
15 325
15 1229
15 1070
15 1656
15 243
15 1620
15 1144
15 998
15 1788
16 512
16 258
16 134
16 264
16 876
16 268
16 1808
16 472
16 259
16 534
16 24
16 25
16 47
16 157
16 31
16 304
16 290
16 36
16 678
16 1152
16 1351
16 173
16 175
16 176
16 1979
16 573
16 179
16 692
16 181
16 2057
16 696
16 59
16 61
16 1845
16 1205
16 966
16 71
16 73
16 203
16 460
16 207
16 1873
16 774
16 1365
16 342
16 377
16 216
16 1388
16 1370
16 2170
16 2064
16 1915
16 1893
16 1383
16 488
16 1129
16 1003
16 492
16 111
16 240
16 1137
16 755
16 245
16 1143
16 761
16 121
16 396
16 1343
16 253
17 385
17 2179
17 132
17 1036
17 781
17 782
17 271
17 913
17 323
17 20
17 1698
17 298
17 812
17 1198
17 1713
17 50
17 949
17 1335
17 56
17 187
17 60
17 1345
17 67
17 328
17 206
17 82
17 984
17 1243
17 1084
17 1811
17 1270
17 379
17 508
18 339
18 580
18 179
18 681
18 522
18 1887
18 2029
18 906
18 1519
18 19
18 120
18 345
18 1252
18 124
18 330
18 1157
18 1119
19 514
19 143
19 1681
19 787
19 593
19 1912
19 1053
19 32
19 1441
19 2092
19 712
19 434
19 1333
19 1850
19 956
19 1342
19 451
19 1352
19 209
19 353
19 81
19 104
19 1901
19 1778
19 888
19 1663
20 1284
20 2058
20 139
20 914
20 403
20 150
20 1176
20 2116
20 1403
20 1564
20 420
20 38
20 551
20 1224
20 52
20 1719
20 1464
20 57
20 1597
20 2114
20 1227
20 1476
20 453
20 200
20 75
20 205
20 468
20 87
20 2144
20 763
20 228
20 229
20 1575
20 1913
20 113
20 373
20 631
20 1291
20 121
20 123
21 132
21 2058
21 407
21 142
21 144
21 147
21 23
21 388
21 525
21 29
21 1239
21 159
21 33
21 1703
21 168
21 428
21 1326
21 431
21 1072
21 1421
21 57
21 59
21 956
21 446
21 448
21 1346
21 1526
21 79
21 80
21 209
21 483
21 213
21 599
21 88
21 94
21 208
21 226
21 99
21 1128
21 1084
21 108
21 2157
21 2158
21 1192
21 528
21 1257
21 1528
22 129
22 130
22 1415
22 1317
22 1884
22 1185
22 1166
22 784
22 402
22 1309
22 1431
22 1177
22 26
22 27
22 29
22 158
22 161
22 475
22 676
22 37
22 39
22 296
22 169
22 938
22 519
22 44
22 1199
22 303
22 819
22 1076
22 94
22 1545
22 1337
22 1723
22 1212
22 1853
22 1854
22 1589
22 451
22 325
22 583
22 1224
22 713
22 2146
22 1489
22 1236
22 2138
22 91
22 1756
22 222
22 357
22 912
22 98
22 612
22 101
22 488
22 874
22 295
22 748
22 493
22 1519
22 368
22 1448
22 373
22 1926
22 1145
22 1274
22 382
23 384
23 139
23 1294
23 45
23 272
23 670
23 35
23 1833
23 1068
23 941
23 2141
23 1075
23 308
23 189
23 76
23 333
23 78
23 207
23 465
23 212
23 733
23 350
23 1889
23 1128
23 1259
23 238
23 498
23 1403
23 1788
23 1021
24 401
24 786
24 924
24 34
24 805
24 52
24 186
24 445
24 959
24 1216
24 1868
24 595
24 1120
24 1889
24 738
24 619
24 61
24 241
24 245
24 319
25 2106
25 598
25 519
25 796
25 1034
25 107
25 562
25 1427
25 1652
25 246
25 761
25 1072
25 220
25 1530
25 1029
26 1924
26 1291
26 1686
26 44
26 2171
26 1978
26 1349
26 333
26 1358
26 85
26 854
26 92
26 483
26 1510
26 231
26 104
26 105
26 746
26 112
26 376
26 379
26 126
27 1410
27 899
27 266
27 1547
27 275
27 1685
27 153
27 538
27 539
27 28
27 1691
27 932
27 1580
27 1073
27 51
27 308
27 1515
27 1219
27 1604
27 197
27 1222
27 2083
27 213
27 1622
27 1623
27 99
27 235
27 1134
27 253
27 2037
27 509
27 127
28 651
28 1804
28 1806
28 274
28 284
28 672
28 425
28 43
28 1117
28 2143
28 65
28 194
28 71
28 78
28 288
28 1144
28 852
28 725
28 86
28 605
28 862
28 607
28 737
28 618
28 236
28 497
28 375
28 248
28 1914
28 1787
29 1024
29 1546
29 153
29 1573
29 39
29 936
29 43
29 45
29 48
29 945
29 314
29 1723
29 842
29 2114
29 74
29 1747
29 84
29 348
29 1379
29 115
29 502
29 1146
30 256
30 1038
30 277
30 919
30 32
30 33
30 34
30 676
30 422
30 42
30 951
30 418
30 77
30 1360
30 82
30 471
30 804
30 1999
30 1116
30 1635
30 38
30 1386
30 367
30 1523
30 756
30 1141
30 1273
30 1194
31 96
31 416
31 195
31 708
31 616
31 1481
31 1356
31 1197
31 1485
31 1586
31 1891
31 1974
31 247
31 122
31 1792
31 101
32 2102
32 1409
32 258
32 387
32 136
32 649
32 1546
32 2171
32 2131
32 1718
32 1301
32 406
32 152
32 1967
32 412
32 2117
32 165
32 39
32 424
32 813
32 1266
32 50
32 435
32 182
32 1975
32 440
32 1594
32 1087
32 65
32 1091
32 1988
32 69
32 70
32 2000
32 83
32 341
32 342
32 1499
32 604
32 222
32 224
32 225
32 99
32 1636
32 359
32 360
32 745
32 106
32 1387
32 1135
32 1648
32 114
32 915
32 1525
32 1001
32 383
32 380
32 127
33 1925
33 1416
33 1289
33 522
33 779
33 269
33 910
33 1425
33 663
33 284
33 158
33 1695
33 1827
33 41
33 1836
33 46
33 1786
33 688
33 307
33 1460
33 55
33 318
33 834
33 1987
33 964
33 840
33 969
33 1482
33 1228
33 1360
33 2002
33 1619
33 600
33 1753
33 1757
33 484
33 486
33 103
33 2024
33 881
33 2174
33 246
33 890
33 796
33 253
33 1022
33 149
34 1260
34 659
34 1070
34 158
34 289
34 1186
34 35
34 425
34 46
34 1457
34 306
34 948
34 567
34 1217
34 836
34 1225
34 591
34 675
34 724
34 85
34 92
34 994
34 614
34 1256
34 236
34 751
34 1139
34 758
34 1916
35 1606
35 609
35 138
35 1751
35 236
35 1058
35 430
35 1421
35 985
36 352
36 1318
36 1097
36 1578
36 268
36 1359
36 690
36 820
36 345
36 90
36 1691
36 1994
37 1604
37 1511
37 330
37 302
37 1651
37 1558
37 1238
38 1665
38 650
38 87
38 1044
38 1816
38 414
38 48
38 1065
38 172
38 304
38 1844
38 58
38 443
38 1674
38 1612
38 588
38 461
38 81
38 1622
38 215
38 169
38 353
38 615
38 1390
38 41
38 1276
39 256
39 2019
39 1350
39 999
39 202
39 1767
39 1277
39 49
39 532
39 1557
40 518
40 137
40 1930
40 1805
40 1799
40 1924
40 282
40 1826
40 165
40 1704
40 426
40 43
40 1580
40 570
40 2110
40 1856
40 87
40 344
40 89
40 739
40 871
40 627
40 1911
40 810
41 1412
41 1857
41 905
41 142
41 1043
41 1689
41 670
41 60
41 449
41 963
41 69
41 971
41 1103
41 84
41 214
41 475
41 355
41 1256
41 1645
41 659
41 885
41 1021
42 1665
42 647
42 1416
42 788
42 1433
42 538
42 160
42 419
42 1190
42 46
42 1086
42 320
42 327
42 353
42 1379
42 360
42 362
42 495
42 1904
42 62
42 1142
42 2039
42 1661
43 1600
43 1028
43 982
43 774
43 2177
43 520
43 141
43 278
43 2112
43 415
43 162
43 291
43 293
43 167
43 1180
43 810
43 477
43 1588
43 952
43 185
43 1083
43 61
43 575
43 320
43 193
43 1856
43 72
43 1357
43 2104
43 342
43 346
43 221
43 95
43 736
43 1636
43 2151
43 232
43 423
43 1772
43 1521
43 370
43 2035
43 2167
43 1401
43 124
43 1407
44 64
44 324
44 844
44 66
44 1773
44 433
44 344
44 860
45 1045
45 2007
45 1118
46 138
46 1807
46 1565
46 1310
46 1583
46 946
46 182
46 695
46 312
46 442
46 1474
46 580
46 1719
46 1612
46 484
46 1509
46 871
46 873
46 371
46 116
46 1271
47 1153
47 1290
47 526
47 783
47 1907
47 1909
47 287
48 1537
48 811
48 644
48 1413
48 390
48 649
48 1419
48 742
48 1946
48 156
48 1444
48 1961
48 135
48 951
48 58
48 70
48 73
48 205
48 845
48 728
48 1231
48 358
48 230
48 1129
48 628
48 1653
48 1654
48 1912
49 641
49 264
49 651
49 1292
49 1805
49 1945
49 665
49 418
49 302
49 818
49 312
49 62
49 2121
49 590
49 1487
49 208
49 741
49 1248
49 1125
49 620
49 1393
49 889
50 290
50 259
50 164
50 1043
50 1292
50 995
50 501
50 1188
51 97
51 862
51 950
51 1996
51 1999
51 721
51 533
51 886
51 1463
51 868
51 382
51 799
52 646
52 1159
52 151
52 1562
52 925
52 673
52 547
52 1317
52 296
52 174
52 1712
52 436
52 821
52 1088
52 1486
52 2000
52 85
52 481
52 483
52 741
52 617
52 1532
53 667
54 1408
54 449
54 450
54 323
54 678
54 198
54 1991
54 429
54 1601
54 1318
54 1650
54 707
54 1620
54 726
54 792
54 1855
54 1340
54 621
55 64
55 68
55 2152
55 296
55 1090
55 1533
55 552
55 339
55 437
55 1896
55 888
55 900
55 1919
55 669
55 1086
55 255
56 163
56 228
56 133
56 239
56 723
56 663
56 412
57 699
58 1840
58 388
58 2087
58 1098
58 210
58 757
58 954
59 1545
59 267
59 2194
59 665
59 1052
59 542
59 1831
59 1197
59 1206
59 190
59 1599
59 455
59 204
59 332
59 849
59 221
59 1246
59 1266
59 501
59 2040
59 635
59 126
60 643
60 2055
60 1000
60 204
61 1539
61 261
61 2054
61 1474
61 1939
61 281
61 928
61 292
61 1193
61 1716
61 956
61 317
61 706
61 1478
61 586
61 462
61 466
61 478
61 117
62 386
62 1157
62 1926
62 391
62 1282
62 1166
62 404
62 792
62 411
62 1438
62 1989
62 1954
62 1828
62 166
62 167
62 1576
62 182
62 824
62 314
62 830
62 63
62 1600
62 323
62 837
62 838
62 460
62 211
62 1505
62 1124
62 116
62 1013
62 1014
62 377
62 1274
62 511
63 96
63 736
63 489
63 1322
63 429
63 1757
63 464
63 946
63 643
63 2014
63 1398
63 2071
63 666
63 1018
64 1414
64 898
64 1295
64 1555
64 1047
64 409
64 670
64 1060
64 2093
64 1591
64 68
64 1207
64 93
64 1122
64 104
64 1907
64 1524
64 117
64 891
64 126
65 636
65 310
65 458
65 1548
65 1231
65 271
65 1745
65 150
65 367
65 95
66 1284
66 773
66 940
66 146
66 415
66 931
66 169
66 1587
66 823
66 698
66 1285
66 1107
66 727
66 2011
66 351
66 1377
66 101
66 360
66 1517
66 622
66 112
66 628
66 251
67 737
67 1026
67 785
67 1000
67 653
67 191
68 1670
68 199
68 2023
68 1998
68 1169
68 498
68 250
68 991
68 156
68 157
68 895
69 1796
69 1928
69 138
69 523
69 1293
69 272
69 1303
69 289
69 1830
69 554
69 301
69 189
69 1089
69 719
69 80
69 851
69 216
69 735
69 1168
69 1380
69 500
70 224
70 618
70 176
70 1452
70 493
70 500
70 1301
70 1982
71 1156
71 520
71 909
71 656
71 787
71 1174
71 1816
71 544
71 1570
71 1705
71 1373
71 1846
71 1860
71 1609
71 203
71 2124
71 334
71 2189
71 337
71 1107
71 474
71 506
71 1631
71 1252
71 743
71 1641
71 492
71 1010
71 118
71 762
71 1661
72 675
72 903
72 270
72 271
72 785
72 852
72 2068
72 859
72 254
72 319
73 96
73 1985
73 1579
73 260
73 1285
73 897
73 812
73 1448
73 75
73 108
73 1672
73 503
73 1688
73 537
73 90
73 381
74 1664
74 773
74 780
74 527
74 161
74 1187
74 1446
74 937
74 1716
74 969
74 1441
74 459
74 1993
74 94
74 223
74 486
74 1129
74 365
74 2160
74 630
74 894
75 2051
75 940
75 908
75 402
75 279
75 163
75 810
75 300
75 2013
75 1841
75 1341
75 1475
75 196
75 202
75 120
75 597
75 605
75 95
75 98
75 625
75 1784
76 130
76 900
76 904
76 2066
76 282
76 798
76 417
76 1061
76 223
76 1438
76 184
76 185
76 955
76 1858
76 710
76 1352
76 715
76 79
76 219
76 1247
76 110
76 629
77 2179
77 900
77 395
77 652
77 143
77 293
77 691
77 564
77 438
77 1211
77 197
77 1223
77 1481
77 339
77 1110
77 604
77 1125
77 2150
77 1774
77 2169
78 1394
78 692
79 225
79 1218
79 517
79 257
79 1704
79 137
79 679
79 1296
79 835
79 146
79 371
79 1206
79 329
79 728
79 570
79 508
79 634
79 1534
80 577
80 988
80 2154
80 492
80 237
80 877
80 1275
80 828
81 1449
81 1508
81 454
81 1160
81 567
81 298
81 471
81 1004
81 112
81 1928
81 114
81 343
81 1498
81 1791
81 671
82 2183
82 1931
82 1692
82 414
82 1695
82 1956
82 1446
82 1959
82 1711
82 990
82 439
82 830
82 838
82 459
82 88
82 346
82 734
82 1950
82 97
82 1637
82 1126
82 1768
82 1134
82 1780
83 2066
83 887
83 1817
83 892
84 523
84 2193
84 530
84 686
84 154
84 1574
84 555
84 172
84 1325
84 174
84 816
84 1459
84 565
84 1718
84 1207
84 1208
84 1085
84 1728
84 203
84 93
84 224
84 1508
84 110
84 627
84 894
85 131
85 1093
85 1608
85 937
85 1314
85 1017
85 1599
86 321
86 198
86 861
87 674
87 2085
87 428
87 204
87 1069
87 115
87 917
87 2134
87 1208
87 954
87 1277
88 1538
88 134
88 1927
88 1552
88 2196
88 1173
88 282
88 796
88 1458
88 314
88 206
88 1502
88 739
88 229
88 870
88 753
88 1012
88 1531
88 1405
89 129
89 930
89 443
89 1220
89 876
89 1386
89 367
89 432
89 1096
89 243
89 276
89 1139
89 567
89 91
89 899
89 701
89 702
90 1702
90 362
90 1969
90 249
91 1967
91 168
91 555
91 719
91 432
91 497
91 178
91 859
92 976
92 195
92 1870
92 1057
92 712
92 170
92 1357
92 206
92 1501
92 880
92 1121
92 146
92 789
92 1528
92 266
93 136
93 1677
93 790
93 431
93 1949
93 113
93 1192
93 1839
93 560
93 194
93 202
93 2129
93 851
93 348
93 1374
93 1759
93 1253
93 1261
93 1009
93 882
93 244
94 865
94 164
94 1270
94 1005
94 109
94 623
94 273
94 660
94 118
94 120
94 1720
94 252
94 1470
95 1282
95 356
95 1959
95 557
95 623
95 1555
95 1203
95 438
95 122
95 351
96 480
96 647
96 394
96 1131
96 1996
96 365
96 589
96 1106
96 1618
96 1077
96 247
96 890
96 540
96 414
97 2181
97 1548
97 386
97 655
97 1424
97 1561
97 1560
97 409
97 1691
97 1820
97 2084
97 1061
97 295
97 2089
97 171
97 180
97 457
97 193
97 201
97 470
97 484
97 100
97 505
98 704
98 2049
98 1316
98 869
98 1479
98 587
98 910
98 1680
98 2072
98 307
98 980
98 2068
98 888
98 1332
98 1338
98 1019
98 574
99 364
99 1776
99 1177
99 254
100 769
100 1154
100 1550
100 152
100 387
100 533
100 280
100 297
100 555
100 940
100 561
100 1076
100 1220
100 197
100 1495
100 856
100 1882
100 349
100 742
100 624
100 245
100 504
101 962
101 261
101 1702
101 642
101 365
101 175
102 1034
102 1806
102 399
102 1749
102 763
102 1887
103 704
103 578
103 356
103 487
103 456
103 1445
103 2127
103 1671
103 205
103 893
103 818
103 1369
103 1914
103 1979
103 2053
103 125
103 1662
103 645
104 165
104 328
104 330
104 668
104 1434
105 2181
105 141
105 275
105 408
105 923
105 294
105 179
105 1471
105 130
105 1096
105 1738
105 335
105 594
105 1112
105 1374
105 744
105 1644
105 369
105 1915
106 777
106 398
106 273
106 150
106 671
106 1835
106 560
106 1081
106 1725
106 1598
106 1095
106 1864
106 1744
106 1247
106 1888
106 609
106 486
106 1002
106 237
106 1654
106 1273
107 225
107 326
107 778
107 1415
107 1541
107 109
107 717
107 593
107 1894
107 953
107 121
107 410
107 1467
107 894
107 1055
108 262
108 168
108 945
108 476
108 1237
109 1472
109 2178
109 1034
109 782
109 1556
109 536
109 932
109 1068
109 1458
109 1459
109 2101
109 1719
109 1595
109 192
109 962
109 1357
109 1614
109 1620
109 343
109 2084
109 1639
109 1642
109 241
109 499
109 148
109 639
109 1279
110 641
110 1543
110 1035
110 140
110 400
110 408
110 1051
110 1058
110 292
110 812
110 183
110 119
110 1372
110 1762
110 1252
110 115
110 759
110 122
110 1663
111 240
111 291
111 1511
111 363
111 1613
111 931
111 515
111 116
111 181
111 918
111 311
111 803
111 934
111 475
111 189
111 2068
111 2037
112 416
112 452
112 454
112 201
112 1418
112 174
112 847
112 1540
112 637
113 128
113 1568
113 1124
113 518
113 1193
113 1419
113 978
113 2004
113 1734
113 594
113 1811
113 1685
113 214
113 1591
113 281
113 1696
113 1744
113 543
114 227
114 806
114 1393
114 1288
114 939
114 2104
114 1490
114 878
114 1327
114 1202
114 340
114 628
114 633
114 152
114 313
114 1338
114 1807
114 608
115 160
115 2144
115 420
115 919
115 1296
115 689
115 852
115 1174
115 409
116 1031
116 908
116 1501
117 1699
117 650
117 1046
117 157
118 801
118 779
118 584
118 1194
118 551
118 434
118 685
118 210
118 211
118 1686
118 1079
118 312
118 569
118 1099
118 1951
119 1067
119 2160
119 1207
119 824
119 1149
120 336
120 356
120 1480
120 777
120 1098
120 2188
120 911
120 144
120 403
120 212
120 1463
120 504
120 988
120 1971
121 1872
121 688
121 194
121 548
121 1710
121 1328
121 2041
121 1748
121 799
122 608
122 2114
122 1367
122 1196
122 749
122 435
122 311
122 252
122 1342
123 843
123 192
124 516
124 456
124 463
124 1745
124 1625
124 154
124 604
124 442
125 712
125 803
126 571
126 452
126 1095
126 425
126 284
126 2109
127 1028
127 935
127 1225
127 2006
127 1464
127 378
127 1148
128 132
128 261
128 753
128 139
128 569
129 1921
129 473
129 131
129 292
129 220
129 1783
129 556
129 718
129 1951
129 1488
129 2139
129 1299
129 346
129 443
129 156
129 442
129 478
129 1599
130 283
130 731
131 995
131 1638
131 1255
131 1193
131 2175
131 177
131 1251
131 1972
131 1210
131 1915
131 1905
131 831
132 827
132 552
132 266
132 972
132 301
132 1170
132 1283
132 564
132 1142
132 1859
132 155
132 1564
132 509
132 766
132 1279
133 226
133 615
133 488
133 1161
133 1963
133 1106
133 1426
133 1648
133 664
133 178
133 596
133 2198
133 1307
133 1628
133 1503
134 802
134 901
134 654
134 1781
134 537
134 2044
134 2149
135 2180
135 166
135 199
135 393
135 714
135 1975
135 1740
135 1583
135 1874
135 195
135 659
135 1271
135 570
135 1642
135 543
136 1712
136 243
137 1795
137 1814
137 390
137 1545
137 783
137 147
137 276
137 406
137 535
137 1833
137 684
137 331
137 587
137 1112
137 2013
137 482
137 739
137 1520
137 370
137 631
137 507
138 1026
138 1677
138 148
138 149
138 1181
138 1349
138 423
138 177
138 1842
138 188
138 1086
138 846
138 597
138 1239
138 217
138 993
138 744
138 2108
138 1008
138 1778
138 884
138 764
138 1406
139 611
139 877
140 1313
140 1706
140 2154
140 1263
140 884
140 277
140 1177
140 244
140 1853
141 608
141 577
141 419
141 1455
141 2002
141 309
141 1899
141 1615
142 452
142 155
142 861
143 1184
143 705
143 582
143 1097
143 690
143 1814
143 1944
143 1843
143 1906
144 2079
144 682
144 563
144 1813
144 1686
144 155
144 412
144 405
145 321
145 687
146 1057
146 453
146 393
146 331
146 1090
146 760
147 1609
147 705
147 645
147 1365
147 617
147 394
147 1151
147 1361
147 1542
147 441
147 472
147 345
147 698
147 287
147 1596
147 957
147 319
148 1042
148 515
148 325
148 1766
148 391
148 1288
148 1929
148 1021
148 1420
148 559
148 368
148 1649
148 1958
148 813
148 636
148 362
148 517
149 1155
149 1675
149 1039
149 1429
149 1561
149 2076
149 1309
149 1566
149 159
149 166
149 2119
149 1590
149 696
149 884
149 827
149 574
149 1313
149 987
149 244
149 377
149 2042
150 1890
150 936
150 363
151 1643
151 904
151 363
151 269
152 611
152 199
152 329
152 1239
152 536
152 187
152 447
153 288
153 290
153 1161
153 418
153 381
153 1085
153 1625
154 642
154 324
154 551
154 340
154 491
154 866
154 1640
154 177
154 740
154 260
154 1754
154 1406
155 1059
155 684
155 506
156 1442
156 1606
156 1633
156 171
156 1487
157 1632
157 528
157 1099
157 326
157 337
157 1576
157 391
157 1325
157 273
157 2155
157 1227
157 444
158 1888
158 1789
158 422
158 669
158 572
158 637
159 419
159 742
159 649
159 749
159 1614
159 2125
159 1680
159 499
159 2132
159 215
159 1496
160 736
160 1408
160 1995
160 1384
160 371
160 1132
160 1198
160 2064
160 1108
160 1054
160 822
160 183
160 889
160 186
160 1852
160 922
160 510
160 191
161 1281
161 238
161 1679
161 1201
162 2048
162 1154
162 773
162 1320
162 2154
162 589
162 1230
162 1197
162 403
162 2036
162 309
162 1613
162 347
162 798
163 259
163 1029
163 392
163 270
163 1812
163 2053
163 1953
163 547
163 181
163 955
163 1468
163 1605
163 198
163 591
163 467
163 350
163 1507
163 366
163 2031
163 1402
163 380
163 509
164 1825
164 804
164 262
164 263
164 713
164 1991
164 460
164 595
164 1462
164 1624
164 2119
164 477
165 424
165 2028
165 951
165 332
165 334
165 989
165 180
165 759
165 1688
165 1689
165 698
165 1307
165 413
166 228
166 1510
166 2092
166 338
166 2195
166 2137
166 571
167 1977
167 1138
168 354
168 1903
168 1380
168 357
168 1918
168 200
168 620
168 1386
168 619
168 173
168 1410
168 349
168 945
168 1971
168 372
168 2043
168 285
168 190
169 298
170 864
170 359
170 723
170 598
171 1378
171 1955
171 293
171 1254
171 1465
171 393
171 1130
171 2091
171 2028
171 1326
171 561
171 1874
171 1987
171 276
171 457
171 985
171 1210
171 639
172 299
172 1368
172 188
173 462
173 520
173 658
173 728
174 1346
174 1721
174 831
175 802
175 1948
175 267
175 898
175 1457
175 1586
175 947
175 1337
175 217
175 1733
175 637
176 1602
176 297
176 1426
176 1488
176 694
176 1175
176 187
176 893
177 1796
177 1995
177 1683
177 1462
177 221
177 222
178 1698
178 2052
178 1807
178 2006
178 1146
178 668
179 579
179 2003
180 557
180 724
180 1943
181 1164
181 1561
181 990
182 1509
182 494
182 1372
183 513
183 714
183 592
183 1588
183 1015
183 624
183 316
183 317
184 230
184 262
184 1644
184 396
184 1594
184 2046
185 1125
185 447
185 285
185 1023
186 802
186 451
186 1700
186 1164
186 878
186 655
186 368
186 336
186 1667
186 501
186 2005
186 315
186 1469
186 1304
186 831
187 355
187 1649
187 490
187 1809
187 343
187 252
188 512
188 1048
189 450
189 227
189 1892
189 1527
189 875
189 1847
189 699
190 1099
190 2113
191 576
191 1140
191 630
191 823
191 1150
192 338
192 306
192 927
193 581
193 518
193 1768
193 1194
193 1864
193 1494
193 1433
193 347
193 701
194 209
195 1297
195 911
196 1984
196 297
196 1002
196 2093
196 495
196 251
196 1258
196 1246
197 673
197 962
197 260
197 730
198 1410
198 200
198 1834
198 402
199 1381
199 1671
199 1956
199 1721
199 1883
199 1189
200 1465
200 411
200 990
201 1248
201 424
201 1963
201 1005
201 430
201 2166
201 2042
202 257
202 315
202 1412
202 1094
202 1356
202 611
202 1334
202 603
202 924
203 2132
203 903
203 327
203 968
203 2025
203 1132
203 1679
203 210
203 1429
203 473
203 219
203 1181
203 1182
204 549
204 401
204 277
205 1447
205 872
205 280
205 1947
206 234
206 1621
206 662
206 507
207 2021
207 710
207 395
207 1870
207 815
207 1362
207 275
207 532
207 920
207 1815
207 1662
208 1025
208 1746
208 1541
209 705
209 1411
209 1553
209 968
209 1329
209 218
209 285
209 949
210 744
210 361
210 223
211 1728
211 617
211 212
211 1173
211 824
211 1625
211 218
211 573
211 1503
212 1282
212 1894
212 1638
212 1432
212 1877
213 226
213 1525
213 750
213 305
213 2002
213 2135
213 440
213 1276
213 1109
213 863
214 1016
214 1577
215 274
215 333
215 1490
215 1527
216 545
216 1102
216 2102
216 249
217 717
217 1219
217 845
217 1848
217 1165
217 369
217 370
217 562
217 1241
217 1176
217 601
217 218
217 603
217 541
217 474
217 1311
218 384
218 977
218 265
218 2061
218 1104
218 408
218 477
219 1090
219 582
219 294
219 584
219 2185
219 589
219 278
219 959
219 1820
219 1221
219 709
220 768
220 772
220 257
220 524
220 1425
220 791
220 413
220 550
220 1192
220 427
220 1466
220 1483
220 726
220 350
220 1123
220 1318
220 232
220 1395
220 372
220 2165
220 374
220 1031
220 764
220 383
221 1487
221 1439
222 907
222 1549
222 539
222 540
222 1437
222 926
222 1704
222 557
222 710
222 1735
222 329
222 718
222 1236
222 1230
222 1370
222 349
222 606
222 1119
222 1123
222 740
222 239
222 1529
223 1932
223 941
223 848
223 722
223 725
223 1113
223 920
223 761
223 2011
223 957
223 1909
224 1057
224 1635
224 548
224 1985
224 680
224 463
224 538
224 1103
225 1317
225 2023
225 397
225 274
225 503
226 2063
226 375
227 322
227 491
227 1701
227 1771
227 376
228 235
228 632
228 267
228 401
228 875
228 986
228 1275
229 707
229 1590
229 295
229 366
229 2072
229 536
229 242
229 1011
229 1302
229 1332
229 476
229 287
230 1867
230 388
230 233
230 522
230 485
230 1975
230 1662
230 1737
230 441
230 682
230 286
230 351
231 601
232 996
232 485
232 998
232 2089
232 1366
232 1860
232 1030
233 713
233 234
233 939
233 973
233 916
234 581
234 876
234 2128
234 1304
234 1433
234 1338
234 1724
235 1871
235 743
236 239
237 496
237 1137
237 436
237 2169
237 1598
238 738
238 357
238 364
238 1265
238 629
238 2102
238 697
238 378
238 1917
238 1221
239 775
239 303
239 1328
239 248
239 695
239 635
240 1952
240 321
240 2063
240 335
240 2099
240 1653
240 1466
240 732
241 1863
241 1845
241 662
241 638
242 1189
242 519
242 1452
242 1309
243 1092
243 385
243 2082
243 1060
243 1865
243 1003
243 588
243 270
243 592
243 1064
243 1844
243 250
243 1340
244 480
244 1345
244 1871
244 2020
244 1225
244 1737
244 914
244 1257
244 1647
244 1937
244 338
244 1684
244 983
244 1657
244 602
244 507
244 766
245 1472
245 1059
245 614
245 1294
245 469
246 588
246 563
246 530
246 307
246 278
246 1144
246 1087
246 383
247 417
247 1254
247 2025
247 494
247 400
247 337
247 530
247 1397
247 439
247 722
247 316
248 481
248 546
248 868
248 630
248 1825
248 1884
248 841
248 682
248 877
248 336
248 1234
248 1237
248 374
248 279
248 1113
248 1071
249 1741
249 782
249 568
249 722
250 392
251 389
251 531
251 340
251 311
251 2078
252 2171
252 502
252 1133
252 466
252 566
252 1660
253 770
253 1348
253 825
254 366
254 978
254 532
255 544
255 1988
255 1159
255 430
255 2101
255 2084
255 1916
256 389
256 840
256 1322
256 1637
256 527
256 2014
256 1862
256 958
256 599
256 1785
256 1343
256 700
256 415
257 590
257 687
257 1268
257 1973
258 1255
258 459
258 397
258 949
258 1405
258 286
259 487
259 747
259 1485
259 1526
259 1336
260 996
260 716
260 974
260 335
260 948
260 1678
260 822
260 664
261 1494
261 1161
261 1259
261 462
261 1742
261 790
262 1321
262 855
262 1111
262 510
263 832
263 1961
263 458
263 300
263 781
263 1102
263 437
263 856
263 1525
265 1732
265 1529
265 378
266 1922
266 1083
267 1345
268 901
268 999
268 489
268 1258
268 558
268 2133
268 1015
268 1209
268 1886
268 447
269 2057
270 1354
270 619
270 716
270 1552
270 593
270 562
270 1881
270 505
270 1050
270 347
270 541
270 318
270 1128
271 733
271 385
272 1366
272 677
272 2103
272 1966
272 1302
272 828
273 2106
274 550
274 1512
274 1336
275 964
275 933
275 870
275 1200
275 1172
275 1145
275 837
276 2195
276 303
276 1395
276 310
276 765
277 644
277 326
277 903
277 331
277 2126
277 1839
277 979
277 789
277 585
278 1576
278 1778
278 1075
279 658
279 1430
279 1178
279 926
280 1312
280 1509
280 981
280 1656
280 510
281 581
281 817
281 1257
281 1651
281 791
282 2161
282 500
282 1655
283 2118
283 1254
283 716
283 1923
283 1044
283 1724
284 1921
284 1800
284 407
284 1725
285 535
285 1089
287 816
287 1009
287 2198
288 513
288 771
288 1542
288 1799
288 1212
288 1363
288 1132
288 1506
288 494
288 632
288 306
288 627
288 373
288 2153
288 472
288 666
288 703
289 420
289 584
289 426
289 400
290 524
291 2185
291 586
291 334
291 410
291 701
291 926
292 1986
292 902
292 1158
292 1011
292 2167
293 1157
293 971
293 1450
293 718
293 756
293 692
293 1853
294 1728
294 1314
294 1383
294 1329
294 1655
294 1273
295 1510
295 1514
295 525
295 691
297 354
297 785
297 1908
297 1630
297 479
298 721
298 809
298 2055
298 1038
298 1170
298 980
298 953
299 1417
299 1007
299 850
300 1572
300 1533
301 660
301 1818
302 1242
303 674
303 1769
303 898
303 783
303 657
303 1897
303 825
303 1626
305 1403
305 941
305 1134
305 687
305 2160
305 754
305 1652
305 758
305 719
305 572
305 1565
305 1055
306 327
306 2157
306 375
306 1566
307 416
307 676
307 1478
307 390
307 1609
307 1964
307 1581
307 526
307 1444
307 2107
308 1153
308 1883
308 1444
308 2120
308 397
308 942
308 465
308 2139
308 1397
308 762
309 1092
309 2031
309 1223
309 930
309 1970
309 399
309 829
311 556
311 2030
311 529
311 1683
312 664
313 1253
314 2119
314 1235
314 1596
315 613
316 1537
316 610
316 1348
316 2117
316 1227
316 534
317 2080
317 1877
318 1793
319 1027
319 646
319 1495
319 1228
319 1101
319 2125
319 431
319 1643
319 1942
319 1303
319 1401
319 1050
319 1885
319 1598
319 511
320 935
320 872
320 398
320 1104
320 1912
320 819
320 1080
320 542
320 1503
321 1889
321 1124
321 778
321 1170
321 1491
321 537
322 1766
322 1607
322 841
322 1008
322 1391
322 1556
322 827
322 413
323 514
323 1382
323 934
323 379
323 382
323 1055
324 449
324 1868
324 1489
324 789
325 579
325 364
325 2034
325 1939
326 496
326 1981
327 1857
327 546
327 395
327 1990
327 1191
327 749
327 1454
327 1459
327 1650
328 1796
328 1267
328 1607
328 844
328 563
328 436
328 1402
328 1407
330 1568
330 2115
332 960
332 1601
332 825
333 1440
333 1801
333 1802
333 1745
333 468
334 1616
334 423
334 848
334 1283
334 1014
335 1424
335 1165
335 1748
335 1143
336 417
336 387
336 1867
336 558
336 1891
336 1240
336 794
337 1541
337 2118
337 534
337 1631
338 1374
339 929
339 1797
339 1559
339 554
339 1451
339 972
339 1747
339 1298
339 344
339 985
339 1018
339 479
340 777
340 1458
340 1079
342 354
342 1347
342 1875
342 1570
342 1039
342 978
342 531
342 1940
342 1306
342 571
342 1451
343 730
344 992
344 1443
344 485
344 490
344 444
344 1213
344 805
345 1030
345 967
345 1201
346 1706
346 839
346 1482
346 1684
346 893
347 1702
347 545
348 1376
348 2088
348 1209
349 1505
349 2116
349 752
350 1806
350 405
350 795
350 2079
351 582
353 1152
353 1936
353 1522
353 1162
354 832
354 1249
354 578
354 1101
354 1263
354 2032
354 1001
354 407
354 1339
355 386
355 934
355 691
355 863
356 2177
356 1158
356 1160
356 572
356 1737
356 1272
356 1385
356 2120
356 1148
357 1219
357 505
357 1370
358 819
358 404
358 1623
358 1305
358 1501
358 1790
359 806
359 489
359 1835
360 2181
360 493
360 2196
360 1078
360 1642
360 703
361 753
361 1518
361 399
361 1073
362 524
362 1329
362 1046
362 923
363 474
364 896
364 1744
364 580
364 906
364 592
364 883
364 1974
364 600
364 1850
364 411
364 2140
365 967
365 2124
365 1069
365 432
365 568
366 1024
366 2145
366 1770
366 1163
366 372
366 1502
366 503
366 794
367 677
367 750
367 1752
367 1564
367 1245
368 448
368 1011
369 428
369 1033
370 2083
370 820
370 2008
370 892
371 587
372 1571
372 740
372 1491
372 634
373 521
374 1032
374 1289
374 1559
374 1065
375 640
375 780
375 527
375 1905
375 1149
375 830
376 1028
376 882
376 2014
377 1442
377 1526
377 776
377 970
377 626
377 1142
377 696
377 1750
378 1760
379 1191
379 1645
379 626
379 435
379 797
380 516
380 427
380 1264
380 2019
380 757
380 1082
381 405
381 479
382 1053
383 392
383 1136
384 1791
384 1404
385 1600
385 648
385 814
385 755
386 1506
386 805
386 529
387 1358
387 793
387 1082
389 997
389 1387
389 1004
389 2061
389 1486
389 1682
389 541
390 1152
390 755
390 568
390 947
391 1250
391 1287
391 1674
391 2018
392 2081
392 1763
392 1736
392 394
393 672
393 800
393 675
393 1233
393 1105
393 511
394 1597
394 495
395 1628
395 1467
395 873
395 1262
395 1330
395 1364
395 1371
395 508
395 1151
396 528
396 905
396 2075
397 1764
398 1445
398 2192
398 1811
398 539
398 1567
399 616
399 1006
399 1299
399 762
400 546
400 711
400 429
400 1521
400 1998
401 1957
401 490
401 497
401 820
402 1505
402 2198
402 553
402 843
402 1520
402 1362
402 404
402 1780
403 644
403 461
403 1666
403 446
404 448
404 2081
404 1543
404 554
404 779
404 938
404 991
405 1027
405 469
405 854
406 1986
406 616
406 1773
406 666
406 1180
406 767
408 1464
408 746
409 642
409 1988
409 837
409 1740
409 1890
409 878
409 657
410 1579
410 843
410 1202
411 865
411 2082
411 547
411 708
411 746
411 496
411 1411
411 1627
412 603
413 706
413 487
413 1585
413 1554
413 1398
413 1335
414 1840
414 421
415 1827
415 1236
415 1817
415 1562
415 1404
416 769
416 610
416 1025
416 679
416 1512
416 1771
416 930
416 942
416 916
416 1902
416 1082
417 1956
417 1580
417 1080
417 1020
418 1617
418 2138
419 576
419 515
419 599
419 955
420 1794
420 1587
422 553
422 1802
422 1231
422 752
422 1010
422 1461
423 1656
423 2043
424 1665
424 1794
424 465
424 1714
424 1683
424 441
424 1658
424 677
425 1536
425 1923
425 645
425 1639
425 842
425 797
425 1457
425 1523
425 734
425 1594
425 445
425 453
426 1554
426 556
427 640
427 643
427 776
427 683
427 1272
427 1928
427 2035
427 1208
428 747
430 1162
430 1739
430 1100
430 720
430 433
430 1145
431 1363
431 1430
431 1341
432 1761
432 434
432 1369
433 2113
433 1544
433 620
433 1803
433 1832
433 498
433 565
433 923
433 669
433 1630
434 2189
434 1138
434 663
435 2055
435 1000
435 2194
435 1054
436 1009
436 1355
436 654
436 817
437 908
438 931
438 553
438 2161
438 1779
438 1172
438 1590
438 1272
438 1204
440 2147
440 808
440 694
440 757
441 1733
441 560
441 1140
442 583
443 1650
443 633
443 1150
444 801
444 1291
444 2094
444 950
444 695
445 2003
447 2060
447 721
448 896
448 658
448 1751
448 703
449 552
449 1903
449 2005
449 1215
450 1472
450 939
450 466
450 732
451 1739
451 1392
451 594
451 1139
452 1895
452 1418
452 1942
452 1755
452 1180
453 889
454 1714
454 1388
456 595
458 1709
458 690
458 922
459 864
459 897
459 1569
459 973
459 1873
459 1546
460 848
460 549
460 1126
460 1960
460 2159
462 751
462 883
462 1558
465 1036
465 467
465 1023
465 1340
465 607
467 1070
467 654
467 1209
467 1245
468 912
468 1967
469 769
469 849
469 1611
469 1073
469 2038
470 1920
470 994
470 491
470 904
470 1482
470 2130
470 566
471 635
472 478
474 771
474 1030
474 809
474 1258
474 1379
474 1919
474 543
475 1639
475 729
475 1083
476 1679
476 981
477 1226
477 2060
477 689
477 1235
478 1105
478 598
478 697
479 1537
479 1922
479 583
480 1056
480 549
480 614
480 660
480 1782
480 1158
481 576
481 1731
481 2053
481 1841
484 1828
484 1066
484 793
486 1346
487 853
487 1020
487 989
488 1062
488 1513
488 1169
490 1759
491 738
491 781
491 2040
494 513
494 1062
494 1391
495 1400
496 579
496 1589
497 929
497 2049
497 1223
497 910
497 686
498 609
498 1581
498 1200
499 937
499 1836
501 2041
502 1782
502 2012
503 561
503 600
503 2011
504 1354
504 2042
505 2112
505 2185
505 1323
505 1085
506 1176
506 1922
508 1779
509 997
509 973
509 526
509 1997
509 1171
509 2093
509 1731
510 641
510 993
510 618
510 1831
510 558
510 1917
510 2096
510 1048
510 786
510 1786
510 573
511 727
511 1574
512 545
512 653
512 1584
512 540
513 2113
513 1315
513 653
513 693
515 866
517 640
517 1511
517 1111
517 1399
517 1432
518 1774
518 1015
518 602
518 1373
518 575
519 1593
519 711
519 808
519 725
519 1591
521 1730
521 648
521 1327
521 2056
521 995
521 856
521 890
521 1797
523 1056
523 1186
523 921
524 874
524 1869
525 1269
525 1171
525 1453
525 531
525 1205
525 1279
526 954
527 1565
528 1040
528 1730
528 688
529 1440
530 883
530 2027
531 1474
531 1875
531 1204
532 958
532 542
533 1858
533 1093
533 1851
534 610
534 860
534 2199
534 1676
534 1300
534 745
535 2110
535 902
536 1933
536 1927
537 1248
537 933
537 1447
537 1515
537 657
537 724
537 1321
537 1244
537 1855
538 1506
538 804
538 1449
538 621
538 1140
538 892
539 1287
539 622
539 566
539 1781
540 1961
540 1548
540 974
540 720
541 569
541 1274
541 734
542 2163
542 729
542 607
543 550
543 1004
543 591
543 1106
543 1431
543 1113
543 1243
543 702
543 2111
544 1076
545 992
545 1475
545 548
545 1706
545 1907
545 886
545 1987
545 606
546 1989
546 652
546 917
547 1056
547 961
547 1100
547 1038
547 754
547 1774
547 1054
548 559
548 2069
549 961
549 1003
549 1165
549 891
551 1862
551 625
551 915
551 1819
551 2045
552 2165
553 1409
553 1396
554 797
555 1569
555 907
555 1196
555 602
555 1242
556 1067
556 2047
557 1608
557 1041
557 733
558 577
558 707
558 613
558 1832
558 1773
558 1167
558 1041
558 1619
558 763
558 2141
558 1669
559 792
560 1842
561 867
561 1734
561 680
561 1866
561 1352
561 2099
562 1741
562 1077
562 1886
563 729
564 2050
564 1135
564 1969
564 661
564 735
565 678
565 1326
565 623
565 885
565 639
566 1538
566 835
566 1350
566 807
566 855
566 1042
566 821
566 631
566 1720
566 1241
566 1722
566 1727
566 798
566 1077
567 1696
567 1262
567 1277
568 1782
568 795
568 862
570 774
570 1776
570 2197
572 1617
572 2024
572 1066
572 1846
574 1037
574 2013
574 2195
574 1364
574 957
574 2005
575 1002
575 1709
575 1978
575 1311
576 1440
576 944
576 803
576 1849
577 612
577 780
577 943
577 1078
578 928
578 836
578 1993
578 1809
579 872
579 1804
579 1045
579 1971
580 1312
580 1187
580 1418
580 2098
580 1422
580 821
580 982
580 1562
581 1897
582 1407
583 2125
583 1490
583 1910
583 1563
584 857
585 770
585 661
586 965
586 1066
586 1163
586 1261
586 1123
586 766
587 901
587 999
587 1575
587 1460
587 693
588 1824
588 838
588 745
588 1388
589 1536
589 1659
589 1422
589 826
590 2123
591 1232
591 1973
591 1214
592 1315
592 2033
592 1100
592 1513
592 2137
592 1827
592 668
592 606
593 1186
593 1668
593 1879
593 1626
594 1899
594 1456
594 2012
594 1821
595 2001
595 815
595 2096
595 1649
595 1810
595 1694
596 1473
596 1155
596 1854
597 778
597 1763
598 1801
598 1547
598 1005
598 1785
598 920
598 1373
599 1994
599 1586
600 965
600 1353
600 788
600 917
600 1493
601 1153
601 1557
602 1188
602 2188
602 1789
605 1092
605 850
605 2166
606 1310
607 770
607 1539
607 679
607 1195
607 1484
607 850
607 1652
607 1334
608 1243
608 1646
608 787
608 1269
608 1339
608 731
609 772
609 1224
609 2163
609 1819
609 1432
609 1019
611 921
612 832
612 1284
612 1414
612 905
612 1612
612 976
612 916
612 681
612 1723
612 1597
613 1496
614 896
614 1504
615 851
615 2135
616 2018
616 925
617 846
618 1964
618 1603
619 1400
619 1681
619 638
620 1120
620 1347
620 1278
621 1353
621 2123
621 655
621 1151
622 1392
623 1141
623 1007
624 1156
625 2163
625 1299
625 1369
625 895
626 752
626 1749
626 1941
627 2121
628 933
628 1544
628 1368
628 1375
631 1121
631 2049
631 979
631 1929
631 2105
631 863
633 702
635 1064
635 1422
636 1722
636 1435
636 1535
637 1261
638 1051
638 1960
639 1267
639 1786
639 2047
639 767
640 1173
641 1062
641 2078
641 882
641 1198
641 950
641 1079
641 699
641 1948
643 672
643 960
643 1316
643 2062
644 1104
644 1754
645 1420
646 1569
646 1805
646 818
646 1247
647 1887
648 1543
648 967
648 1114
649 771
649 2030
649 723
650 1965
650 1014
650 2105
650 1658
651 1601
652 1829
652 998
652 879
653 1240
653 826
653 1053
654 1866
654 2043
654 1661
655 706
655 1443
655 966
655 871
655 1516
655 1175
655 1753
655 700
656 1375
657 993
657 1122
657 1764
657 961
657 1994
657 1499
657 991
658 697
658 775
660 1885
660 1567
661 1320
661 1294
661 1521
662 1462
662 952
662 927
663 1355
663 1813
663 989
664 1019
664 1645
664 795
664 1500
665 1242
666 1989
666 1126
666 1039
666 1629
667 1218
667 1990
667 680
667 748
667 2146
667 1017
667 1852
668 906
668 1583
668 1852
669 1508
669 1320
669 1962
669 1105
669 1694
669 1892
670 1701
670 1266
670 1497
670 1755
672 683
672 2142
673 1188
673 1315
674 1954
674 1292
674 1743
675 1952
675 1289
676 1616
676 760
676 2139
676 1117
676 1278
677 2176
677 996
677 1930
677 968
677 1032
677 1530
679 1621
680 1436
680 1428
681 689
681 806
682 1536
682 1040
683 2047
684 834
684 918
684 726
684 1182
685 897
685 775
685 1226
685 1881
686 1154
686 711
686 1560
688 1495
690 1995
690 772
690 902
690 1063
690 1559
690 1361
690 1520
690 913
690 2099
690 948
690 1078
690 1337
690 1118
691 1181
691 700
694 1992
695 869
695 2034
695 915
697 1641
697 2032
697 977
697 2164
700 1522
700 1735
701 1634
701 2017
701 1234
701 1237
702 865
702 1381
702 784
703 1538
703 1156
703 2130
703 1336
704 2192
704 1147
704 767
705 2177
705 1507
705 1540
705 2162
705 1394
705 765
706 1127
706 2142
707 816
707 1417
708 881
709 1120
709 1190
709 1454
709 881
709 1155
709 1879
709 1795
709 1183
710 1696
710 1347
710 776
710 874
710 720
710 982
711 1675
711 1775
712 1094
712 1075
712 1110
713 1938
713 1049
714 1319
714 1303
714 1081
714 730
714 1883
715 936
715 1163
717 1448
718 2038
719 2140
719 975
721 833
721 1281
721 1837
721 1840
721 1654
723 1148
727 1389
728 731
728 2187
728 1979
728 861
729 756
729 855
729 1215
730 813
731 1308
731 741
732 1121
732 1607
732 1137
732 1847
732 2142
733 1058
734 800
734 2100
735 1259
735 1708
735 1110
735 1244
736 1675
736 1809
736 849
736 2183
738 834
738 1694
739 1669
739 748
739 2126
739 1265
739 1174
740 1762
740 1668
740 1093
740 839
740 842
740 751
741 870
741 1980
743 833
743 854
743 1727
744 1455
745 1324
745 765
746 1455
748 1762
749 2122
749 912
749 1048
750 1331
750 1013
750 2172
751 1589
752 970
752 1111
753 1435
753 1965
754 1633
754 1514
754 1187
754 1052
755 899
755 817
755 2019
756 2133
757 1517
757 1841
757 2103
757 1020
758 1750
760 1249
761 1290
762 1515
763 833
763 911
763 1968
763 1330
763 1819
763 1436
765 1734
765 1931
765 1333
766 1582
767 815
767 1233
767 1781
767 2104
767 2073
767 1087
768 866
768 1419
769 1441
769 994
769 1563
770 1795
770 1717
772 1400
772 1983
773 1630
773 847
774 1674
774 914
774 1047
775 1882
775 1246
777 1167
777 2009
777 1342
778 1560
779 1220
780 1029
780 1553
780 1045
781 2112
781 2156
781 1973
782 1376
782 1608
782 1769
782 1401
782 1854
783 1632
783 932
784 1412
784 2045
785 1150
786 1096
786 1059
787 1878
788 1629
789 2190
789 823
790 1437
790 879
791 2048
791 2176
791 2168
792 1539
792 2188
792 1119
793 1042
793 1012
793 981
794 1513
795 2193
796 963
796 1842
796 1776
796 1682
796 1493
796 983
797 853
797 1507
798 2015
799 1037
799 846
799 1399
799 2015
800 1660
801 1359
801 826
801 2095
801 1788
802 1169
802 1429
802 983
802 1918
803 1480
803 1423
803 1532
805 2081
805 1671
805 814
805 918
805 1724
806 1262
807 1280
807 1091
807 987
809 1356
809 1453
809 1684
809 927
810 964
810 1779
810 2136
811 1371
811 2094
812 1697
812 1122
812 1619
813 1869
813 1201
813 857
815 1382
816 1845
818 2065
818 1615
818 1655
818 1913
819 1216
819 1753
820 1477
820 1286
820 2059
820 1228
821 1689
822 1748
823 1185
823 1828
823 1895
823 2137
823 922
824 1203
824 1577
824 1135
824 880
824 1206
824 2040
824 986
825 2073
825 975
828 858
828 1485
829 1798
829 1167
829 1008
830 1766
830 1477
831 1396
831 965
832 2087
832 947
833 867
833 1290
833 2028
833 1339
833 1178
834 1800
834 979
834 1846
834 1469
835 1016
837 1381
838 1738
839 2111
840 1633
841 2007
842 1792
842 2048
842 875
842 1622
842 1305
842 1436
844 2083
844 1551
844 1297
845 1502
845 2021
846 1133
847 1360
847 1932
847 1647
848 913
848 1863
849 1098
849 974
850 1191
850 1818
851 1251
851 1767
851 1010
853 1423
853 2070
853 921
854 1088
854 1760
854 1171
854 1333
856 1026
857 1199
858 1814
861 1214
861 895
862 1185
862 2156
862 1363
862 1754
863 1831
863 971
863 1244
864 2091
864 1179
866 869
866 1233
866 1955
866 1783
866 2075
867 1133
868 2157
868 1109
868 1821
869 1136
870 929
870 1690
871 976
872 2065
872 1837
873 1179
875 1143
876 1280
876 2191
876 2067
877 1398
877 1631
878 963
878 1350
878 944
878 891
878 988
879 1581
880 943
881 987
883 2182
884 1966
884 1101
886 1131
887 1891
887 1355
887 972
887 1423
887 1210
887 1183
888 1319
888 1722
889 1777
889 1166
889 1328
889 1108
889 1944
890 1397
890 1627
890 1437
891 1202
893 1906
894 1790
895 1018
898 1354
899 1168
901 1751
902 1830
904 1452
905 1022
906 1937
907 1851
908 1308
908 1644
909 1626
910 1834
910 2078
911 1071
911 1268
911 1241
911 1727
916 1933
917 1296
917 1618
918 2158
918 958
919 1378
919 1573
919 1735
919 1493
921 1250
921 1064
921 1164
921 1199
921 1115
922 1871
922 1378
924 1789
925 1033
925 1687
926 2000
927 1439
928 1037
928 2169
928 2074
929 1069
929 1970
929 1950
930 1327
932 1588
935 2069
935 2173
937 1112
937 1957
938 1481
943 2168
944 970
944 1742
945 1313
945 1712
945 1017
946 1736
946 2029
946 1488
946 1049
947 1610
947 1118
947 1439
949 1711
950 1286
951 1393
951 1366
952 2109
954 1611
956 1615
956 2046
957 2131
957 1413
957 1578
957 1976
957 2108
957 1450
958 1703
960 1793
960 1394
960 1943
960 1948
961 1614
961 1089
962 1012
962 1476
963 1293
964 1634
964 1463
964 2186
965 1713
965 1286
966 1962
968 1660
968 1785
969 997
969 1456
969 1653
969 1945
969 1182
970 1415
971 1052
972 1063
972 1960
972 1555
972 2194
972 980
972 1115
972 1628
976 1240
976 1621
978 1195
979 1710
980 1595
982 2017
984 1540
984 1205
984 1563
985 1358
985 1040
985 1966
986 1534
988 1466
989 1406
990 1074
990 1550
991 1518
992 1097
992 1071
992 1713
992 1332
992 2009
994 1667
994 1905
994 1211
995 1802
996 1454
998 1528
998 1044
998 1848
999 1116
999 1367
1000 1666
1004 1859
1004 1094
1004 1267
1006 1700
1006 1640
1006 2122
1008 1603
1008 1709
1008 1535
1010 1637
1010 1035
1010 1657
1011 1720
1011 1610
1013 1130
1013 1301
1013 1023
1014 1024
1014 1570
1014 1483
1014 1858
1014 2161
1014 2197
1015 1920
1015 1033
1017 1298
1017 1801
1018 1130
1018 1930
1019 1088
1019 1035
1019 1838
1019 1263
1020 1392
1020 1323
1021 1574
1022 1051
1022 1389
1025 1443
1026 1860
1026 1624
1026 1304
1027 1761
1027 1353
1027 1434
1030 1427
1032 1740
1033 1524
1035 1946
1035 1218
1037 1399
1038 1283
1038 1835
1042 1832
1043 1958
1043 1974
1043 1758
1044 1812
1045 1613
1047 1606
1047 1904
1047 1362
1047 1592
1047 2086
1048 1305
1051 2026
1051 1492
1052 2115
1054 1430
1057 1635
1057 1949
1058 1214
1059 1896
1059 1834
1059 2096
1060 1848
1061 1729
1061 1435
1061 1308
1063 2095
1063 1109
1066 1311
1068 1390
1073 2051
1075 1821
1076 1942
1076 1742
1077 2130
1078 1302
1079 1902
1081 1264
1081 1553
1082 1567
1083 1500
1085 1953
1085 2148
1085 1566
1088 1287
1088 1899
1088 2191
1088 1108
1088 1494
1089 1217
1089 1646
1089 1658
1090 2022
1090 1497
1090 1725
1091 1131
1092 2064
1092 1476
1094 1213
1099 1897
1099 1877
1099 1726
1100 2182
1100 2159
1101 2020
1101 1127
1101 1417
1101 1367
1101 1983
1103 1117
1104 2122
1105 1230
1105 1445
1106 2153
1107 1306
1107 1229
1108 1141
1109 2143
1110 1882
1110 1319
1111 1344
1113 1234
1114 2010
1116 1968
1117 1486
1117 1428
1117 1726
1119 1323
1119 1147
1121 1730
1121 1335
1122 1217
1122 1582
1122 1651
1123 2001
1123 1425
1123 1850
1124 1500
1124 1726
1127 1468
1128 1733
1128 1159
1128 2183
1129 1300
1129 1710
1130 1568
1130 1551
1130 1527
1131 1823
1133 2080
1133 1349
1133 2186
1133 1812
1133 1605
1135 1416
1135 1278
1136 1962
1136 1264
1136 1593
1137 1885
1139 1532
1140 1777
1140 1189
1142 1491
1142 1939
1143 1451
1144 2182
1144 1517
1145 1924
1145 1226
1145 2196
1145 1595
1145 1663
1150 1298
1150 1909
1151 1643
1153 1711
1155 1255
1156 1707
1158 1904
1161 1232
1161 1344
1162 1765
1164 1183
1165 1618
1165 1175
1166 1271
1171 1384
1171 1238
1171 1949
1172 1604
1175 1312
1175 1343
1177 1221
1178 1216
1178 2052
1179 1251
1180 2088
1180 2089
1182 1498
1186 1585
1186 1552
1186 2133
1186 2151
1187 1204
1187 1965
1188 1935
1191 2085
1191 1531
1194 1351
1195 1325
1197 1582
1198 1708
1199 1484
1200 1603
1200 1741
1200 2008
1201 1669
1202 1427
1205 1409
1206 1557
1207 1534
1208 1530
1211 1765
1211 2034
1211 2162
1212 1952
1213 1822
1213 1918
1214 1322
1214 2105
1214 1434
1214 1693
1215 1921
1215 2022
1215 1756
1216 1324
1217 1222
1219 2020
1219 1799
1220 1250
1220 1533
1220 1759
1221 1997
1221 1297
1224 2186
1224 2165
1226 1678
1227 1851
1227 1977
1228 1334
1229 1245
1230 1420
1232 1738
1234 1682
1237 1729
1237 1310
1239 1844
1240 1865
1241 1316
1241 1758
1248 2151
1248 1908
1249 1611
1250 1377
1250 1798
1250 2129
1250 1849
1250 1592
1251 1764
1251 1295
1251 1880
1251 1380
1252 1758
1254 2016
1254 2061
1254 1934
1255 1676
1255 2031
1255 1872
1255 1270
1256 1295
1257 1460
1258 1715
1259 1829
1259 1980
1261 1664
1261 1449
1263 1307
1263 1605
1264 1906
1265 1670
1266 1648
1266 1469
1267 1390
1268 1492
1269 1847
1271 2006
1272 1480
1272 2121
1274 1522
1274 1687
1275 2126
1276 1402
1276 1447
1278 1551
1279 1820
1281 1504
1281 1664
1281 1478
1282 1810
1284 1695
1287 1972
1287 1958
1293 1833
1294 1376
1294 1903
1294 1364
1295 1442
1295 1981
1296 1602
1299 1934
1299 1692
1299 1823
1300 1572
1300 2095
1300 1977
1301 1396
1302 1990
1303 1933
1303 2036
1303 1693
1304 1998
1304 2067
1304 1815
1304 2107
1309 1411
1310 2038
1310 2070
1318 1468
1318 1524
1318 1910
1322 1499
1323 1579
1324 1461
1326 1688
1326 1479
1334 1791
1335 1477
1338 1681
1338 1629
1341 1718
1342 1680
1343 1976
1343 2024
1344 1894
1344 2184
1344 1549
1344 2094
1344 1438
1345 1544
1348 1405
1351 2065
1351 1446
1356 2097
1357 2045
1359 1531
1362 1901
1362 2062
1362 1911
1363 1697
1363 1765
1363 1479
1363 2088
1363 2132
1367 1856
1367 1634
1367 1837
1367 1715
1367 1717
1368 1385
1369 1471
1372 1865
1372 1550
1376 1976
1377 2039
1377 1729
1378 1908
1380 1693
1383 1519
1383 1980
1389 1746
1390 2179
1390 2190
1390 1690
1392 1890
1392 1670
1392 2036
1395 2026
1398 2082
1398 2150
1398 1739
1399 1640
1407 1473
1410 1547
1412 1978
1420 2085
1422 1893
1424 1792
1424 1571
1424 2003
1425 1876
1425 2041
1426 2008
1427 1985
1428 2016
1428 1757
1430 2017
1430 1703
1430 1673
1430 1470
1432 1535
1433 1732
1433 2174
1434 1523
1435 1824
1435 1896
1436 1898
1437 2172
1437 1516
1438 2022
1441 2192
1441 1945
1441 1467
1443 1826
1443 1968
1443 2035
1443 1822
1444 1996
1444 1743
1444 2101
1444 2071
1444 2168
1444 1465
1444 2100
1446 1697
1447 2054
1449 1893
1450 2027
1452 2144
1452 1470
1453 1775
1454 1577
1454 1714
1456 1771
1456 1690
1460 1677
1468 1937
1468 1667
1472 2170
1473 1593
1477 1512
1477 1798
1480 1772
1484 1699
1484 1940
1484 1492
1486 1542
1487 1892
1487 1767
1487 1743
1487 1752
1490 1736
1490 1584
1490 1627
1491 2134
1494 1624
1494 1549
1495 1936
1500 1823
1504 2178
1506 1747
1506 1935
1507 1825
1507 1585
1508 1803
1510 2051
1515 1803
1515 1602
1517 2164
1518 1659
1521 2076
1521 2175
1522 1554
1523 1770
1527 1715
1527 1804
1528 2120
1529 2009
1530 1770
1532 2090
1534 2197
1537 1668
1541 1879
1543 2025
1543 2092
1550 1692
1550 1946
1553 1868
1554 1898
1555 2145
1555 1861
1556 1676
1557 1708
1561 1571
1561 2091
1561 1790
1562 2164
1566 1999
1569 1981
1571 1911
1571 1815
1572 1716
1572 1925
1573 1800
1575 2172
1575 2086
1576 1816
1576 1610
1583 1929
1583 1957
1587 1763
1594 2015
1594 1817
1597 1884
1600 1870
1601 1769
1601 1838
1603 1672
1607 2071
1611 2100
1612 1925
1612 1783
1615 2176
1617 2077
1620 1941
1621 1646
1623 2173
1627 1793
1637 1700
1640 1983
1640 2156
1641 1772
1646 1787
1646 2007
1647 1746
1654 1760
1660 1784
1660 1953
1661 1836
1661 1666
1662 1992
1662 2059
1662 2010
1665 1717
1666 1859
1670 1864
1671 2039
1671 1916
1672 1936
1673 1838
1674 1900
1678 1863
1681 1873
1682 2110
1689 2180
1698 1867
1699 1874
1701 1878
1702 2004
1702 1818
1705 2108
1708 2180
1712 1944
1713 1872
1713 2001
1714 2023
1714 1901
1715 1986
1716 2152
1721 2062
1730 1756
1732 2153
1733 1862
1735 1843
1744 1749
1763 1775
1765 2109
1768 1857
1777 2147
1779 1861
1782 1984
1783 1947
1783 2167
1789 2191
1792 2148
1798 1900
1800 2010
1809 1972
1809 2189
1811 1934
1813 2067
1814 1941
1815 2134
1816 2129
1816 1931
1823 2116
1830 1866
1831 2016
1831 2193
1837 1876
1838 2155
1839 1849
1841 2128
1842 2136
1845 1876
1845 1917
1849 2103
1850 1902
1855 2012
1857 1875
1860 2141
1861 2026
1862 1888
1864 1992
1866 1881
1874 2097
1874 2199
1876 2044
1879 2052
1880 1914
1880 2166
1881 1982
1882 1943
1884 2066
1884 1895
1885 2033
1889 2050
1892 2080
1903 2090
1903 2056
1903 2076
1906 2027
1911 2175
1911 2127
1913 2004
1929 2145
1935 1940
1942 2106
1948 2077
1953 2032
1954 2199
1956 2187
1969 2152
1969 1997
1973 2187
1999 2162
2021 2184
2027 2098
2027 2044
2036 2149
2037 2090
2037 2077
2041 2079
2046 2115
2049 2127
2056 2128
2064 2184
2069 2140
2069 2098
2077 2148
2081 2146
2100 2111
2108 2149
2128 2174
