0 4
0 5
0 6
0 8
0 12
0 13
0 15
0 16
0 20
0 31
0 33
0 34
0 36
0 1030
0 1062
0 39
0 1066
0 555
0 45
0 559
0 57
0 1594
0 60
0 575
0 586
0 78
0 79
0 1720
0 601
0 604
0 1631
0 619
0 110
0 112
0 1470
0 118
0 120
0 124
0 639
0 140
0 142
0 143
0 622
0 165
0 170
0 684
0 177
0 184
0 187
0 188
0 1730
0 1739
0 198
0 715
0 212
0 1238
0 727
0 689
0 1250
0 744
0 234
0 245
0 249
0 253
0 1281
0 1287
0 779
0 1134
0 274
0 1373
0 280
0 1306
0 286
0 290
0 293
0 314
0 322
0 836
0 325
0 330
0 339
0 852
0 654
0 855
0 1882
0 349
0 352
0 1890
0 355
0 872
0 1734
0 884
0 375
0 376
0 377
0 386
0 388
0 390
0 1417
0 1418
0 397
0 1428
0 405
0 1432
0 416
0 929
0 432
0 435
0 439
0 440
0 958
0 1781
0 1488
0 902
0 1003
0 1532
0 509
1 4
1 5
1 6
1 7
1 10
1 11
1 12
1 14
1 17
1 30
1 35
1 38
1 1577
1 43
1 49
1 51
1 1588
1 55
1 1081
1 59
1 71
1 73
1 76
1 79
1 82
1 1038
1 106
1 1133
1 1136
1 119
1 123
1 125
1 192
1 1163
1 1170
1 155
1 156
1 159
1 1191
1 1718
1 187
1 188
1 1216
1 1219
1 1230
1 719
1 1237
1 1751
1 736
1 740
1 231
1 744
1 233
1 238
1 253
1 255
1 783
1 273
1 277
1 288
1 1317
1 561
1 1320
1 1833
1 305
1 1845
1 838
1 331
1 1359
1 340
1 228
1 1389
1 1394
1 388
1 901
1 402
1 410
1 421
1 1448
1 438
1 439
1 461
1 975
1 1492
1 472
1 479
1 1022
2 4
2 5
2 6
2 8
2 18
2 1814
2 279
2 1432
2 28
2 673
2 36
2 176
2 51
2 820
2 311
2 191
2 1217
2 67
2 328
2 201
2 343
2 473
2 350
2 226
2 356
2 101
2 230
2 104
2 105
2 1776
2 382
2 376
2 1401
2 254
3 4
3 905
3 50
3 219
3 92
3 1023
4 5
4 7
4 9
4 12
4 1037
4 15
4 16
4 17
4 18
4 19
4 20
4 21
4 23
4 25
4 26
4 29
4 517
4 34
4 39
4 40
4 43
4 50
4 1588
4 1077
4 1536
4 65
4 67
4 70
4 71
4 72
4 524
4 1099
4 1100
4 77
4 591
4 81
4 1116
4 1121
4 1634
4 103
4 105
4 1639
4 621
4 111
4 628
4 119
4 1661
4 134
4 137
4 109
4 150
4 1691
4 1182
4 166
4 1703
4 169
4 1194
4 173
4 1881
4 185
4 701
4 193
4 1218
4 1223
4 201
4 203
4 716
4 205
4 722
4 1655
4 218
4 1244
4 1758
4 224
4 738
4 229
4 1772
4 241
4 1278
4 255
4 1286
4 1543
4 777
4 1292
4 1806
4 279
4 795
4 285
4 288
4 293
4 295
4 1320
4 298
4 300
4 309
4 310
4 1673
4 1343
4 325
4 1862
4 842
4 1880
4 1369
4 1883
4 348
4 1885
4 1887
4 871
4 1389
4 881
4 376
4 890
4 1410
4 1411
4 393
4 1437
4 421
4 1753
4 1312
4 948
4 1462
4 442
4 957
4 447
4 449
4 1482
4 472
4 474
4 478
4 997
4 495
4 1011
4 1529
4 1534
5 6
5 7
5 8
5 13
5 15
5 16
5 19
5 20
5 21
5 22
5 23
5 24
5 27
5 1567
5 32
5 33
5 549
5 39
5 42
5 1069
5 47
5 49
5 56
5 95
5 61
5 575
5 64
5 66
5 1025
5 74
5 75
5 1104
5 1617
5 1108
5 85
5 1111
5 1551
5 607
5 96
5 102
5 104
5 106
5 109
5 114
5 116
5 631
5 121
5 1661
5 128
5 1046
5 136
5 138
5 140
5 1167
5 149
5 1176
5 154
5 155
5 157
5 161
5 165
5 183
5 186
5 1212
5 1725
5 702
5 191
5 192
5 193
5 1222
5 718
5 1234
5 1235
5 218
5 225
5 226
5 1542
5 238
5 242
5 243
5 244
5 248
5 256
5 1793
5 273
5 282
5 283
5 1308
5 1317
5 808
5 305
5 312
5 828
5 322
5 1761
5 652
5 1365
5 364
5 367
5 373
5 896
5 395
5 397
5 413
5 416
5 1525
5 960
5 473
5 475
5 487
5 492
5 1009
5 501
5 511
6 1259
6 518
6 7
6 9
6 10
6 13
6 14
6 493
6 144
6 17
6 1684
6 1171
6 20
6 21
6 22
6 280
6 26
6 28
6 866
6 30
6 692
6 32
6 1313
6 1188
6 808
6 1250
6 44
6 1453
6 46
6 1245
6 688
6 1050
6 435
6 52
6 670
6 55
6 568
6 308
6 58
6 1055
6 1597
6 556
6 321
6 770
6 225
6 1611
6 77
6 1767
6 464
6 721
6 1874
6 467
6 84
6 214
6 89
6 90
6 93
6 357
6 97
6 98
6 928
6 101
6 1041
6 1005
6 236
6 365
6 110
6 240
6 371
6 118
6 660
6 380
6 149
7 1664
7 130
7 8
7 9
7 11
7 1432
7 14
7 15
7 280
7 18
7 1172
7 1557
7 406
7 535
7 24
7 537
7 538
7 1711
7 414
7 1823
7 544
7 1569
7 262
7 1446
7 1137
7 40
7 41
7 938
7 1574
7 1702
7 48
7 136
7 884
7 59
7 1340
7 575
7 833
7 67
7 1831
7 966
7 552
7 1225
7 518
7 206
7 463
7 721
7 338
7 83
7 139
7 981
7 89
7 91
7 378
7 351
7 1303
7 353
7 101
7 104
7 747
7 907
7 237
7 1134
7 1136
7 488
7 1440
7 500
7 119
7 121
7 122
7 636
7 1834
7 1743
7 127
8 768
8 885
8 9
8 10
8 11
8 908
8 141
8 911
8 18
8 1171
8 788
8 22
8 24
8 26
8 1307
8 1436
8 986
8 1056
8 35
8 164
8 37
8 1878
8 296
8 681
8 42
8 519
8 1837
8 46
8 49
8 50
8 52
8 982
8 1082
8 315
8 1738
8 575
8 450
8 1111
8 1862
8 1351
8 73
8 805
8 1783
8 334
8 1104
8 1745
8 84
8 642
8 727
8 88
8 90
8 1210
8 223
8 1123
8 740
8 998
8 790
8 106
8 1898
8 1384
8 1140
8 117
8 759
8 351
8 1667
8 682
8 127
9 1152
9 515
9 645
9 10
9 12
9 1561
9 303
9 1683
9 1300
9 405
9 1047
9 1048
9 25
9 283
9 28
9 669
9 1173
9 33
9 630
9 943
9 164
9 293
9 550
9 39
9 297
9 1672
9 43
9 44
9 946
9 1540
9 47
9 1329
9 1032
9 449
9 1011
9 1630
9 182
9 1720
9 313
9 186
9 1418
9 555
9 321
9 961
9 453
9 966
9 199
9 1489
9 210
9 1327
9 213
9 984
9 1882
9 1117
9 94
9 223
9 225
9 226
9 1125
9 871
9 1769
9 999
9 492
9 82
9 1262
9 240
9 755
9 374
9 1067
9 1727
9 469
10 1024
10 516
10 11
10 13
10 14
10 16
10 17
10 533
10 22
10 24
10 537
10 27
10 29
10 32
10 1057
10 35
10 36
10 38
10 41
10 557
10 1071
10 1072
10 562
10 51
10 1077
10 55
10 56
10 571
10 1596
10 1599
10 64
10 66
10 581
10 72
10 585
10 587
10 592
10 81
10 83
10 1109
10 89
10 770
10 605
10 610
10 102
10 617
10 112
10 113
10 626
10 627
10 630
10 634
10 123
10 686
10 704
10 130
10 1157
10 1675
10 141
10 145
10 151
10 1437
10 669
10 1710
10 164
10 166
10 679
10 1704
10 174
10 175
10 180
10 693
10 183
10 187
10 191
10 192
10 1215
10 714
10 204
10 888
10 1571
10 222
10 223
10 1258
10 1268
10 248
10 766
10 1279
10 258
10 259
10 1796
10 1286
10 642
10 1458
10 1810
10 1812
10 792
10 1305
10 799
10 1318
10 811
10 301
10 1328
10 309
10 1847
10 319
10 322
10 327
10 1352
10 330
10 1362
10 1875
10 342
10 350
10 864
10 354
10 1379
10 365
10 367
10 373
10 376
10 378
10 381
10 1415
10 1419
10 918
10 1431
10 413
10 419
10 1351
10 431
10 944
10 946
10 444
10 1099
10 971
10 1487
10 1528
10 1188
10 1503
10 483
10 489
10 1874
10 1006
10 1519
10 504
11 785
11 787
11 23
11 536
11 282
11 1567
11 160
11 34
11 1060
11 297
11 1195
11 1324
11 431
11 306
11 53
11 54
11 705
11 1597
11 321
11 706
11 329
11 288
11 594
11 83
11 728
11 1882
11 1885
11 1893
11 96
11 1853
11 1512
11 1130
11 850
11 367
11 1833
11 381
12 271
12 1553
12 19
12 1175
12 1304
12 25
12 27
12 925
12 159
12 34
12 803
12 40
12 1846
12 439
12 31
12 1289
12 190
12 1525
12 1344
12 577
12 69
12 328
12 588
12 1618
12 469
12 1878
12 355
12 868
12 615
12 232
12 105
12 492
12 112
12 1256
12 1683
12 62
12 506
12 507
12 383
13 21
13 27
13 1565
13 545
13 553
13 47
13 51
13 52
13 53
13 573
13 579
13 68
13 582
13 1610
13 587
13 1102
13 85
13 96
13 113
13 1650
13 1139
13 1148
13 1156
13 1167
13 146
13 661
13 150
13 1176
13 665
13 1184
13 163
13 1190
13 680
13 114
13 207
13 1745
13 224
13 228
13 232
13 235
13 1772
13 240
13 257
13 1286
13 1291
13 788
13 279
13 281
13 285
13 1322
13 1327
13 304
13 307
13 1848
13 1851
13 565
13 834
13 328
13 1870
13 312
13 1889
13 1891
13 875
13 881
13 831
13 388
13 1174
13 902
13 399
13 915
13 917
13 929
13 930
13 932
13 422
13 454
13 460
13 462
13 466
13 1500
13 990
13 1504
13 1016
13 1019
13 1022
14 214
14 267
14 782
14 271
14 856
14 530
14 19
14 814
14 662
14 1070
14 921
14 794
14 1435
14 1436
14 30
14 32
14 803
14 1670
14 679
14 685
14 46
14 1422
14 178
14 563
14 52
14 56
14 436
14 1595
14 63
14 320
14 897
14 395
14 68
14 1267
14 200
14 74
14 78
14 208
14 568
14 213
14 86
14 87
14 88
14 356
14 1498
14 527
14 348
14 1530
14 1249
14 482
14 1403
14 100
14 485
14 1297
14 779
14 1494
14 1525
14 364
14 110
14 1007
14 1648
14 242
14 787
14 757
14 1402
14 1252
14 1277
14 1790
14 725
15 288
15 290
15 771
15 929
15 810
15 621
15 593
15 117
15 769
16 777
16 217
16 665
16 158
16 419
16 36
16 551
16 298
16 685
16 1713
16 1203
16 181
16 955
16 447
16 462
16 89
16 443
16 1769
16 490
16 107
16 1399
16 383
17 1797
17 783
17 1040
17 153
17 167
17 41
17 557
17 302
17 47
17 688
17 1585
17 316
17 705
17 1867
17 1359
17 211
17 271
17 1127
17 489
17 756
17 1660
18 129
18 134
18 139
18 785
18 530
18 275
18 278
18 132
18 1062
18 1700
18 262
18 294
18 1194
18 683
18 44
18 566
18 58
18 317
18 190
18 1218
18 707
18 822
18 198
18 74
18 587
18 77
18 483
18 340
18 1881
18 1756
18 1757
18 98
18 99
18 613
18 1390
18 246
18 1031
18 122
18 1021
18 1662
19 1409
19 130
19 747
19 520
19 1666
19 911
19 1703
19 1831
19 152
19 25
19 410
19 283
19 158
19 31
19 673
19 802
19 1051
19 37
19 295
19 169
19 428
19 1074
19 773
19 1845
19 696
19 1465
19 59
19 1468
19 360
19 67
19 456
19 330
19 203
19 204
19 930
19 463
19 1833
19 209
19 722
19 1187
19 596
19 85
19 854
19 1752
19 98
19 1508
19 232
19 1130
19 551
19 751
19 624
19 113
19 242
19 1523
19 1527
19 249
19 250
19 1534
20 264
20 909
20 398
20 150
20 535
20 920
20 285
20 773
20 547
20 424
20 299
20 45
20 29
20 184
20 1850
20 187
20 1866
20 1472
20 68
20 842
20 1869
20 80
20 81
20 1107
20 985
20 94
20 245
20 1782
20 759
20 126
21 264
21 1545
21 650
21 1557
21 23
21 792
21 281
21 794
21 28
21 157
21 1822
21 31
21 37
21 38
21 1586
21 178
21 824
21 314
21 188
21 61
21 1344
21 74
21 631
21 460
21 909
21 1491
21 1750
21 90
21 1755
21 94
21 1762
21 678
21 1386
21 627
21 116
21 375
21 1145
21 1663
22 512
22 737
22 219
22 455
22 1345
22 75
22 1232
22 1247
22 80
22 1152
22 1731
22 773
22 870
22 347
22 159
22 1646
22 95
23 1030
23 1032
23 1805
23 1172
23 516
23 668
23 1824
23 547
23 1829
23 1447
23 42
23 814
23 434
23 819
23 1076
23 699
23 1269
23 66
23 580
23 331
23 209
23 83
23 92
23 478
23 1126
23 1645
23 880
23 1141
23 118
23 511
24 385
24 427
24 44
24 908
24 527
24 920
24 1684
24 403
24 148
24 152
24 1562
24 284
24 1669
24 1569
24 1570
24 35
24 804
24 37
24 40
24 43
24 172
24 45
24 48
24 515
24 648
24 1069
24 393
24 1592
24 1209
24 1466
24 444
24 1451
24 318
24 833
24 194
24 69
24 82
24 1235
24 1854
24 135
24 1776
24 677
24 830
24 357
24 359
24 233
24 1511
24 237
24 495
24 112
24 241
24 510
24 374
24 1273
24 1276
24 1405
24 254
24 639
25 256
25 386
25 263
25 139
25 1296
25 532
25 26
25 284
25 161
25 552
25 1456
25 1267
25 1076
25 54
25 1475
25 545
25 1234
25 76
25 336
25 210
25 211
25 1748
25 725
25 216
25 915
25 93
25 877
25 1522
25 627
25 1556
25 1532
26 647
26 30
26 142
26 143
26 1168
26 274
26 662
26 663
26 795
26 414
26 33
26 418
26 292
26 1689
26 1836
26 1453
26 302
26 542
26 695
26 1722
26 59
26 60
26 451
26 964
26 1737
26 1740
26 333
26 208
26 1360
26 1746
26 1501
26 1632
26 80
26 1255
26 106
26 1005
26 493
26 1137
26 628
27 1728
27 774
27 1419
27 147
27 663
27 1220
27 1818
27 1224
27 29
27 542
27 517
27 1697
27 1443
27 241
27 840
27 310
27 823
27 1590
27 58
27 830
27 1600
27 66
27 1731
27 324
27 197
27 199
27 584
27 1097
27 589
27 206
27 593
27 850
27 595
27 597
27 726
27 729
27 1251
27 229
27 1510
27 1873
27 616
27 1640
27 618
27 1388
27 1393
27 497
27 1651
27 1015
27 507
27 1662
27 255
28 1408
28 644
28 652
28 1299
28 418
28 550
28 937
28 42
28 50
28 692
28 57
28 1089
28 1740
28 204
28 854
28 1593
28 353
28 366
28 502
28 121
28 1534
29 129
29 1835
29 1035
29 192
29 271
29 1297
29 1303
29 417
29 1088
29 299
29 558
29 815
29 560
29 439
29 266
29 64
29 1860
29 78
29 1875
29 341
29 1290
29 1807
29 733
29 478
29 99
29 357
29 235
29 108
29 239
29 1015
29 252
30 1872
30 1827
30 1319
30 741
30 1255
30 1576
30 73
30 919
30 108
30 1200
30 84
30 791
30 152
30 90
31 130
31 1445
31 1808
31 914
31 532
31 1560
31 290
31 165
31 680
31 299
31 1198
31 1591
31 185
31 698
31 699
31 446
31 63
31 1344
31 65
31 324
31 329
31 162
31 979
31 87
31 603
31 351
31 251
31 486
31 103
31 1363
31 379
31 1149
32 1628
32 137
32 527
32 278
32 1819
32 671
32 548
32 1286
32 1500
32 812
32 301
32 175
32 49
32 306
32 61
32 63
32 193
32 1602
32 1347
32 1430
32 71
32 80
32 1493
32 601
32 474
32 399
32 988
32 1248
32 230
32 494
32 1394
32 1655
32 764
33 258
33 1027
33 396
33 398
33 1517
33 1496
33 789
33 279
33 1403
33 1690
33 1441
33 1058
33 1315
33 1740
33 677
33 682
33 839
33 1327
33 435
33 57
33 841
33 185
33 1467
33 1215
33 1345
33 196
33 70
33 71
33 697
33 1227
33 76
33 1613
33 215
33 216
33 345
33 602
33 1701
33 1121
33 99
33 1768
33 237
33 372
33 251
33 125
33 767
34 75
34 70
34 743
34 1358
34 1264
34 1108
34 53
34 350
34 491
35 899
35 1412
35 1293
35 1424
35 409
35 1050
35 926
35 289
35 547
35 295
35 54
35 1034
35 320
35 65
35 708
35 1097
35 224
35 1773
35 494
35 1650
35 120
35 383
36 1536
36 389
36 396
36 1549
36 146
36 533
36 153
36 409
36 162
36 38
36 53
36 567
36 1213
36 958
36 1476
36 140
36 1487
36 1746
36 595
36 1369
36 1115
36 1247
36 678
36 1140
36 318
36 503
36 379
37 353
37 1307
37 868
37 1830
37 1353
37 394
37 207
37 978
37 948
37 1843
37 122
37 783
37 479
38 128
38 69
38 70
38 1799
38 1001
38 722
38 469
38 448
38 759
38 217
38 85
39 769
39 518
39 655
39 1173
39 408
39 133
39 457
39 168
39 41
39 171
39 242
39 46
39 137
39 953
39 198
39 200
39 73
39 1504
39 1765
39 999
39 498
39 1325
39 254
39 511
40 131
40 1680
40 1809
40 1283
40 1300
40 534
40 161
40 802
40 1190
40 168
40 176
40 45
40 1072
40 1333
40 1466
40 1860
40 972
40 481
40 111
41 131
41 393
41 614
41 1645
41 1049
41 537
41 1572
41 454
41 519
41 431
41 48
41 54
41 1681
41 188
41 61
41 62
41 191
41 1400
41 438
41 326
41 711
41 456
41 201
41 1226
41 1227
41 464
41 337
41 210
41 1884
41 1245
41 1630
41 1509
41 1376
41 97
41 738
41 1771
41 486
41 102
41 1383
41 1084
41 1767
41 1106
41 622
41 573
41 369
41 372
41 1016
41 890
41 252
41 893
42 392
42 396
42 273
42 789
42 150
42 1050
42 901
42 412
42 812
42 685
42 182
42 440
42 570
42 573
42 838
42 1120
42 620
42 124
43 1282
43 513
43 142
43 1808
43 1304
43 156
43 168
43 1322
43 302
43 1758
43 56
43 1721
43 451
43 1735
43 461
43 79
43 467
43 1550
43 1752
43 1678
43 100
43 877
43 879
43 1448
44 129
44 257
44 392
44 778
44 653
44 270
44 145
44 662
44 1433
44 1311
44 676
44 424
44 1031
44 428
44 1202
44 563
44 180
44 566
44 1204
44 62
44 1344
44 835
44 197
44 202
44 78
44 847
44 1516
44 599
44 346
44 860
44 93
44 1246
44 227
44 1892
44 536
44 1003
44 876
44 116
44 885
44 888
44 633
44 634
45 1540
45 904
45 108
45 268
45 1815
45 156
45 1499
45 429
45 48
45 1544
45 306
45 649
45 447
45 577
45 845
45 721
45 466
45 346
45 1115
45 1373
45 1760
45 1249
45 100
45 1381
45 359
45 1001
45 1004
45 1774
46 512
46 385
46 1161
46 1039
46 400
46 145
46 1301
46 300
46 136
46 1076
46 197
46 459
46 213
46 983
46 989
46 736
46 610
46 99
46 1509
46 529
46 745
46 1278
47 65
47 643
47 452
47 231
47 72
47 170
47 1644
47 430
47 432
47 1428
47 1000
47 91
47 956
47 229
48 393
48 266
48 146
48 405
48 1710
48 1856
48 580
48 710
48 1612
48 77
48 1102
48 349
48 864
48 97
48 230
48 115
48 118
48 892
48 126
49 1019
49 228
49 1222
49 321
49 108
49 1313
49 591
49 1733
49 1492
49 278
49 1719
49 1464
49 1684
49 655
49 1414
50 837
50 1641
50 60
50 1119
50 1487
50 754
50 1205
50 55
50 154
50 543
50 1053
50 862
50 319
51 1542
51 135
51 1715
51 270
51 528
51 145
51 276
51 1349
51 928
51 675
51 807
51 170
51 1707
51 429
51 942
51 1608
51 819
51 309
51 695
51 1439
51 316
51 1546
51 1333
51 69
51 72
51 590
51 1366
51 983
51 984
51 480
51 996
51 1282
51 358
51 1425
51 362
51 1773
51 628
51 761
52 806
52 1481
52 755
52 184
52 1788
52 1821
52 1631
53 386
53 1673
53 912
53 148
53 1686
53 1816
53 668
53 1567
53 1056
53 546
53 291
53 171
53 942
53 178
53 563
53 58
53 964
53 1225
53 207
53 1750
53 599
53 346
53 92
53 221
53 656
53 1257
53 1008
53 1013
53 1789
54 64
54 128
54 644
54 1024
54 296
54 1258
54 1165
54 526
54 1423
54 880
54 424
54 57
54 408
54 349
55 259
55 133
55 1409
55 1087
55 1239
55 1295
55 1425
55 1813
55 920
55 155
55 419
55 1446
55 1320
55 171
55 1330
55 433
55 569
55 60
55 138
55 447
55 458
55 716
55 1365
55 982
55 343
55 1793
55 222
55 1380
55 1637
55 1770
55 622
55 1647
55 247
55 63
56 1026
56 134
56 391
56 1794
56 143
56 1683
56 1815
56 537
56 672
56 162
56 175
56 1468
56 62
56 832
56 452
56 502
56 843
56 857
56 1519
56 1270
57 1281
57 1548
57 1168
57 1819
57 1316
57 806
57 1577
57 1067
57 114
57 1204
57 313
57 373
57 1353
57 1614
57 847
57 468
57 347
57 1256
57 234
57 1259
57 239
57 753
57 882
57 117
57 1529
58 1539
58 278
58 918
58 924
58 952
58 316
58 1341
58 576
58 1612
58 1488
58 465
58 212
58 343
58 1243
58 1117
58 480
58 97
58 227
58 1261
58 1263
58 752
58 120
58 1277
59 515
59 649
59 910
59 916
59 1301
59 411
59 796
59 410
59 815
59 945
59 315
59 1781
59 1472
59 1089
59 1862
59 203
59 1473
59 1238
59 988
59 95
59 1767
59 1128
59 115
59 1525
59 254
60 1840
60 1378
60 427
60 927
60 1287
60 488
60 265
60 818
60 1490
60 597
60 215
60 383
60 669
60 382
60 127
61 419
61 1028
61 202
61 306
61 1688
61 1721
61 703
61 287
62 195
62 1126
62 878
62 88
62 594
62 1241
63 457
63 195
63 133
63 198
63 265
63 1387
63 1541
63 946
63 1328
63 274
63 84
63 797
63 1214
64 1472
64 260
64 391
64 1040
64 160
64 1192
64 1287
64 1836
64 686
64 827
64 1854
64 704
64 1476
64 76
64 1620
64 1495
64 96
64 315
64 368
64 980
64 1791
65 1235
65 105
65 458
65 204
65 401
65 947
65 1077
65 86
65 1609
65 1220
66 640
66 644
66 140
66 926
66 1445
66 433
66 1843
66 950
66 183
66 1595
66 68
66 1093
66 326
66 996
66 100
66 998
66 1776
66 884
66 124
67 387
67 773
67 646
67 781
67 1427
67 1430
67 1560
67 1305
67 436
67 1494
67 459
67 909
67 1363
67 1878
67 86
67 87
67 218
67 863
67 617
67 372
67 632
67 761
68 257
68 1671
68 777
68 907
68 396
68 1054
68 422
68 556
68 303
68 1332
68 183
68 443
68 961
68 523
68 1036
68 1354
68 846
68 1871
68 594
68 91
68 92
68 356
68 113
68 370
68 1142
68 1278
69 481
69 578
69 965
69 1057
69 936
69 523
69 172
69 847
69 304
69 210
69 1748
69 470
69 1241
69 861
69 94
69 1183
70 707
70 869
70 103
70 310
70 1723
70 124
70 222
71 101
71 1024
71 202
71 592
71 82
71 976
71 1108
71 661
71 804
71 894
71 1051
71 286
71 95
72 1026
72 1253
72 179
72 471
72 557
72 1429
72 1304
72 943
72 158
72 163
72 292
72 173
72 1182
72 180
72 309
72 75
72 79
72 87
72 1113
72 862
72 229
72 742
72 102
72 874
72 1132
72 111
72 1393
72 1012
72 632
72 123
73 103
73 1086
73 889
73 1759
73 345
73 923
73 127
74 1539
74 1089
74 1033
74 269
74 1038
74 143
74 1326
74 1046
74 261
74 430
74 449
74 587
74 206
74 976
74 993
74 786
74 239
74 1521
74 115
74 120
74 125
74 126
75 1121
75 1540
75 1386
76 132
76 139
76 531
76 1428
76 666
76 541
76 670
76 1324
76 572
76 1085
76 1734
76 336
76 81
76 1236
76 88
76 745
76 1261
76 374
76 404
76 1533
77 1760
77 867
77 1380
77 756
77 747
77 205
77 366
77 399
77 1203
77 692
77 181
77 822
77 1641
77 345
77 589
78 385
78 428
78 1547
78 268
78 280
78 163
78 1828
78 1455
78 690
78 438
78 569
78 570
78 837
78 328
78 207
78 209
78 211
78 215
78 218
78 1082
78 1376
78 737
78 1890
78 611
78 361
78 1398
78 1018
79 875
80 673
80 258
80 1057
80 135
80 780
80 973
80 1359
80 1264
80 1075
80 1751
80 696
80 189
81 1766
81 582
81 1705
81 109
81 303
81 369
81 658
81 471
81 958
81 1855
82 267
82 1028
82 264
82 583
82 203
82 588
82 1582
82 1178
82 1513
82 147
82 86
82 739
82 889
82 1161
82 1809
82 317
83 1411
83 1284
83 1157
83 134
83 135
83 152
83 282
83 1060
83 299
83 944
83 564
83 185
83 194
83 967
83 1738
83 612
83 749
83 751
83 628
83 1271
83 248
83 1020
84 448
84 194
84 1285
84 476
84 107
84 1817
84 1391
84 296
84 1523
84 406
84 247
84 504
84 313
84 122
84 415
84 156
84 701
85 650
85 395
85 272
85 408
85 146
85 403
85 791
85 792
85 261
85 801
85 802
85 420
85 937
85 605
85 181
85 1210
85 449
85 865
85 1236
85 349
85 481
85 104
85 109
85 1782
85 891
86 256
86 384
86 898
86 1670
86 263
86 522
86 195
86 410
86 411
86 1181
86 1312
86 289
86 548
86 297
86 174
86 175
86 1714
86 115
86 694
86 1209
86 828
86 1866
86 1472
86 713
86 1482
86 1071
86 853
86 854
86 1368
86 91
86 479
86 741
86 1126
86 1385
86 1131
86 876
86 495
86 1138
86 243
86 1013
86 1146
86 1531
86 1279
87 320
87 421
87 298
87 305
87 1463
87 220
87 93
88 512
88 864
88 1090
88 1291
88 1158
88 1191
88 649
88 1165
88 110
88 591
88 529
88 758
88 1109
88 1483
88 478
88 671
89 128
89 1154
89 796
89 417
89 1700
89 166
89 936
89 430
89 1725
89 1232
89 1489
89 468
89 475
89 994
89 615
89 111
89 629
89 508
90 609
90 1863
90 1647
90 586
90 1323
90 141
90 398
90 205
90 1074
90 602
90 603
90 892
90 853
91 132
91 267
91 786
91 151
91 1049
91 283
91 1693
91 1444
91 174
91 1467
91 1616
91 593
91 344
91 337
91 1128
91 873
91 107
91 754
91 500
91 1782
91 249
91 253
92 98
92 196
92 199
92 743
92 1712
92 1752
92 982
92 504
93 1793
93 1666
93 522
93 1239
93 399
93 154
93 416
93 1584
93 294
93 684
93 432
93 307
93 1350
93 202
93 1231
93 208
93 852
93 1615
93 477
93 235
93 1016
94 832
94 138
94 555
94 978
94 277
94 470
94 919
94 1081
94 948
95 1739
95 1094
95 169
95 1450
95 1703
95 1789
95 304
95 1361
95 1033
95 157
96 896
96 1665
96 772
96 519
96 138
96 276
96 1838
96 1814
96 1560
96 153
96 413
96 1442
96 426
96 302
96 1855
96 1741
96 974
96 346
96 220
96 485
96 1263
96 1010
96 1653
96 249
97 1030
97 330
97 1484
97 1522
97 1146
97 252
97 474
98 544
98 636
98 1773
98 1606
98 412
98 268
98 173
98 1069
98 305
98 468
98 1694
98 247
98 1720
98 1780
98 1853
98 734
98 556
99 325
99 1537
99 263
99 1463
99 233
99 551
99 1196
99 1459
99 1117
99 179
99 820
99 1110
99 1405
99 635
99 1694
99 1663
100 513
100 235
100 391
100 521
100 523
100 908
100 1858
100 655
100 1682
100 149
100 1563
100 1439
100 1184
100 161
100 1451
100 1204
100 700
100 1085
100 1035
100 460
100 474
100 484
100 745
100 107
100 1401
100 1404
101 1035
101 1254
101 1865
101 1134
101 784
101 212
101 694
101 348
101 125
101 1502
102 1090
102 1831
102 1131
102 589
102 500
102 533
103 137
103 554
103 1450
103 213
103 863
103 265
103 445
103 1598
104 358
104 935
104 947
104 121
104 286
105 1670
106 768
106 1157
106 529
106 659
106 1443
106 420
106 1575
106 560
106 951
106 314
106 199
106 311
106 1493
106 599
106 859
106 1246
106 236
106 1265
106 114
106 246
106 895
107 533
107 116
107 1070
107 561
107 441
107 834
107 196
107 454
107 1228
107 347
107 607
107 491
107 1004
107 500
107 117
107 633
107 123
107 766
108 160
108 1888
108 964
108 197
108 1309
108 647
108 1801
108 846
108 829
108 144
108 498
108 691
108 948
108 1779
108 632
108 697
109 1287
109 425
109 303
109 528
109 562
109 467
109 1590
109 442
109 988
109 189
109 373
110 513
110 580
110 1769
110 432
110 1203
110 919
110 1151
110 1055
111 294
111 231
111 457
111 170
111 1447
111 333
111 746
111 589
111 338
111 179
111 1301
111 506
111 719
111 490
112 1734
112 167
112 787
112 247
112 572
112 1002
113 1761
113 131
113 550
113 172
113 1776
113 274
113 377
113 476
114 608
114 450
114 742
114 232
114 1065
114 581
114 1485
114 339
114 212
114 1749
114 1625
114 762
114 667
114 1402
114 1822
114 325
115 448
115 193
115 132
115 933
115 832
115 776
115 1642
115 1463
115 1561
115 936
115 119
115 985
115 154
115 892
115 778
115 1605
116 129
116 390
116 1296
116 1555
116 664
116 1561
116 932
116 293
116 814
116 176
116 1719
116 1850
116 444
116 332
116 337
116 595
116 216
116 209
117 1280
117 1490
117 690
117 371
117 308
117 182
117 219
117 317
118 1547
118 486
118 275
118 1418
118 1111
118 781
118 1812
118 243
118 148
118 1654
118 441
118 155
118 1724
118 126
119 1294
119 531
119 406
119 1497
120 416
120 1826
120 1284
120 1371
120 167
120 876
120 366
120 1117
120 240
120 337
120 1299
120 245
120 1167
120 986
120 606
120 800
121 1043
121 835
121 646
121 487
121 519
121 618
121 455
121 1136
121 659
121 1065
121 1878
121 809
121 1883
122 131
122 260
122 133
122 522
122 402
122 1603
122 664
122 1052
122 1823
122 423
122 681
122 171
122 1458
122 570
122 995
122 323
122 1611
122 851
122 355
122 356
122 1637
122 1129
122 1876
123 1738
123 1250
123 971
123 164
123 972
123 780
123 626
123 147
123 214
123 698
123 1626
123 382
123 767
124 1156
124 136
124 1808
124 1043
124 406
124 1452
124 178
124 1334
124 1467
124 572
124 577
124 968
124 1228
124 717
124 483
124 236
124 1266
124 250
125 458
125 1021
125 308
125 1207
125 1044
125 603
125 1660
125 221
125 831
126 1153
126 388
126 961
126 407
126 664
126 539
126 287
126 1323
126 177
126 189
126 1088
126 577
126 1870
126 1488
126 1489
126 606
126 351
126 484
126 1258
126 1779
127 1666
127 805
127 806
127 914
127 467
127 503
127 412
127 1375
128 771
128 1798
128 621
128 1147
128 1310
128 1311
128 289
128 291
128 389
128 1321
128 1325
128 177
128 1849
128 584
128 1232
128 1123
128 1257
128 1898
128 1133
128 1777
128 1522
128 1385
128 639
128 1279
129 384
129 995
129 1444
129 390
129 166
129 647
129 1708
129 367
129 1200
129 340
129 1148
129 574
130 1568
130 971
130 615
130 884
130 691
130 790
130 345
130 1151
130 1011
130 618
131 1377
131 196
131 549
131 231
131 234
131 1406
131 665
131 446
132 480
132 163
132 147
132 579
132 201
132 1021
132 643
132 1270
132 407
132 381
132 479
133 896
133 1249
133 613
133 390
133 1864
133 727
133 781
133 273
133 1748
133 1654
133 763
134 578
134 869
134 848
135 162
135 931
135 389
135 1446
135 417
135 809
135 754
135 545
135 1526
135 1749
135 1278
135 991
136 1577
136 746
136 621
136 216
136 858
136 1663
137 256
137 141
137 142
137 144
137 148
137 939
137 813
137 840
137 1721
137 1338
137 1855
137 160
137 455
137 200
137 586
137 1227
137 333
137 208
137 1634
137 868
137 276
137 1383
137 1017
137 381
138 642
138 1521
138 1193
138 812
138 625
138 789
138 251
138 285
139 1120
139 998
139 651
139 1108
139 277
139 1272
139 1790
140 487
140 1803
140 1101
140 497
140 1407
140 180
140 149
140 630
140 407
140 441
140 1847
140 379
140 860
140 959
141 879
141 144
141 1386
141 223
142 643
142 772
142 1494
142 1690
142 524
142 1327
142 403
142 438
142 476
142 1053
142 287
143 1152
143 674
143 1829
143 1889
143 311
143 151
143 186
144 1664
144 259
144 1034
144 1165
144 749
144 151
144 153
144 157
144 1443
144 177
144 1719
144 585
144 717
144 472
144 482
144 1899
144 493
144 1007
144 496
144 1265
144 498
144 250
145 211
145 236
145 752
145 1681
145 1207
145 472
145 428
145 1066
145 702
145 735
146 1153
146 1125
146 174
146 238
146 729
146 1496
146 217
146 1562
146 220
146 190
146 469
147 641
147 418
147 1617
147 809
147 1610
147 1259
147 1516
147 818
147 1474
147 465
147 851
147 341
147 631
147 1017
147 159
148 194
148 747
148 1490
149 352
149 545
149 258
149 711
149 1546
149 1547
149 1346
149 1837
149 176
149 1623
149 535
149 1476
149 1211
149 604
149 509
150 994
150 578
150 1350
150 1543
150 1388
150 269
150 560
150 565
150 1079
150 827
150 316
151 644
151 1178
151 1180
151 669
151 1058
151 167
151 172
151 1462
151 825
151 1477
151 206
151 1235
151 1039
151 222
151 1762
151 1510
151 489
151 623
151 245
152 1329
152 1419
152 994
152 463
152 824
152 630
152 1762
152 666
152 1660
152 959
153 227
153 1865
153 779
153 1838
153 1743
153 1174
153 1655
153 505
153 284
153 1694
154 752
154 244
155 323
155 452
155 1356
155 490
155 1175
155 972
155 173
155 336
155 1720
155 1458
155 1667
155 1048
156 1184
156 259
156 261
156 205
156 1073
156 1357
156 509
156 158
157 800
157 260
157 520
157 1164
157 613
157 1745
157 723
157 1693
158 1440
158 1537
158 675
158 549
158 588
158 963
158 600
158 633
158 891
158 318
159 389
159 168
159 339
159 241
159 856
159 409
159 766
159 543
160 896
160 261
160 1167
160 1809
160 1682
160 1685
160 1559
160 1689
160 796
160 1565
160 290
160 675
160 169
160 557
160 1718
160 1217
160 1735
160 284
160 737
160 1136
160 1275
161 244
161 181
161 165
162 645
162 1414
162 905
162 269
162 1806
162 1296
162 282
162 795
162 798
162 546
162 425
162 817
162 1075
162 564
162 311
162 826
162 464
162 979
162 292
162 732
162 698
162 992
162 226
162 1123
162 1129
162 1646
162 887
162 248
162 1531
162 510
163 1728
163 1792
163 1284
163 329
163 938
163 300
163 1557
163 1879
163 420
163 1791
163 638
163 255
164 1099
164 1406
164 606
164 1247
165 1026
165 395
165 277
165 1315
165 1334
165 1597
165 329
165 1098
165 1619
165 217
165 348
165 350
165 224
165 227
165 491
165 1528
165 377
165 506
166 758
166 731
167 656
167 807
167 360
167 845
167 886
167 1144
167 442
168 1728
168 1424
168 642
168 195
168 1061
168 716
168 874
168 332
168 525
168 400
168 712
168 1396
168 1058
168 698
168 1595
168 670
169 1633
169 514
169 1371
169 1447
169 296
169 492
169 610
169 1358
169 1616
169 1589
169 470
169 184
169 923
169 1244
169 894
170 640
170 960
170 326
170 1185
170 264
170 885
170 1557
171 425
171 749
171 841
171 980
171 857
171 379
171 190
172 1217
172 706
172 1683
172 1553
172 970
172 370
172 179
172 1556
172 1757
173 1893
173 1198
173 239
173 1269
173 797
173 734
174 1384
174 546
174 1756
174 1093
174 1160
174 444
174 1261
174 1474
174 369
174 405
174 953
174 697
174 220
174 605
175 1120
175 386
175 935
175 364
175 1677
175 721
175 1780
175 246
175 1052
175 1309
175 1637
176 571
177 1403
177 1638
177 1382
177 423
177 234
177 368
177 186
177 827
177 1501
178 1736
178 526
178 1661
178 1098
178 558
179 770
179 720
179 433
179 821
179 1656
179 798
180 489
180 613
180 1527
180 531
180 371
180 300
180 1509
181 738
181 387
181 684
181 334
181 1359
181 657
181 243
181 308
181 182
181 956
182 803
182 1732
182 1004
182 602
182 765
182 286
183 1515
183 553
183 826
183 1804
183 1203
183 437
183 378
183 1151
183 189
183 805
184 993
184 327
184 398
184 945
184 1298
184 1806
184 729
184 344
184 541
185 539
185 1693
185 1706
185 940
185 301
185 1329
185 451
185 1142
185 214
185 343
185 600
185 858
185 1627
185 739
185 618
185 365
185 1012
185 1150
185 502
185 1406
186 1731
186 501
187 354
187 355
187 776
187 267
187 450
187 942
187 371
187 1623
187 1379
187 219
188 1379
188 900
188 347
188 1055
189 225
189 903
189 1289
189 940
189 1331
189 404
189 1584
189 892
189 1277
189 1695
190 230
190 392
190 1842
190 494
190 1083
191 483
191 357
191 903
191 200
191 881
191 1110
191 1437
192 1768
192 332
192 878
192 1617
192 1587
192 1556
192 1014
193 971
193 473
193 671
193 415
194 833
194 272
194 1048
195 738
195 1225
195 662
195 262
195 681
195 1226
195 688
195 1717
195 1492
195 1653
195 1097
195 1759
195 933
195 1146
195 955
195 253
196 1576
196 894
197 1038
197 401
197 1811
197 1174
197 1824
197 933
197 310
197 1212
197 1091
197 1732
197 583
197 1486
197 849
197 852
197 342
197 858
197 1378
197 1852
197 743
197 361
197 1383
197 753
197 636
198 368
198 676
198 883
198 456
198 297
198 394
198 1671
198 1420
198 688
198 541
198 272
198 531
198 821
198 1162
198 384
198 490
198 1150
199 1441
199 611
199 932
199 1701
199 1334
199 1545
199 250
199 604
199 701
200 266
200 269
200 1475
200 414
200 298
200 813
200 807
200 446
200 459
200 327
200 843
200 221
200 228
200 715
200 1387
200 238
200 275
200 762
201 320
201 352
201 1382
201 1255
201 650
201 1671
201 824
201 536
201 244
201 629
201 312
201 251
201 319
202 1421
202 1372
203 579
203 1381
203 1588
203 835
204 969
204 1196
204 434
204 793
204 893
205 1509
205 600
206 1390
206 687
206 1267
206 725
206 599
206 825
206 445
206 1886
207 1185
207 418
207 1155
207 1094
207 968
207 841
207 1590
207 246
207 567
207 954
207 1821
208 392
208 266
208 816
208 1009
208 882
208 915
208 1078
208 702
208 287
209 1805
209 1009
209 1682
209 890
210 1189
210 521
210 1105
210 663
210 653
210 1391
210 401
210 660
210 819
210 344
210 281
210 1592
210 1460
210 1029
211 898
211 1350
211 934
211 1673
211 1532
211 1884
211 815
211 466
211 1006
211 215
211 475
211 1305
212 643
212 1601
212 1677
212 275
212 1817
212 672
212 547
212 676
212 552
212 682
212 221
212 561
212 828
212 1312
212 1219
212 965
212 335
212 465
212 477
212 1502
212 364
212 1135
212 883
213 608
213 1319
213 323
213 391
213 1676
213 1842
213 690
213 1366
213 503
213 1659
213 766
213 1461
214 579
214 427
214 1328
214 404
214 1654
215 324
215 262
215 1572
215 452
215 947
216 1158
216 295
216 1771
216 620
216 1869
216 463
216 1330
216 949
216 957
219 1318
219 1647
220 353
220 1124
220 1125
220 1222
220 975
220 1332
220 789
220 1600
220 1412
220 1733
221 480
221 1573
221 970
221 1775
221 344
221 1214
222 1671
222 714
222 558
223 1120
223 976
223 1415
223 823
223 782
223 1181
223 880
223 424
223 1427
223 407
223 778
224 484
224 1201
224 1128
224 906
224 1100
224 750
224 1453
224 433
224 403
224 473
224 1624
224 377
224 797
225 260
225 1649
226 426
226 757
226 1150
226 805
227 744
227 525
227 1838
227 341
227 281
227 917
228 912
229 1383
229 1232
229 978
229 1335
230 1051
230 1253
230 1479
230 871
230 233
230 1258
230 903
230 1180
230 1846
230 693
230 598
230 1436
230 799
230 1052
230 861
230 639
231 332
231 1294
231 566
232 580
232 1491
233 866
233 358
233 289
233 1289
233 586
233 237
233 1583
233 944
233 1873
233 806
233 380
233 318
234 481
234 1154
234 870
234 401
234 301
234 334
234 366
234 958
234 437
235 1792
235 1155
235 521
235 1163
235 1556
235 532
235 1566
235 1187
235 1193
235 817
235 696
235 313
235 1087
235 651
235 969
235 981
235 1273
235 1895
235 616
235 370
235 1400
235 276
235 380
236 1600
236 1635
236 550
236 841
236 270
236 1615
236 1046
236 1754
236 1307
236 382
237 706
237 679
237 527
237 1424
237 1746
237 1716
237 570
238 425
238 1623
238 939
238 1868
238 946
238 1870
238 816
238 1297
238 1491
238 503
238 1209
238 1082
238 1413
239 548
239 903
239 268
239 1742
239 1293
239 307
239 1372
241 1031
241 1866
241 973
241 792
241 1113
241 1626
242 1021
243 864
243 1506
243 934
243 1510
243 1290
243 1261
243 1837
243 1784
243 1797
243 504
243 1308
244 1154
244 1859
244 614
244 801
244 1473
244 658
244 270
244 1647
244 400
244 338
244 1830
244 341
244 553
244 508
244 510
245 769
245 291
245 709
245 646
245 455
245 1164
245 1071
245 312
245 563
245 1078
245 966
245 1177
245 700
245 1337
246 1477
246 778
247 1465
247 611
247 1764
247 663
247 780
247 468
247 1047
247 314
247 922
248 1650
248 1331
249 1025
249 672
249 361
249 1450
249 1132
249 590
249 840
249 252
249 957
249 768
250 1296
250 1538
250 612
250 614
250 326
250 844
250 1645
250 790
250 1113
250 1018
250 1310
251 451
251 1061
251 776
251 1452
251 767
251 924
253 1442
253 869
253 272
254 997
254 718
254 431
254 400
254 917
254 1564
254 1413
255 820
255 951
255 412
256 257
256 899
256 1455
256 950
256 855
257 829
257 751
257 1245
257 918
257 445
258 263
259 1651
259 1169
259 307
259 862
259 1631
260 1059
260 581
260 1454
260 335
260 882
260 885
260 1696
260 319
261 808
261 265
261 304
261 1361
261 1513
261 477
261 1758
262 873
262 359
262 494
262 814
262 1710
262 734
262 1461
263 1782
263 651
263 1326
263 660
263 1045
264 417
264 453
264 513
264 1377
264 340
264 1018
264 764
264 1503
265 1504
265 549
265 1692
265 1450
265 331
265 1677
265 581
265 1395
265 1593
266 646
266 653
266 1518
266 532
267 1189
267 1063
267 1234
267 910
268 1319
268 1481
268 335
268 913
269 1601
270 1857
270 422
270 1323
270 1879
270 649
270 1368
271 611
271 836
271 742
271 1420
271 429
271 1330
271 634
271 539
271 1484
271 1119
272 546
272 901
272 359
272 1736
272 714
272 716
272 625
272 706
272 1242
272 1336
273 1216
273 1479
273 360
273 1014
273 1568
273 634
273 859
274 1441
274 898
274 1478
274 999
274 1169
274 941
274 623
274 1811
274 1336
275 694
275 654
275 1358
275 375
275 1080
275 863
276 1409
276 1188
276 717
276 1041
276 602
276 1371
276 1052
276 797
277 1826
277 970
277 1495
277 378
278 544
278 619
278 363
278 722
278 1551
279 774
279 1415
279 712
279 976
279 363
279 1740
279 322
279 560
279 1875
279 501
279 1623
279 1080
279 730
279 860
279 1530
280 1721
280 827
281 436
282 1156
282 1652
282 635
282 1373
283 723
284 294
284 582
284 952
284 1887
284 1502
284 741
285 1486
285 793
286 640
286 1860
286 822
286 457
286 906
286 1615
286 338
286 567
286 1401
286 731
287 1732
287 682
287 1163
287 730
287 923
288 291
288 1069
288 624
288 727
288 1496
288 1243
288 1743
289 1024
289 1393
289 1651
289 317
290 292
290 689
290 1599
290 927
290 925
290 894
291 324
291 327
291 397
291 335
291 625
291 1044
291 954
291 315
291 1141
291 768
292 848
292 924
292 554
292 464
292 342
292 796
292 666
292 1886
293 1348
293 689
293 1653
294 736
294 963
294 1700
294 1358
294 1336
294 1461
294 1272
294 506
294 573
294 638
294 1119
295 1584
295 339
295 556
295 848
295 1234
296 1572
296 1293
296 592
296 887
296 443
297 1419
297 518
297 456
297 977
297 1362
297 1206
298 1539
298 843
299 1801
300 709
300 1416
300 733
300 1422
300 984
300 597
300 566
300 856
300 509
300 757
301 1763
301 1703
301 974
301 462
301 1002
301 565
301 394
301 661
302 1377
302 1606
302 1608
302 361
302 1229
303 673
303 496
303 725
303 1053
303 415
304 993
304 902
304 624
304 342
304 1880
304 1604
305 576
305 484
305 1574
305 1089
305 1578
305 750
305 368
305 1840
305 1115
305 1149
305 1573
306 362
306 1751
307 616
307 1867
307 495
307 1832
307 1074
307 507
308 1825
308 331
308 947
308 597
309 1664
309 1122
309 876
309 914
309 1654
309 1434
309 637
310 1601
310 1070
310 1075
310 442
310 415
311 1288
311 333
311 496
311 1331
311 1848
311 703
312 1635
312 362
312 1580
312 1262
312 336
312 819
312 1524
312 638
313 1088
313 323
313 420
313 334
313 1815
313 462
313 375
313 363
314 982
316 590
317 907
317 1107
317 1367
317 1402
317 1533
318 962
318 358
318 728
318 658
318 1208
319 551
319 691
319 1045
319 1610
319 1860
319 1689
319 1226
319 1141
320 745
320 1078
320 858
320 702
321 1517
321 1010
321 436
321 1737
321 829
322 555
322 1656
322 798
323 641
323 1096
323 1587
323 437
324 1220
324 683
324 878
324 951
325 609
326 645
326 623
326 1687
326 1533
326 1407
327 1360
327 516
327 1366
327 423
327 686
327 1775
327 1040
327 693
327 1238
327 730
327 1405
327 1086
328 1664
328 454
328 434
329 810
329 1102
329 794
330 1603
330 676
330 568
330 1081
330 1727
330 1596
330 703
331 648
331 659
331 1303
331 1177
331 426
331 1326
331 1455
331 1032
331 1590
331 569
331 1095
331 846
331 1870
331 352
331 1507
331 746
331 748
331 1520
331 1009
331 1138
331 1524
331 1275
331 637
332 514
332 1030
332 1299
332 1548
332 872
332 402
332 915
332 1096
333 423
333 1738
333 1431
333 1839
333 1471
334 512
334 933
334 1543
334 540
334 1771
334 1071
334 882
334 476
335 354
335 387
335 1455
335 496
336 1675
336 787
337 984
337 710
337 1581
337 824
337 369
337 1237
337 1213
338 1680
338 1073
338 562
338 895
339 993
339 707
339 1060
339 1291
339 1168
339 1636
339 598
339 441
339 1722
339 859
340 1536
340 645
340 934
340 1802
340 1607
340 1580
340 1070
340 1423
340 1552
340 968
340 408
340 1114
341 576
341 458
341 363
341 874
341 1494
341 759
341 440
341 1563
342 1442
342 1260
342 427
342 1196
342 1134
342 534
342 1178
343 517
343 1766
343 1001
344 1027
344 1825
344 387
344 516
344 899
344 1175
344 1668
344 1658
345 1892
345 710
345 482
345 1886
345 446
346 1891
346 1349
346 360
346 459
346 1399
346 633
346 475
347 1484
347 654
347 505
347 799
348 544
348 736
348 514
348 1189
348 1218
348 1352
348 460
348 397
348 1265
348 1614
348 1014
348 855
348 1439
348 926
349 1392
349 709
349 1416
349 1244
351 354
351 1038
351 1872
352 384
352 1763
352 1188
352 1103
352 1649
352 372
352 1876
352 1498
352 1659
352 1086
353 672
353 992
353 1347
353 1035
353 879
353 945
354 962
354 966
354 1397
354 1238
354 1753
354 380
355 1507
355 1065
355 1169
355 853
355 1369
355 1461
356 514
356 526
356 1786
356 1342
357 913
357 520
357 365
357 1166
357 1629
357 648
357 1522
357 1553
357 1896
357 1564
358 1026
358 362
358 1197
358 616
358 826
359 1452
359 499
359 987
359 735
360 1765
360 370
360 1524
360 753
360 1694
360 543
361 526
362 804
362 681
362 1138
362 565
362 695
362 1210
362 411
363 422
363 488
363 529
363 374
363 664
363 1288
364 482
364 1174
364 409
364 1434
364 1135
365 1159
365 1032
365 1193
365 1166
365 1512
365 1562
365 1819
367 1794
367 1388
367 426
367 1022
368 1761
368 771
368 497
368 1543
368 916
368 501
368 950
368 695
369 1159
369 1226
369 591
371 867
371 612
371 461
371 1564
372 385
372 1644
372 838
372 1095
372 1228
372 1807
372 1585
372 1091
372 470
373 608
373 1728
373 1003
373 1449
373 823
373 793
373 1059
373 729
373 1483
374 486
374 1640
374 757
374 1225
375 865
375 1381
375 744
375 585
375 847
375 534
375 1621
376 647
376 583
376 930
376 871
376 1146
376 1374
377 453
377 1713
377 906
377 1422
377 596
377 1750
377 798
378 1670
378 1789
379 904
379 1420
379 394
379 627
379 1764
380 576
380 453
380 1570
380 626
381 1763
381 1333
381 1334
382 1189
382 443
382 485
382 821
382 505
382 927
383 528
383 1289
383 1427
384 1056
384 679
384 813
384 1409
384 1105
384 1653
384 641
384 1144
384 1343
385 1128
386 1633
386 1314
386 466
386 1142
386 1531
387 1632
387 836
387 648
387 845
387 530
387 1508
387 990
388 704
388 561
388 875
388 1104
388 497
388 542
388 1470
388 540
388 1173
389 1762
389 909
389 667
390 1489
390 1206
390 1179
390 421
391 962
391 1542
391 465
391 895
392 592
392 498
392 693
392 1109
393 690
393 750
393 402
393 411
394 1859
394 1646
394 1701
394 508
394 671
396 485
396 488
396 811
396 1708
396 1885
396 404
396 1145
396 1428
396 700
396 413
396 670
397 553
397 522
397 491
397 528
397 1011
397 637
398 1700
398 869
398 505
398 793
399 1803
399 755
399 1755
400 1088
400 1159
400 1041
400 434
400 1045
400 953
400 440
400 564
400 925
401 969
401 1468
401 765
402 1638
402 678
402 1825
402 525
402 954
402 1208
402 1874
402 499
402 823
402 728
402 1263
402 541
402 895
403 1513
403 493
403 1274
404 1139
405 935
405 414
406 801
406 610
406 1706
406 775
406 1122
406 430
406 562
407 1037
407 1485
407 1267
408 867
408 617
408 723
408 1897
408 1822
409 1445
409 678
409 1839
409 995
409 539
410 832
410 1157
410 938
410 435
410 656
410 657
410 658
410 1559
410 1177
410 700
411 1545
411 1166
411 1399
412 1505
412 840
412 1579
413 1758
413 1318
413 905
413 653
413 817
413 1171
413 629
413 1417
413 953
413 1342
413 1717
414 1663
414 1614
414 1328
414 594
414 660
414 1439
414 1310
414 1023
415 1889
415 1457
415 536
416 674
416 1160
416 617
416 1602
416 668
416 477
417 719
417 1371
418 640
418 1580
418 1781
418 1535
419 548
419 1595
420 1388
421 1345
421 1643
421 558
421 854
421 510
422 448
422 659
422 1022
423 517
423 916
423 437
423 1364
424 1348
425 521
425 1037
425 429
426 742
426 1735
426 1640
426 877
426 1197
426 535
426 1560
426 1679
427 803
427 1164
427 598
427 1398
428 1856
428 1329
428 499
428 1518
428 726
428 1847
429 839
429 1400
429 1754
430 919
431 973
431 1687
431 568
431 507
432 1889
432 571
432 1064
432 1341
432 795
432 1020
433 1702
433 1195
433 445
433 1150
434 1513
434 1771
435 1092
435 775
435 1650
435 1616
435 1266
435 595
435 1144
435 1276
436 900
436 655
436 1454
436 996
437 674
437 680
437 1227
437 758
437 1529
437 1886
438 1248
438 868
438 710
438 1205
438 1479
438 1356
438 1712
438 1202
438 1715
438 921
438 538
438 603
438 831
439 1257
439 559
439 720
439 1213
439 1625
439 540
439 1182
440 1795
440 654
440 1821
441 1667
441 1462
441 1896
441 718
441 1584
441 821
441 1541
442 1605
442 1190
442 1480
442 461
442 596
442 734
443 1072
443 1849
443 1392
443 471
443 964
444 1611
444 1067
444 1233
445 1505
445 1702
445 1414
445 1704
445 1708
445 1517
445 1871
446 1858
446 1001
446 1673
446 657
446 1586
446 1641
446 667
447 450
447 1335
447 1688
448 743
449 1185
449 625
449 596
449 1787
449 629
450 1887
450 963
450 554
450 1411
450 788
450 1141
450 1243
450 605
451 811
451 1861
451 552
452 748
452 760
452 1846
452 1657
453 714
453 1143
453 1864
453 1841
453 471
454 960
455 641
455 965
455 711
455 1848
455 1042
455 696
455 1339
455 1628
455 991
456 1251
456 1861
456 1805
456 1204
457 1316
457 487
457 524
457 846
457 1799
457 1777
457 1624
457 943
458 1254
458 1772
458 559
458 816
458 1498
459 900
459 1101
460 1587
461 578
461 1572
461 677
461 622
461 1007
461 1424
461 1753
461 955
462 1709
462 1585
462 1499
462 540
463 705
463 709
463 1105
463 1816
463 939
463 910
463 1300
463 942
463 1063
463 508
464 1896
464 1482
464 780
464 889
465 680
465 1421
465 1613
465 1192
465 1244
467 1314
467 733
468 1517
468 686
468 499
468 1749
468 922
469 1219
469 1220
469 691
469 920
469 1147
470 1676
470 1158
470 842
470 652
470 1004
470 1669
470 1109
470 886
470 1844
470 511
471 1153
471 739
471 965
471 543
472 731
472 1857
472 667
473 1895
473 520
473 623
474 1795
474 1550
474 1103
474 913
474 1018
474 1692
475 834
475 987
475 836
475 1571
475 601
475 1242
475 571
475 989
476 1643
476 523
476 1230
477 705
477 775
477 1744
477 851
477 502
477 1851
478 708
478 779
479 1741
479 1579
479 524
479 1101
479 911
479 986
479 1275
480 992
480 1132
480 620
480 632
481 582
482 1609
482 1357
483 1368
483 637
484 835
484 726
485 619
485 978
486 515
487 741
488 1413
488 1199
488 913
488 1042
488 631
488 1374
489 860
489 1438
490 1171
491 1252
491 1702
491 1036
491 684
491 981
491 1274
491 1532
491 1434
491 574
492 615
492 1335
492 1198
492 1116
493 816
493 912
494 772
494 677
494 619
494 977
494 818
494 1118
494 857
494 1565
496 1027
496 1828
496 1413
496 906
496 921
496 638
497 1336
498 1093
498 1876
499 1475
499 904
499 1879
499 815
499 1143
500 612
500 1221
500 554
500 590
500 1079
500 572
502 810
503 609
503 1100
504 1098
505 1750
505 1306
506 972
507 1379
507 748
507 939
507 720
507 534
508 739
508 1608
508 1137
508 1397
508 666
509 1853
510 1527
511 934
511 1356
511 1656
511 601
511 830
512 1883
512 1723
513 834
513 1325
513 761
513 1567
513 1757
513 735
514 614
514 1642
514 887
515 1780
515 697
516 800
516 1641
516 530
517 1435
517 1288
517 588
517 593
517 1086
518 1507
518 1309
519 1282
519 1606
519 1130
519 1864
519 985
519 1308
519 1118
520 1778
520 1429
521 1314
521 936
521 624
522 525
522 1338
523 1539
523 1350
523 585
523 786
523 1012
523 1078
523 809
523 574
524 1805
524 1363
524 1065
525 1200
525 1730
525 875
525 781
525 848
526 886
526 1741
526 1726
526 873
526 1241
526 538
526 542
527 1025
527 1609
528 1729
528 1783
528 1495
528 1466
529 1124
529 715
529 708
529 825
529 668
530 1701
530 1829
531 1224
531 567
532 762
532 606
533 1025
533 538
534 1382
534 746
534 749
534 559
534 1162
534 598
534 1085
535 1801
535 1524
535 600
536 912
536 788
536 1129
536 569
536 1023
537 1835
537 1714
537 756
537 1308
538 564
538 1887
539 1473
539 1674
539 1516
539 718
539 1457
539 1019
540 1352
540 1228
540 791
540 1374
540 1087
541 1282
541 1202
541 687
541 1237
541 763
541 604
541 733
542 1398
543 1410
543 1193
543 1262
543 764
544 1000
544 651
544 574
545 1126
545 583
545 883
545 1370
546 1040
546 870
546 1197
546 1423
547 1574
547 717
547 974
547 761
548 1423
549 1248
549 1190
549 1355
549 850
549 723
549 1429
550 1161
550 1166
550 1566
551 897
551 1295
551 724
551 1687
551 1180
552 1029
552 1160
552 1006
552 730
553 737
553 996
553 999
553 1481
553 1834
553 1867
554 652
554 974
555 839
556 1061
556 817
556 1555
557 962
557 1834
557 879
557 1149
557 1214
559 1401
559 1148
559 1706
560 1317
560 807
560 1013
560 1180
561 687
561 849
562 928
562 865
562 1314
562 1638
562 941
562 1551
563 1799
563 1544
563 1257
563 1106
564 608
564 683
564 1074
565 1477
565 818
565 1497
565 1405
566 1389
566 956
567 1411
567 1772
567 1807
567 1375
568 1156
568 1756
569 1611
569 1462
569 1393
569 1575
569 1132
569 977
569 1302
569 1819
570 1426
570 1102
570 1042
571 1248
571 1476
571 1191
571 1609
571 1607
571 980
571 1526
571 887
571 1112
571 921
571 607
572 713
572 790
573 1639
573 584
574 1794
574 1616
574 726
575 941
575 724
575 949
575 1528
577 584
577 1834
577 1672
577 1754
578 720
579 995
579 932
579 1448
579 1162
579 1643
579 1501
580 1792
580 1537
580 674
580 901
580 711
580 713
580 938
580 1163
580 620
580 1858
580 1681
580 1815
580 822
580 760
580 762
580 1854
580 1029
581 1281
581 1283
581 1201
581 692
581 1417
581 635
581 1340
582 1426
582 694
583 772
583 1233
584 1676
584 1084
584 927
585 1798
585 1352
585 1044
586 1046
587 1123
587 784
587 728
587 1788
587 607
588 1873
589 1153
589 1029
589 1415
589 1830
589 1364
589 991
590 800
590 609
590 1529
590 1737
590 1481
590 1290
590 1395
590 1806
590 949
590 1015
591 750
591 751
591 1237
591 1412
591 1787
591 1438
593 1376
593 1095
593 1160
593 1769
593 1169
593 1114
593 764
594 1499
594 740
594 891
595 937
595 874
595 1425
595 1305
595 765
596 1796
596 785
596 1268
596 703
597 1766
597 687
597 1118
598 1869
598 1454
599 1370
599 1212
600 1221
601 1538
601 1027
601 1508
601 886
602 1028
602 1605
602 1825
602 904
602 1385
602 1612
602 1681
602 1705
602 926
603 1435
604 650
604 1373
604 1354
605 1607
605 685
605 1620
606 1186
606 1127
606 755
606 987
608 1251
608 1640
608 940
608 1583
609 1101
609 1037
610 1504
610 1506
610 665
610 1624
610 1145
611 713
611 1425
612 1545
612 1581
612 656
612 883
612 732
613 1095
614 808
615 724
615 861
616 1723
617 935
617 1897
618 1364
619 1552
619 767
620 1064
621 1216
621 1763
621 1645
621 661
622 1642
622 1131
622 1551
622 1648
622 626
622 1299
622 1822
622 863
623 1528
624 1187
624 837
624 712
624 1034
624 844
624 1068
625 997
625 1319
625 1107
625 1433
625 763
625 1802
626 992
626 784
626 1841
626 1043
626 1646
626 922
626 1306
626 1727
627 961
627 1324
627 1114
628 837
628 1737
628 752
628 856
628 1433
628 1147
629 1020
629 735
630 801
630 1159
630 1036
630 1233
630 1403
631 784
632 1577
632 1674
632 1270
633 907
633 1685
633 1463
633 1818
634 954
634 635
635 1888
635 719
635 1173
635 1083
635 636
635 1342
635 799
636 1140
636 1239
637 1293
637 732
638 1514
638 923
638 783
638 1585
638 850
638 1315
638 1620
638 1366
638 1015
638 911
638 1884
638 1183
639 1826
639 910
639 701
639 1182
640 1387
641 1346
641 870
641 1475
641 1268
641 1365
641 1465
641 699
642 1632
642 975
642 820
643 769
643 1316
643 1865
643 1868
643 1230
643 1337
643 724
644 1797
644 994
644 657
644 851
644 1272
644 1561
645 898
645 1582
645 758
646 867
646 1487
647 771
647 1576
647 1231
648 1060
648 967
648 1717
648 1207
649 1356
651 1233
651 1523
652 1536
652 865
652 1253
652 1898
652 1615
652 1130
652 889
652 1053
652 959
653 1318
654 1112
654 1558
654 1183
657 811
657 1695
658 1176
658 1503
659 1441
660 1372
660 1087
661 715
661 1045
661 1276
662 1711
662 1104
662 1374
663 1510
663 1618
663 857
664 683
664 712
664 845
664 1426
664 731
665 732
665 1471
666 1840
666 1781
666 1270
666 991
667 1672
667 1842
668 1698
668 675
668 1325
668 760
668 1112
668 1277
669 899
669 1124
669 914
669 1211
670 1192
670 1526
671 1716
672 1170
674 1440
674 775
674 1549
674 1624
674 1596
675 1056
675 1506
677 1249
677 1256
678 862
680 704
680 839
680 1143
681 1521
681 785
681 1784
681 1706
683 1091
683 1427
683 791
683 1402
683 1339
684 842
684 1292
684 689
685 1181
685 1747
685 1430
685 1369
685 1083
686 707
686 1518
687 1848
688 838
688 1468
688 699
688 1435
688 1246
689 708
689 774
689 1172
690 1253
690 1073
691 813
691 1814
691 983
692 833
692 1578
692 1068
692 989
693 1003
693 1310
693 1214
694 1655
694 952
695 1064
695 782
695 1652
696 1507
696 774
696 1224
696 1613
696 1135
696 1042
696 981
696 1295
696 925
696 1493
698 897
698 1382
698 1378
698 1456
699 1353
699 753
699 1339
701 1002
703 1294
704 1034
705 1361
705 1002
705 1007
705 1680
705 1684
705 1049
706 1006
706 990
707 1121
707 740
707 941
707 1533
708 1704
708 777
708 1259
708 1298
709 880
710 1243
711 1012
711 1176
711 1028
712 1840
712 1199
712 1499
713 1872
713 1779
713 1749
713 1725
714 1284
714 812
714 1201
714 1843
714 852
715 1713
715 1512
715 760
715 1657
716 1456
716 969
716 1865
716 1897
716 1810
716 1622
717 928
717 1680
717 754
717 1205
717 1718
719 1330
719 1849
720 1047
720 1307
721 1205
722 1092
722 1129
722 1260
722 1604
722 1273
723 998
723 1579
723 1583
723 1649
724 1090
724 900
724 908
725 1099
725 1554
725 1043
726 1236
726 830
727 1614
727 1360
728 1497
728 829
729 1240
730 1155
730 1672
730 931
730 1503
730 1372
730 1821
731 967
733 1785
733 844
733 1810
733 1714
733 1017
733 825
733 1594
734 1605
736 970
736 1073
736 1814
736 1085
737 770
738 844
738 1812
738 1079
738 1050
738 1179
739 1062
739 902
739 756
740 930
740 1831
740 1187
741 1707
741 1031
741 1548
741 957
742 1853
742 1841
742 748
742 849
742 765
743 872
743 888
744 1223
744 1097
744 1863
744 1583
744 987
744 1788
746 1739
746 1464
747 1635
747 1195
748 1665
748 1090
748 1254
748 1447
748 776
748 1116
748 1553
748 1764
748 794
748 956
748 861
749 1812
750 944
750 1552
750 1851
751 1367
751 1785
752 1570
752 1675
752 782
752 1518
752 1083
753 1845
753 955
754 1780
755 1281
755 1059
755 804
755 1578
755 1692
756 1575
757 1292
757 1602
757 1302
757 1337
758 1802
758 975
758 1080
758 1209
759 1360
760 1377
760 977
760 1010
761 1422
761 763
761 1820
762 802
762 1404
763 1785
763 1783
763 1020
764 1124
765 853
766 1546
767 843
768 786
769 872
769 1708
769 1361
769 1398
771 1589
772 1376
772 1667
772 1285
772 1420
772 1068
772 1620
772 1431
772 1242
773 1390
774 881
774 1290
774 1775
774 1008
775 1485
776 1571
776 1778
778 1712
779 1744
779 1367
779 1054
780 873
781 1313
781 1348
781 1285
781 1587
781 1114
782 1391
782 950
782 1274
782 1854
783 810
783 924
784 1064
784 1264
784 1544
784 1811
785 1442
785 1164
785 1598
786 1206
787 1010
787 1338
788 1696
788 979
788 916
788 855
789 878
789 1370
789 1211
789 831
790 1802
790 1298
791 1500
791 1139
792 1843
793 1316
794 1122
794 1245
795 985
796 1271
796 859
796 1213
798 1133
799 1059
799 922
800 1185
800 951
800 828
801 1734
801 1005
801 849
801 893
802 952
803 866
803 888
803 1017
804 1512
804 1558
805 1747
805 893
806 1606
806 826
806 1500
807 1474
807 997
807 1067
807 1241
809 1093
809 1674
811 937
812 1483
812 1586
812 1047
812 891
813 967
813 973
813 1072
813 1192
813 1396
814 1057
814 1864
815 905
818 1240
819 960
819 1218
819 1799
819 1036
819 1488
819 918
820 1222
821 1280
821 897
821 1668
822 1061
824 1033
824 949
825 1348
826 1219
826 1044
828 1292
829 1698
829 1603
829 1116
830 1265
830 1271
830 1849
831 1288
832 1127
832 1291
833 1514
833 1451
833 1844
834 1386
834 1068
834 1838
835 1730
835 1656
836 1063
836 1103
836 1351
836 1302
836 1080
840 1582
841 866
841 1353
841 1075
843 1882
844 1161
845 1000
845 1421
845 1724
847 1231
847 983
848 1514
848 1431
848 1629
848 1054
850 943
851 1408
852 917
853 931
853 1092
853 1678
853 1742
853 1593
853 1470
855 1041
855 1657
855 1113
855 1502
856 1478
856 1813
856 1240
856 1019
857 1058
857 945
858 1252
858 877
858 1709
858 1079
859 1691
859 1598
862 1343
865 1145
865 1404
865 1693
866 1760
866 1820
866 1055
867 929
867 1890
869 1115
870 1133
870 959
871 1138
873 1697
873 1262
873 1404
873 1469
875 1354
875 1460
875 1304
876 1498
876 1469
876 1877
877 1622
877 1564
878 1855
880 1490
881 1256
881 1839
881 1110
881 1178
882 1077
883 1066
885 1195
885 1198
885 1871
885 968
886 1154
886 1349
886 1698
886 1008
886 1170
886 1501
887 1597
888 1140
889 1217
889 1893
889 1354
889 890
890 1729
890 1283
890 1143
890 1690
890 1818
890 1407
892 1576
892 1803
892 1877
892 1847
892 1375
893 1252
893 1005
893 1622
893 1144
894 1443
894 1558
895 1699
895 1657
895 1659
896 1207
898 1514
898 1580
898 1008
898 1177
898 1023
900 1033
901 1538
901 1000
901 1810
901 1048
901 1406
903 1535
904 1111
904 1016
905 1142
906 980
906 1465
907 1127
907 1836
908 1833
909 1271
909 1147
910 1568
910 1480
910 940
910 1137
910 1266
911 1349
912 1638
912 1107
913 1830
914 1511
914 1165
914 1711
917 1745
918 1098
922 1298
922 1331
922 1301
924 1186
924 931
924 1397
925 1861
925 1832
925 1842
926 1297
926 1459
926 1014
927 1867
927 1711
927 1715
930 1105
930 1236
930 1380
930 1051
931 979
932 1426
933 1062
933 986
933 1598
935 1716
936 1039
936 1535
938 1469
938 1757
940 1733
940 1676
940 1100
940 988
941 1303
943 1191
943 1418
944 1658
944 1770
944 1215
945 1340
945 1084
946 1794
946 1076
947 1216
947 1279
948 1632
948 963
948 1054
949 1628
950 1412
950 1273
950 1082
951 1705
952 1550
952 989
952 990
953 1440
955 1152
955 1550
955 1493
956 1049
958 1110
958 1084
959 1196
959 1039
959 1705
960 1785
961 1269
963 1131
963 1103
964 1479
965 1194
966 1223
966 1581
967 1718
967 1341
968 1881
971 1774
971 1596
972 1505
972 1013
974 1229
974 1742
974 1437
974 1119
976 1665
976 1125
976 1400
977 1363
978 1181
979 1492
980 1389
981 1464
982 1094
983 1540
984 1229
985 1430
986 1221
986 1863
987 1184
988 1603
988 1707
988 1391
988 1844
989 1179
989 1272
989 1589
990 1836
990 1346
992 1612
993 1477
993 1414
993 1515
993 1549
993 1394
994 1091
994 1786
995 1148
997 1094
997 1194
998 1408
1000 1264
1000 1563
1001 1895
1001 1384
1003 1155
1003 1515
1003 1619
1004 1200
1004 1787
1005 1798
1006 1633
1006 1588
1007 1186
1008 1081
1013 1313
1013 1891
1013 1254
1013 1096
1013 1480
1013 1210
1013 1883
1014 1280
1014 1604
1016 1568
1017 1619
1017 1385
1018 1224
1018 1396
1018 1429
1019 1444
1019 1712
1022 1541
1022 1321
1022 1687
1022 1436
1023 1892
1024 1122
1024 1223
1025 1208
1025 1274
1025 1722
1025 1685
1027 1206
1028 1636
1028 1384
1033 1394
1036 1634
1036 1392
1037 1365
1037 1149
1038 1607
1038 1459
1038 1396
1039 1345
1039 1460
1039 1211
1040 1063
1040 1375
1041 1696
1042 1295
1042 1759
1043 1197
1046 1505
1046 1066
1048 1453
1048 1357
1050 1260
1051 1690
1051 1630
1052 1096
1052 1432
1054 1862
1054 1135
1055 1229
1055 1326
1055 1581
1055 1789
1055 1342
1055 1621
1056 1170
1057 1709
1057 1338
1058 1777
1058 1704
1058 1466
1059 1774
1059 1106
1059 1629
1060 1118
1061 1554
1061 1791
1062 1643
1063 1449
1063 1341
1066 1201
1067 1168
1068 1716
1068 1337
1069 1602
1071 1519
1072 1482
1072 1555
1075 1416
1076 1158
1077 1618
1077 1263
1078 1106
1080 1208
1083 1768
1083 1628
1085 1306
1086 1347
1086 1835
1086 1112
1087 1092
1087 1868
1088 1335
1089 1637
1090 1744
1091 1346
1091 1399
1093 1433
1095 1351
1096 1478
1097 1629
1098 1827
1099 1321
1099 1741
1100 1186
1103 1846
1103 1242
1104 1458
1105 1857
1105 1311
1106 1520
1108 1888
1108 1793
1109 1779
1112 1582
1112 1321
1112 1454
1112 1434
1114 1506
1114 1199
1114 1202
1114 1844
1114 1364
1114 1695
1117 1735
1117 1480
1117 1162
1117 1311
1118 1175
1121 1317
1122 1221
1122 1800
1123 1859
1123 1804
1123 1139
1124 1179
1125 1333
1126 1255
1126 1743
1127 1636
1127 1692
1128 1471
1129 1809
1129 1357
1129 1592
1130 1251
1132 1881
1132 1593
1138 1315
1138 1347
1139 1678
1139 1790
1143 1523
1145 1473
1145 1746
1146 1309
1147 1417
1149 1250
1149 1457
1149 1151
1153 1786
1153 1756
1154 1407
1155 1283
1156 1682
1156 1783
1157 1520
1158 1464
1159 1172
1160 1183
1162 1804
1163 1788
1164 1858
1166 1445
1166 1246
1168 1571
1170 1478
1174 1212
1175 1575
1175 1355
1175 1685
1176 1857
1177 1230
1178 1457
1178 1613
1179 1818
1181 1322
1181 1470
1182 1240
1182 1636
1183 1733
1184 1312
1184 1823
1184 1679
1184 1215
1185 1260
1186 1410
1186 1515
1187 1416
1189 1485
1189 1395
1190 1266
1191 1280
1191 1542
1191 1231
1192 1285
1192 1199
1193 1370
1195 1852
1196 1538
1196 1634
1196 1715
1199 1599
1201 1784
1204 1410
1204 1617
1207 1566
1208 1302
1209 1469
1211 1362
1211 1460
1212 1381
1212 1390
1213 1699
1214 1554
1215 1661
1216 1294
1217 1275
1222 1845
1223 1659
1226 1247
1227 1438
1229 1859
1229 1732
1231 1322
1231 1497
1231 1339
1232 1444
1232 1894
1232 1662
1233 1387
1234 1362
1235 1736
1235 1268
1236 1747
1237 1239
1238 1827
1238 1828
1238 1392
1238 1368
1244 1686
1246 1594
1246 1790
1247 1438
1248 1826
1249 1276
1250 1569
1250 1562
1251 1824
1251 1639
1252 1754
1252 1300
1252 1717
1252 1367
1254 1456
1255 1800
1257 1320
1257 1899
1257 1421
1257 1555
1257 1625
1262 1511
1262 1898
1262 1340
1263 1541
1263 1594
1264 1800
1265 1626
1266 1731
1266 1448
1266 1630
1267 1269
1268 1891
1271 1559
1275 1895
1278 1451
1282 1798
1283 1446
1284 1765
1284 1591
1287 1573
1287 1323
1290 1800
1290 1452
1292 1880
1292 1627
1293 1566
1294 1569
1294 1897
1297 1343
1301 1871
1301 1544
1301 1332
1303 1324
1304 1823
1306 1795
1308 1573
1310 1592
1311 1827
1313 1808
1317 1816
1318 1563
1318 1547
1318 1526
1319 1787
1320 1537
1323 1894
1324 1817
1326 1332
1326 1813
1329 1508
1330 1879
1331 1627
1334 1355
1336 1744
1336 1899
1336 1516
1341 1795
1341 1669
1341 1355
1341 1397
1341 1877
1342 1675
1345 1695
1347 1639
1347 1658
1349 1679
1350 1520
1352 1589
1352 1626
1355 1665
1357 1748
1358 1511
1358 1531
1359 1378
1359 1699
1359 1678
1359 1651
1360 1380
1360 1521
1362 1688
1363 1565
1364 1686
1364 1530
1365 1723
1366 1761
1366 1852
1369 1395
1369 1559
1371 1816
1371 1621
1376 1644
1383 1796
1387 1856
1388 1549
1389 1755
1392 1851
1392 1527
1392 1755
1393 1408
1393 1797
1395 1668
1395 1619
1395 1621
1396 1449
1397 1697
1400 1824
1400 1570
1401 1535
1408 1679
1408 1631
1410 1622
1412 1774
1416 1486
1416 1727
1417 1832
1417 1837
1418 1662
1418 1471
1421 1474
1422 1730
1422 1874
1422 1491
1423 1467
1424 1725
1429 1459
1430 1495
1430 1753
1431 1660
1432 1642
1434 1689
1439 1850
1440 1601
1440 1530
1440 1722
1441 1751
1442 1449
1443 1554
1444 1666
1445 1764
1446 1707
1447 1674
1454 1791
1457 1828
1457 1709
1459 1861
1460 1658
1464 1486
1466 1773
1466 1608
1468 1627
1469 1669
1469 1496
1470 1765
1470 1483
1473 1604
1473 1484
1473 1548
1475 1832
1476 1610
1476 1726
1482 1726
1483 1534
1484 1578
1486 1710
1488 1888
1491 1801
1491 1579
1491 1591
1496 1714
1497 1677
1499 1873
1499 1777
1504 1625
1505 1652
1506 1841
1510 1668
1510 1519
1512 1729
1515 1648
1516 1894
1517 1736
1518 1696
1519 1829
1520 1552
1521 1726
1522 1770
1523 1796
1523 1618
1524 1691
1527 1600
1528 1767
1529 1894
1536 1558
1537 1792
1538 1697
1541 1591
1543 1652
1544 1686
1545 1546
1548 1876
1558 1724
1561 1644
1565 1633
1565 1724
1566 1649
1566 1817
1570 1885
1572 1574
1573 1820
1574 1784
1576 1688
1577 1586
1579 1635
1588 1729
1590 1739
1596 1599
1600 1648
1604 1775
1608 1742
1613 1778
1631 1872
1633 1713
1636 1896
1639 1811
1648 1699
1653 1786
1655 1875
1658 1747
1661 1760
1662 1899
1667 1766
1673 1719
1680 1893
1680 1752
1682 1691
1683 1852
1694 1698
1695 1884
1696 1778
1711 1866
1716 1807
1719 1820
1722 1813
1723 1803
1741 1850
1747 1768
1747 1877
1750 1759
1753 1856
1757 1839
1760 1770
1779 1804
1780 1880
1793 1835
1831 1869
1840 1868
1841 1863
1864 1890
1876 1892
