0 1
0 2
0 5
0 6
0 7
0 392
0 514
0 142
0 16
0 274
0 148
0 793
0 478
0 537
0 28
0 30
0 548
0 558
0 181
0 183
0 57
0 914
0 64
0 194
0 708
0 456
0 842
0 971
0 340
0 782
0 214
0 94
0 613
0 962
0 229
0 748
0 18
0 504
0 404
0 981
1 944
1 3
1 773
1 528
1 722
1 249
1 25
1 666
2 129
2 875
2 4
2 262
2 385
2 10
2 11
2 396
2 13
2 14
2 15
2 384
2 787
2 407
2 641
2 411
2 413
2 158
2 33
2 677
2 38
2 39
2 430
2 56
2 58
2 188
2 833
2 66
2 707
2 454
2 74
2 972
2 397
2 312
2 210
2 980
2 597
2 966
2 729
2 91
2 96
2 864
2 992
2 721
2 489
2 679
2 240
2 116
2 506
2 765
4 353
4 132
4 134
4 8
4 9
4 107
4 590
4 304
4 17
4 84
4 21
4 820
4 665
4 26
4 315
4 125
4 222
6 640
6 34
6 326
6 520
6 587
6 268
6 322
6 911
6 950
7 912
7 50
7 490
8 993
8 72
8 45
8 808
8 186
8 734
9 586
9 270
9 207
9 19
9 308
9 343
9 783
9 127
10 256
10 704
10 601
10 519
10 105
10 42
10 523
10 44
10 12
10 305
10 839
10 531
10 372
10 73
10 121
10 891
10 668
10 382
11 99
11 439
11 70
11 104
11 203
11 907
11 401
11 306
11 371
11 596
11 23
11 884
11 538
11 29
13 195
13 934
13 71
13 906
13 846
13 143
13 789
13 662
13 280
13 378
13 571
13 410
14 618
14 815
15 59
15 973
15 150
15 250
15 283
15 90
15 767
16 128
16 137
16 394
16 779
16 656
16 24
16 788
16 533
16 152
16 794
16 796
16 157
16 414
16 288
16 545
16 294
16 551
16 40
16 170
16 941
16 690
16 828
16 318
16 450
16 712
16 483
16 86
16 484
16 347
16 355
16 228
16 166
16 874
16 750
16 379
17 130
17 908
17 20
17 174
17 22
17 536
17 409
17 161
17 164
17 220
17 429
17 46
17 51
17 180
17 68
17 78
17 719
17 599
17 36
17 604
17 124
18 461
18 31
19 513
19 706
19 291
19 133
19 103
19 275
19 330
19 455
19 300
19 77
19 307
19 336
19 179
19 334
19 922
19 219
19 778
19 862
19 69
21 76
22 320
22 144
22 337
22 110
22 80
22 497
22 724
22 501
22 823
22 863
23 82
23 850
23 507
24 101
24 236
24 172
24 238
24 242
24 341
24 55
24 185
24 858
24 27
25 774
26 32
26 35
26 457
26 138
26 60
26 61
28 48
29 227
29 393
29 913
29 442
29 189
30 611
30 163
30 37
30 463
30 946
30 547
30 52
30 248
30 476
30 990
30 671
31 976
31 230
31 41
31 654
31 368
31 916
31 151
31 313
31 799
33 775
33 111
35 389
35 647
35 650
35 277
35 153
35 43
35 47
35 560
35 53
35 697
35 314
35 956
35 62
35 246
35 81
35 87
35 986
35 93
35 758
35 633
35 252
35 126
36 258
36 999
36 108
36 117
36 535
36 154
36 959
36 156
36 446
36 735
37 289
37 98
37 556
37 369
37 83
37 212
38 400
38 691
38 122
40 534
40 167
40 488
40 265
40 589
40 49
40 54
40 861
42 897
42 739
42 75
42 146
42 754
44 120
44 615
44 580
44 375
45 624
45 493
46 65
47 609
47 517
47 79
47 244
47 149
47 92
47 159
48 608
48 550
48 102
48 508
48 879
48 113
48 370
48 217
48 89
49 390
49 391
49 680
49 701
49 200
49 338
49 468
49 285
51 759
52 168
52 225
52 733
53 699
53 85
54 481
54 286
59 97
59 349
59 830
62 632
62 299
62 673
62 63
63 848
63 67
63 292
63 522
63 495
63 112
63 947
63 88
63 623
65 474
67 119
69 579
69 745
69 235
69 201
69 345
70 115
70 434
70 445
71 224
71 480
71 162
71 667
71 804
71 197
71 135
71 521
71 362
71 145
71 602
71 155
73 147
73 232
73 592
73 945
73 339
74 772
74 290
74 752
74 626
74 917
77 705
77 458
77 625
77 114
77 957
82 728
82 351
82 187
83 420
83 872
83 527
83 95
83 383
84 693
85 223
86 880
86 234
86 316
86 438
88 329
88 106
88 511
89 140
89 100
91 344
91 376
91 213
91 118
92 218
93 904
93 346
93 731
94 561
95 191
96 512
97 386
100 619
104 901
105 325
105 423
105 296
105 139
105 109
105 436
105 437
106 584
106 303
106 755
106 821
106 317
106 415
107 952
108 171
108 573
108 637
109 448
109 577
109 485
109 363
109 905
109 281
109 123
109 700
111 387
113 323
114 169
115 254
116 567
117 204
118 311
119 160
119 714
119 805
119 949
120 588
121 927
122 443
122 141
123 827
124 539
125 595
125 131
125 866
125 199
126 136
127 960
127 552
127 206
127 529
127 498
129 182
130 873
131 756
131 726
132 321
132 899
132 165
132 935
132 620
132 267
132 524
132 190
133 177
133 403
133 819
133 287
134 889
134 245
135 444
136 932
136 727
137 192
137 645
137 198
137 175
137 565
137 406
138 176
138 509
139 278
142 689
142 581
143 257
143 510
145 994
145 298
145 610
145 453
146 422
146 940
146 209
146 569
146 890
147 605
148 893
149 487
149 459
149 237
149 494
149 635
153 354
154 979
154 742
155 202
155 331
155 302
155 786
155 473
157 554
157 806
157 807
157 233
157 266
157 810
157 435
157 659
157 184
157 825
157 221
158 499
158 460
158 471
159 332
160 264
160 263
160 924
161 276
163 417
163 557
163 655
163 630
163 638
164 216
164 896
165 208
165 878
169 173
170 193
170 226
170 388
170 518
170 231
170 205
170 178
170 440
170 475
170 348
171 380
174 543
175 196
175 977
175 360
175 462
175 753
175 562
175 470
175 860
179 361
179 894
179 319
181 948
182 910
183 377
183 844
183 965
183 824
185 260
185 886
185 310
185 335
186 883
186 885
187 648
187 428
187 829
188 358
189 251
189 780
190 503
190 271
190 447
190 215
191 424
191 549
191 843
191 253
193 364
193 725
194 583
195 953
196 243
196 431
198 491
198 241
198 402
198 211
198 350
200 834
200 261
204 555
204 718
204 983
206 247
207 295
209 467
210 585
211 795
211 797
212 418
214 282
214 541
214 502
217 464
218 764
218 279
220 943
221 600
221 284
222 929
223 709
223 269
227 578
227 867
227 653
227 559
227 255
229 803
230 297
232 525
234 482
234 293
234 683
234 845
234 989
234 703
236 954
237 239
238 652
239 259
239 855
240 272
240 594
240 847
241 675
241 301
241 477
242 974
245 692
245 987
245 516
245 921
246 865
247 642
247 826
248 333
249 678
251 636
251 895
254 357
257 598
258 852
258 324
258 309
258 433
259 327
260 359
261 563
263 736
264 273
264 373
264 441
264 425
266 449
268 676
268 791
269 328
270 416
272 936
272 869
274 898
274 564
276 790
276 975
280 723
281 612
282 352
282 854
282 374
284 408
284 816
284 486
289 542
290 996
291 505
291 622
292 496
292 771
292 492
292 629
296 915
299 465
299 853
301 781
302 621
304 664
304 421
306 634
306 412
307 427
307 342
308 747
308 398
308 687
308 784
308 381
311 715
313 576
313 961
313 837
313 902
321 876
321 870
323 814
323 574
323 366
324 546
326 395
329 405
331 887
332 892
332 526
333 685
333 694
337 553
337 925
339 643
340 432
340 744
340 776
345 840
345 740
345 628
346 817
350 832
350 967
352 452
353 792
353 367
354 419
354 356
354 982
358 540
361 761
361 365
361 582
362 741
366 644
366 532
369 479
372 568
374 737
376 851
376 811
376 466
376 674
378 918
379 942
382 570
384 399
385 928
386 472
386 969
386 881
386 544
389 500
394 649
407 970
410 451
413 426
414 937
414 469
417 768
418 931
419 716
421 593
421 835
425 836
426 646
430 995
430 669
430 631
431 838
431 566
432 607
437 696
441 657
445 661
451 614
454 515
456 762
457 616
461 859
461 749
462 530
463 575
466 591
469 603
470 681
471 757
476 777
476 841
476 606
476 686
477 766
486 998
486 822
489 660
499 730
499 572
501 798
510 617
512 702
513 856
516 963
517 818
519 813
526 785
526 710
528 770
538 658
540 938
543 682
569 760
570 663
576 809
576 695
584 984
587 698
587 900
588 672
589 800
589 627
594 670
599 923
603 746
606 933
608 988
610 651
610 732
613 639
616 812
616 868
616 751
620 802
620 763
624 684
629 951
635 831
647 688
655 801
665 882
683 888
688 743
692 720
700 939
700 903
700 711
701 713
711 717
718 738
743 857
753 769
753 958
798 978
799 849
814 877
825 955
825 871
832 930
833 920
836 926
883 919
896 968
896 909
915 964
955 991
961 997
967 985
