0 897
0 2
0 3
0 4
0 8
0 9
0 1162
0 1218
0 1176
0 153
0 1776
0 37
0 175
0 48
0 1416
0 1202
0 1867
0 181
0 1334
0 183
0 831
0 321
0 706
0 1483
0 580
0 966
0 1227
0 76
0 982
0 1370
0 1755
0 607
0 1762
0 1635
0 103
0 1004
0 624
0 244
0 119
1 2
1 3
1 260
1 150
1 6
1 519
1 393
1 1674
1 139
1 397
1 14
1 15
1 656
1 401
1 530
1 20
1 1710
1 22
1 25
1 26
1 1263
1 453
1 32
1 676
1 134
1 166
1 39
1 1065
1 534
1 43
1 812
1 814
1 948
1 693
1 1464
1 445
1 1093
1 1805
1 69
1 71
1 201
1 714
1 1614
1 909
1 81
1 82
1 1341
1 1495
1 344
1 345
1 730
1 987
1 1658
1 734
1 1888
1 1789
1 100
1 1381
1 872
1 618
1 236
1 1170
1 1774
1 239
1 114
1 755
1 276
1 1095
1 1159
1 554
2 1059
2 1152
2 295
2 9
2 234
2 940
2 492
2 13
2 46
2 207
2 82
2 1779
2 52
2 622
2 951
2 377
2 1883
2 379
2 1726
3 514
3 1539
3 4
3 5
3 7
3 12
3 17
3 19
3 23
3 27
3 28
3 31
3 34
3 1061
3 552
3 51
3 59
3 573
3 62
3 1609
3 1105
3 90
3 612
3 101
3 109
3 1135
3 113
3 142
3 1167
3 1688
3 666
3 667
3 156
3 680
3 684
3 713
3 1219
3 708
3 709
3 710
3 1225
3 202
3 204
3 205
3 729
3 228
3 240
3 1266
3 251
3 1281
3 264
3 781
3 283
3 304
3 296
3 811
3 816
3 305
3 311
3 826
3 1851
3 316
3 1343
3 837
3 1871
3 1678
3 1882
3 865
3 354
3 358
3 1340
3 877
3 1086
3 1398
3 379
3 386
3 1412
3 392
3 905
3 394
3 910
3 412
3 940
3 242
3 458
3 1502
3 482
3 1007
4 1024
4 1666
4 516
4 5
4 7
4 8
4 1547
4 15
4 913
4 18
4 147
4 919
4 24
4 27
4 29
4 1827
4 1061
4 732
4 1283
4 391
4 50
4 309
4 1780
4 955
4 1727
4 1735
4 72
4 203
4 721
4 1039
4 348
4 354
4 104
4 107
4 879
4 19
4 500
4 1656
4 505
4 381
5 1409
5 901
5 6
5 263
5 1686
5 428
5 266
5 779
5 877
5 16
5 1683
5 21
5 406
5 26
5 797
5 1693
5 161
5 35
5 420
5 134
5 40
5 425
5 43
5 44
5 302
5 687
5 1849
5 818
5 51
5 55
5 56
5 1209
5 1722
5 315
5 60
5 1802
5 1215
5 833
5 1605
5 812
5 1737
5 74
5 462
5 207
5 338
5 467
5 84
5 590
5 1324
5 985
5 1754
5 348
5 979
5 1119
5 1509
5 102
5 231
5 105
5 1002
5 365
5 424
5 1138
5 723
5 873
5 888
5 596
5 508
5 597
6 770
6 1540
6 1345
6 10
6 11
6 525
6 1809
6 146
6 21
6 22
6 921
6 25
6 157
6 415
6 32
6 289
6 37
6 1537
6 40
6 170
6 1837
6 1455
6 432
6 177
6 319
6 193
6 581
6 199
6 1480
6 1226
6 843
6 337
6 979
6 84
6 859
6 94
6 805
6 100
6 360
6 105
6 1646
6 1392
6 1528
6 123
6 255
7 311
7 390
7 136
7 10
7 11
7 12
7 781
7 398
7 1807
7 1085
7 17
7 286
7 277
7 407
7 132
7 155
7 28
7 30
7 35
7 1225
7 518
7 38
7 497
7 552
7 41
7 1706
7 1323
7 1196
7 47
7 48
7 433
7 181
7 54
7 183
7 568
7 697
7 186
7 1211
7 522
7 446
7 575
7 450
7 779
7 1787
7 1744
7 968
7 957
7 75
7 845
7 462
7 591
7 208
7 81
7 1034
7 1618
7 825
7 474
7 475
7 1500
7 222
7 96
7 97
7 1529
7 1657
7 1769
7 951
7 1387
7 108
7 1298
7 366
7 111
7 241
7 370
7 1065
7 633
7 1146
7 1019
7 636
8 129
8 1092
8 67
8 766
8 625
8 1463
8 172
8 1005
8 49
8 115
8 405
8 854
8 1083
8 740
8 122
8 955
8 1117
8 190
8 735
9 448
9 13
9 782
9 178
9 339
10 545
10 1026
10 707
10 71
10 73
10 14
10 121
10 796
11 242
11 464
11 50
11 346
11 127
12 258
12 1801
12 16
12 1301
12 280
12 154
12 543
12 289
12 1450
12 173
12 435
12 55
12 756
12 1490
12 472
12 607
12 1255
12 1258
12 753
12 114
12 116
12 378
12 1403
13 257
13 904
13 18
13 152
13 1562
13 794
13 288
13 1698
13 426
13 946
13 1202
13 310
13 442
13 188
13 189
13 1474
13 715
13 1367
13 744
13 362
14 270
14 399
14 401
14 24
14 1064
14 426
14 299
14 46
14 57
14 447
14 1472
14 195
14 1860
14 325
14 1095
14 1103
14 595
14 724
14 1130
14 496
14 115
14 1770
15 1155
15 233
15 427
15 428
15 653
15 1708
15 49
15 148
15 629
15 772
15 297
15 260
15 1530
15 380
15 1342
16 1890
16 36
16 486
16 712
16 556
16 1004
16 1712
16 1624
16 182
16 87
16 1048
16 1081
16 218
16 157
16 30
16 31
17 388
17 485
17 230
17 167
17 1898
17 611
17 980
17 1879
17 60
18 224
18 453
18 326
18 106
18 236
18 110
18 45
18 659
18 20
18 1325
18 633
18 1560
18 52
18 90
18 527
18 793
18 1466
19 385
19 23
19 1681
19 1042
19 1710
19 535
19 675
19 420
19 430
19 1072
19 53
19 1339
19 323
19 457
19 852
19 984
19 352
19 353
19 488
19 619
19 1006
19 752
20 387
20 1060
20 421
20 295
20 941
20 829
20 1522
20 1285
20 1527
20 58
20 1777
20 769
20 605
20 837
21 267
21 1167
21 151
21 133
21 33
21 36
21 42
21 47
21 307
21 565
21 571
21 318
21 1343
21 1216
21 194
21 1483
21 68
21 70
21 161
21 584
21 75
21 1120
21 993
21 104
21 492
21 621
21 830
21 635
22 1809
22 151
22 794
22 1051
22 33
22 1701
22 807
22 434
22 441
22 79
22 1106
22 596
22 87
22 985
22 1377
22 1510
22 167
22 111
22 1267
22 760
22 254
23 782
23 1180
23 29
23 290
23 45
23 686
23 180
23 439
23 187
23 206
23 977
23 982
23 1885
23 94
23 107
23 112
23 117
23 119
23 504
23 505
24 1378
24 374
24 136
24 74
24 396
24 856
24 688
24 273
24 626
24 952
24 278
24 120
24 761
24 476
24 1011
25 387
25 196
25 197
25 39
25 616
25 1671
25 77
25 1070
25 303
25 1846
25 632
25 1695
26 521
26 922
26 670
26 928
26 34
26 1317
26 308
26 1207
26 185
26 1725
26 577
26 582
26 203
26 1493
26 89
26 95
26 1120
26 609
26 869
26 742
26 116
27 179
27 38
27 72
27 412
27 1806
27 271
27 1617
27 131
27 124
27 508
27 830
28 594
28 1228
28 73
28 42
28 423
28 172
28 434
28 1358
28 80
28 362
28 771
28 148
28 758
28 1367
28 1531
28 221
28 1223
28 255
29 449
29 1250
29 547
29 68
29 1319
29 41
29 939
29 1346
29 80
29 1553
29 338
29 211
29 1699
29 1594
29 1663
29 1419
29 253
29 1854
29 895
30 129
30 138
30 1563
30 1820
30 1441
30 1832
30 44
30 1713
30 317
30 64
30 324
30 69
30 1825
30 738
30 1616
30 1619
30 1755
30 98
30 99
30 360
30 750
30 239
30 760
30 506
31 1472
31 353
31 1220
31 198
31 1363
31 1873
31 818
31 1091
31 341
31 1572
31 1499
32 386
32 547
32 677
32 743
32 200
32 746
32 459
32 728
32 210
32 1123
32 85
32 54
32 56
32 443
32 92
32 437
33 994
33 266
33 974
33 752
33 246
33 88
33 698
33 61
33 479
34 1046
34 774
34 390
34 1478
34 1897
34 202
34 299
34 1422
34 509
34 209
34 435
34 1838
34 662
34 1593
34 527
34 284
34 186
34 510
34 863
35 641
35 138
35 1151
35 1168
35 789
35 1435
35 546
35 804
35 1196
35 304
35 437
35 191
35 64
35 1782
35 198
35 200
35 83
35 219
35 1808
35 867
35 358
35 1899
35 238
35 495
35 1142
35 1402
35 63
35 767
36 517
36 137
36 406
36 1182
36 678
36 1493
36 825
36 828
36 317
36 65
36 1476
36 199
36 1105
36 1748
36 480
36 608
36 604
36 96
36 1505
36 613
36 364
36 1005
36 1279
36 636
36 382
36 511
37 1059
37 675
37 326
37 1802
37 850
37 1261
37 658
37 307
37 998
37 1434
37 1887
38 1668
38 133
38 397
38 179
38 1173
38 1400
38 1210
39 1154
39 901
39 1025
39 1035
39 529
39 1558
39 1559
39 1187
39 679
39 1333
39 57
39 63
39 192
39 395
39 838
39 842
39 1358
39 337
39 600
39 1116
39 352
39 609
39 230
39 488
39 1063
40 65
40 903
40 1580
40 334
40 1409
40 654
40 89
40 1210
40 1468
40 285
40 414
41 864
41 481
41 130
41 963
41 294
41 1582
41 1104
41 1823
42 192
42 1604
42 613
42 1591
42 270
42 1169
42 276
42 727
42 281
43 1579
43 70
43 583
43 683
43 1679
43 272
43 380
43 95
44 1798
44 531
45 1200
45 1511
45 1359
45 208
45 1430
45 249
45 1339
45 1212
45 894
45 383
46 128
46 490
46 535
46 1282
46 911
46 791
46 164
46 168
46 938
46 689
46 53
46 438
46 1850
46 327
46 1618
46 1877
46 1507
46 870
46 1000
46 361
46 106
46 108
46 1133
46 1832
46 1393
46 761
46 893
47 389
47 1297
47 147
47 298
47 556
47 1709
47 432
47 178
47 184
47 1212
47 61
47 321
47 1219
47 328
47 79
47 1241
47 335
47 495
47 377
47 895
49 538
49 1300
50 1569
50 1889
51 194
51 682
51 66
51 1027
51 1460
51 1848
51 1114
51 571
51 476
51 509
51 254
51 869
52 1184
52 741
52 720
52 759
53 898
53 131
53 132
53 1037
53 686
53 792
53 154
53 1183
53 1058
53 165
53 1575
53 296
53 1321
53 429
53 175
53 1259
53 58
53 59
53 66
53 67
53 1477
53 966
53 840
53 970
53 1867
53 1615
53 86
53 1627
53 220
53 1189
53 97
53 99
53 1000
53 747
53 1647
53 1395
53 1012
53 375
53 1145
53 123
55 944
55 1018
55 1563
55 252
56 1824
56 419
56 265
56 141
56 657
56 274
56 755
56 245
56 118
56 279
56 1021
56 159
57 673
57 195
57 933
57 429
57 1469
57 1265
57 306
57 308
57 86
57 1816
57 564
57 93
57 1125
58 1027
58 1206
58 422
58 586
58 1655
58 525
58 592
58 209
58 182
58 1271
58 699
58 926
59 992
59 1760
59 1221
59 907
59 1227
59 1628
59 62
59 1013
60 328
60 656
60 102
60 1585
60 168
60 617
60 685
60 78
60 368
60 210
60 1038
60 1372
60 543
61 646
61 1137
61 1417
61 177
61 470
61 471
62 660
62 1373
62 227
63 128
63 1552
63 823
63 152
64 930
64 375
64 1090
64 1399
65 549
65 1834
65 845
65 530
66 1284
66 1303
66 76
66 109
66 497
66 279
66 447
67 355
67 388
67 197
67 1158
67 455
67 1788
67 554
67 792
67 431
67 144
67 433
67 436
67 216
67 1775
67 92
67 1541
68 1473
68 1762
68 173
68 145
68 83
68 727
68 284
69 228
69 1697
69 297
69 1517
69 623
69 691
69 700
69 989
70 77
70 1432
70 146
70 88
71 160
71 1444
71 1897
71 605
71 340
71 1728
71 285
71 223
72 262
72 169
72 174
72 911
72 211
72 1526
73 1216
73 225
73 1810
73 250
74 799
74 417
74 166
74 1711
74 340
74 223
74 93
74 319
75 163
75 1508
75 1012
75 1821
76 1793
76 642
76 153
76 126
77 712
77 1546
77 78
77 1747
77 856
77 91
77 316
78 389
78 103
78 490
78 267
78 976
78 849
78 1747
78 1342
78 1831
78 216
78 953
78 410
78 478
78 421
79 303
79 1875
79 85
79 1463
79 1149
80 674
80 797
80 933
80 1606
80 135
80 551
80 1898
80 459
80 1735
80 413
80 145
80 1427
80 694
80 280
80 922
81 1160
81 1385
81 91
81 1821
81 1759
82 900
82 1314
82 1535
83 1505
83 196
83 1285
83 1719
83 1357
83 368
83 882
83 1559
83 1016
83 1115
84 1778
84 824
84 1721
84 700
84 1565
85 929
85 130
85 162
85 226
85 908
85 141
85 302
85 144
85 339
85 149
85 687
85 252
85 703
86 800
86 1442
86 1649
86 137
86 369
86 1815
86 120
87 112
87 929
87 257
87 1224
87 1457
87 564
87 1653
87 1240
87 445
88 122
88 187
88 1812
89 642
89 1302
89 263
89 653
89 1429
89 150
89 544
89 165
89 1543
89 300
89 1581
89 692
89 1592
89 313
89 191
89 834
89 330
89 332
89 341
89 1110
89 1113
89 98
89 499
89 117
90 1380
91 772
92 866
92 170
92 1122
92 1389
92 944
92 566
92 1719
92 826
92 1247
93 171
93 828
93 331
93 269
93 118
93 540
93 862
94 611
94 644
94 327
94 343
94 140
94 1368
94 184
94 1881
94 315
94 124
95 480
95 1346
95 227
95 965
95 201
95 1833
95 180
95 501
95 566
95 649
95 1353
95 281
95 382
96 320
96 900
96 1528
97 545
97 233
97 1290
97 408
97 669
98 1172
98 515
98 537
98 232
98 557
98 914
98 244
98 1237
98 217
98 1845
99 224
99 193
99 229
99 101
99 807
99 1104
99 329
99 1610
99 1879
99 1390
99 367
99 245
99 1233
99 1074
99 403
99 784
99 637
99 127
100 576
100 1570
100 935
100 648
100 1554
100 371
100 1076
100 1078
100 953
100 1761
100 1373
101 1273
102 1687
102 1260
102 1652
102 1845
102 246
102 631
103 1088
103 1350
103 550
103 457
103 526
103 1264
103 282
104 704
104 259
104 945
104 1224
104 169
104 651
104 844
104 591
104 113
104 754
104 243
104 1335
104 248
104 1017
104 1053
104 158
105 975
106 288
106 225
106 419
106 647
106 235
106 110
106 625
106 1270
106 1600
106 1274
106 1852
106 669
107 1280
107 1123
107 1260
107 463
107 402
107 374
107 185
107 1658
108 567
108 351
109 539
109 135
109 808
109 1001
109 1804
109 290
109 1800
109 404
109 411
109 158
110 608
110 450
110 612
110 619
110 140
110 369
110 627
110 532
110 309
110 1462
110 472
110 409
110 1660
110 810
110 126
110 277
111 801
111 802
111 1369
111 381
112 121
112 725
112 1147
113 610
113 996
113 1510
113 1066
113 1007
113 1045
113 1750
113 356
113 125
114 251
114 1348
114 1221
114 1383
114 567
114 1040
114 1425
114 1203
114 1457
114 1557
114 663
114 219
115 736
115 163
115 526
115 143
115 1074
115 995
115 142
115 598
115 943
117 523
117 164
117 229
117 1163
117 1064
117 1404
117 778
117 139
117 1869
117 822
117 345
117 885
117 214
117 1564
117 683
117 860
117 222
117 1748
118 1545
118 221
118 371
118 1503
119 474
120 602
121 1481
121 1044
121 701
122 705
122 418
122 1379
122 484
122 1063
122 713
122 1032
122 498
122 1043
122 1288
123 770
123 1028
123 1010
123 568
123 125
123 1471
124 634
124 679
127 1504
127 1856
127 1157
127 1392
127 212
127 1366
127 190
127 159
128 376
128 1089
129 1393
129 589
130 160
130 1057
130 970
130 237
130 1208
131 1378
131 1090
131 1165
131 143
131 1424
132 217
132 318
133 1147
133 1350
133 1126
133 519
133 936
133 1413
133 1447
133 1866
133 238
133 528
133 1379
133 468
133 278
133 664
133 569
133 314
133 507
133 506
133 671
134 1295
134 1680
134 155
134 541
134 1797
134 806
134 553
134 176
134 1329
134 440
134 1083
134 188
134 1094
134 1096
134 1110
134 855
134 1113
134 1423
134 1885
134 1122
134 241
134 1533
135 592
135 292
135 711
135 1129
135 1675
135 1487
135 1456
135 372
135 569
135 314
135 988
136 1481
136 156
136 333
137 273
137 886
138 1637
138 1068
138 461
138 1711
138 1297
138 1817
139 226
139 1217
139 1313
139 1551
139 696
139 957
139 927
140 1198
140 1191
141 256
141 1857
141 1385
141 1354
141 171
141 847
141 913
141 215
141 1785
141 475
142 1289
142 395
142 268
142 1677
142 659
142 790
142 1176
142 1179
142 1567
142 1190
142 300
142 174
142 1203
142 1596
142 1783
142 1102
142 1365
142 1243
142 1574
142 235
142 876
142 496
142 1399
142 1406
143 384
143 356
143 1288
143 1172
144 1764
144 813
144 871
144 524
144 989
144 204
144 237
144 333
144 1329
144 593
144 1266
144 1891
144 343
144 250
144 667
144 873
144 149
145 736
145 1792
145 646
145 695
145 795
145 733
145 350
146 928
146 1729
146 231
146 265
146 282
146 987
146 1628
147 416
147 622
147 275
147 440
147 1117
148 1091
150 902
150 1433
150 634
150 541
151 630
151 1231
152 1171
152 884
152 532
152 1467
153 762
153 773
155 247
156 514
156 425
156 298
156 846
156 1277
156 243
156 661
156 330
157 176
157 1489
157 938
157 1131
157 1549
157 1263
157 1425
157 213
157 214
157 1665
157 956
158 162
158 1819
160 586
160 378
160 718
161 1304
161 189
163 454
163 1321
163 594
163 1307
163 1118
164 448
164 1435
165 1352
165 1332
166 649
166 780
166 467
166 1813
166 1737
166 764
166 253
167 487
167 1386
167 588
167 498
167 444
167 1535
168 460
169 418
169 1585
169 394
169 336
169 215
169 346
169 507
169 1098
171 1794
171 709
171 1320
171 342
171 537
172 1536
172 1792
172 1127
172 777
172 1871
172 305
172 1370
172 1566
173 754
173 1811
173 1375
175 846
175 334
175 367
175 819
175 1401
175 271
176 486
176 454
176 461
176 1070
176 1310
177 1508
177 1276
177 1677
178 1418
178 489
178 1586
179 832
179 811
179 301
179 1165
179 1360
179 1011
179 699
180 1009
180 1439
180 342
181 1376
181 643
181 1572
181 1766
181 1190
181 1259
181 1708
181 1041
182 803
182 614
182 1357
182 597
182 376
182 1781
183 1008
183 1394
183 766
183 1054
183 287
184 466
184 715
186 1877
186 983
186 218
186 1723
186 220
187 1707
187 1125
187 275
187 1052
187 587
187 399
187 817
187 563
187 572
187 1214
188 1372
189 1322
189 452
189 573
191 456
191 442
191 451
193 1217
193 291
193 1093
193 393
193 906
193 1451
193 908
193 1389
193 398
193 1391
193 272
193 689
193 1234
193 212
193 718
193 1654
193 1746
193 958
194 384
194 264
194 1482
194 470
194 883
196 1410
196 261
197 364
198 256
198 452
198 1609
198 680
198 1166
198 1194
198 363
198 620
198 205
198 558
198 436
198 878
198 1431
198 695
198 1268
198 1444
199 355
200 1876
200 949
200 991
200 637
200 213
202 1043
203 1810
203 206
204 240
204 268
204 366
204 529
204 259
204 638
205 1206
206 1515
207 232
207 1612
207 499
207 857
207 574
208 930
208 261
208 902
208 1037
208 411
209 865
209 542
210 1818
210 291
210 262
211 357
211 489
211 861
211 1715
211 349
212 1781
212 598
213 293
213 520
213 1298
213 473
214 1153
214 324
214 1035
214 560
214 923
215 602
215 1458
218 322
218 1731
218 1702
218 1222
218 1140
218 726
218 471
218 603
219 292
219 1128
219 431
219 500
220 1569
220 1893
220 1611
220 335
220 1492
220 855
220 890
220 1663
221 673
221 258
221 521
221 716
221 1133
221 1801
221 344
221 1182
222 584
222 1516
222 1556
222 1433
223 1286
223 1667
223 1029
223 550
223 1512
223 1164
223 948
224 555
224 1391
224 464
224 981
224 795
225 323
226 1313
226 964
226 1767
226 783
226 1831
227 1632
227 1890
227 1446
227 1770
227 365
227 945
227 404
227 248
227 1279
228 1642
228 1583
228 1680
228 347
229 234
229 850
229 247
229 1784
229 906
229 1823
230 456
230 287
230 1558
231 313
232 849
233 512
234 881
234 821
234 479
235 745
235 1659
236 1507
236 1252
236 1761
236 1836
236 652
236 274
236 1743
236 1840
236 1308
236 765
237 441
238 1025
238 1034
238 1082
238 604
238 286
238 639
240 769
240 493
240 678
241 681
242 899
242 662
242 312
242 703
243 1894
243 551
243 1001
243 269
244 1185
244 971
244 1702
244 806
244 1319
244 631
244 898
244 1552
244 373
244 1142
244 663
244 986
244 1696
245 1289
245 1836
245 536
245 439
245 249
246 336
247 482
247 1796
247 294
247 907
247 283
247 1470
248 717
248 542
248 1231
249 579
249 618
249 949
249 1275
249 862
250 1856
250 739
250 1416
250 373
250 310
250 1577
250 1626
250 1500
250 1790
250 1013
251 820
252 1601
252 1287
252 1678
252 658
252 756
253 915
253 958
254 942
258 1140
258 1542
258 493
259 383
260 600
260 363
260 1561
261 1608
261 1485
261 1691
261 1532
263 477
264 409
264 1751
264 801
265 1056
265 852
265 370
266 800
266 1028
266 974
266 978
266 1668
266 1050
266 1157
267 580
267 1320
267 463
267 1010
267 759
267 923
267 1407
268 1629
269 1698
269 1411
269 1060
269 583
269 809
269 973
269 494
269 1405
269 1524
269 1726
269 793
269 347
269 444
269 414
270 1197
270 773
270 927
271 469
272 1099
272 1736
272 361
272 785
272 410
273 1347
273 935
273 822
273 446
273 1311
274 576
275 1656
275 980
275 1046
276 896
276 1030
276 1441
276 494
276 1134
276 539
277 359
278 832
278 483
278 1542
278 455
278 1676
278 1883
279 992
279 1729
279 615
279 306
279 920
279 690
280 560
280 912
280 357
280 524
280 690
280 815
280 562
280 1139
280 1241
280 413
280 1829
281 1600
281 934
282 517
282 510
283 1615
283 1169
283 1076
283 565
283 603
283 1405
283 1470
283 671
285 329
285 783
285 968
286 1022
287 1136
287 513
287 835
288 320
288 331
288 1100
288 465
288 851
288 1141
288 1866
289 1641
289 443
289 1742
290 449
290 1603
290 1362
290 983
291 312
291 1498
292 615
292 465
292 293
293 880
293 684
293 301
293 816
293 1114
293 1019
293 799
294 1092
294 1162
294 748
294 1421
294 1613
294 1331
294 791
294 1086
295 1154
295 692
295 1237
295 1590
295 1020
296 1232
296 858
297 513
297 587
297 1645
297 1550
297 1048
297 954
297 1371
298 704
298 548
298 533
298 1306
298 350
299 1338
299 707
299 606
300 1017
301 685
301 502
301 351
302 1069
303 610
303 627
303 697
304 544
304 1760
304 322
304 487
306 859
307 672
307 962
307 588
307 881
307 503
307 892
307 1461
308 706
308 774
308 1543
308 650
308 878
308 1841
308 1151
308 639
310 746
311 887
311 559
312 385
312 1799
312 747
312 1516
312 696
312 1626
312 1436
314 485
316 561
317 824
317 1177
318 1204
319 1251
319 1862
319 1256
319 1673
319 1586
319 978
319 693
319 889
319 763
319 540
319 574
320 1672
321 400
322 1369
322 661
322 1326
323 325
323 815
323 417
324 677
324 332
324 402
324 1589
324 729
326 1578
326 372
326 1305
326 1209
327 1355
327 1141
327 1400
327 1021
328 1286
328 491
328 1084
328 1327
328 1720
328 924
329 624
330 942
330 701
330 1523
330 788
330 1525
330 1469
331 947
331 1398
332 1862
332 424
332 1452
332 548
332 1790
334 391
334 491
334 558
334 531
334 827
335 1186
335 359
335 647
335 941
335 1553
337 1314
337 804
337 838
337 1557
337 1143
340 1858
340 645
340 1062
340 1579
340 1484
340 879
340 984
340 415
341 1056
341 349
344 516
344 1316
345 860
345 405
346 1066
346 438
347 660
347 1067
348 416
348 484
348 1670
348 810
348 1715
348 749
348 1587
348 469
348 1465
348 890
348 1691
348 1181
348 1246
349 1520
349 473
351 1272
351 1655
352 1249
352 738
352 451
352 523
352 1848
352 562
352 1205
352 1207
352 1304
352 1889
353 868
353 396
353 757
355 563
355 577
356 1795
356 1187
356 1097
357 1667
357 1456
357 628
357 1847
357 468
360 1878
361 1312
361 737
361 995
361 1604
361 926
362 481
362 1749
363 392
363 1188
365 1782
367 848
367 1383
367 1531
368 1732
368 1371
368 422
369 1161
369 1575
370 796
370 817
371 672
371 681
371 1740
371 1555
371 1685
372 833
372 1865
372 1067
372 557
372 721
372 1396
372 917
372 1884
373 1571
373 1453
373 1042
373 629
374 427
374 708
374 1258
374 1330
374 1814
375 1264
375 478
376 1003
376 1332
377 1568
377 1188
377 460
377 1840
378 840
378 1002
378 502
378 1118
379 740
379 518
379 1868
379 1518
379 1753
381 1361
381 645
382 834
382 899
382 582
382 616
382 1097
382 874
382 1081
383 1058
383 1189
383 1640
383 787
383 1242
384 1009
384 719
385 741
385 1222
385 1239
385 959
386 1674
386 1835
386 652
386 621
386 630
386 408
386 763
387 1739
389 1670
390 1291
391 784
392 931
392 534
393 644
393 1194
393 1741
393 407
393 1450
394 1662
394 910
394 1455
395 1730
395 835
395 1783
395 559
395 1623
395 665
395 655
395 719
396 1728
396 1380
396 655
396 403
396 787
396 731
396 1757
398 750
399 483
399 1130
399 400
399 722
399 1853
400 1486
401 1718
402 1291
402 1447
402 808
402 1262
402 1519
402 1364
402 694
402 664
402 765
403 1803
404 999
405 1527
405 501
405 1687
405 1534
406 585
406 676
407 858
407 820
408 1721
408 561
409 1199
409 668
409 423
410 546
410 626
411 1253
411 1490
411 1844
411 952
411 805
413 891
414 1424
416 1776
416 578
418 1676
418 674
418 1582
419 1024
419 1623
419 1818
419 1246
420 739
420 1384
420 716
420 1325
420 430
420 1800
420 1051
423 570
423 1322
423 1807
424 593
424 1492
424 725
424 1502
426 1822
426 1387
428 1638
428 1671
428 1071
428 946
428 1148
428 1567
430 764
430 1269
431 1766
431 786
431 1293
432 1129
432 1583
433 897
433 1410
433 803
433 894
434 1232
436 1218
436 585
436 1330
436 466
436 1596
437 1664
437 967
437 1403
437 1351
437 589
437 1703
437 981
437 1272
437 635
438 1584
438 1738
439 512
439 1888
439 1742
439 726
439 1087
440 458
440 710
441 962
442 809
442 1811
443 1363
443 1896
444 1485
444 1175
445 943
445 1647
445 963
446 1442
446 785
446 745
446 874
446 1868
446 1333
446 1564
447 1448
447 1524
447 1884
447 1438
449 1657
450 1234
450 1204
452 1700
452 595
452 1284
454 1540
455 606
456 640
456 1894
456 1096
456 751
456 1621
457 1029
458 932
458 670
459 1307
459 934
459 682
459 749
459 753
459 819
459 1211
459 1276
459 477
459 735
461 1834
461 549
461 1639
462 536
462 1101
463 1573
463 937
463 1131
463 504
463 893
464 823
465 1249
465 1538
465 1199
467 896
467 579
467 1156
467 903
467 1396
467 986
467 1765
468 601
468 555
468 1197
469 1849
470 1253
471 1733
471 1414
471 872
471 1581
474 916
476 1509
476 1003
478 1281
478 503
480 1366
483 520
483 553
483 767
484 936
484 628
484 511
488 848
490 614
490 1340
490 1039
491 657
491 990
491 1145
493 1121
497 515
497 1139
497 891
497 1438
498 1192
498 1296
498 714
499 1661
503 1382
505 1124
505 1598
506 880
506 1305
508 617
508 1049
510 711
510 1521
510 786
510 950
510 1751
511 771
511 1478
511 522
511 1201
511 632
512 1697
512 1445
512 1554
512 965
514 931
516 1828
517 743
518 528
518 776
519 638
520 961
520 932
520 1041
520 1109
520 575
521 1254
521 1644
521 1459
521 1108
521 533
521 798
522 720
523 1773
523 971
523 1599
524 691
525 1822
525 1111
526 1408
526 1168
526 1052
526 1215
527 728
527 1468
528 1422
528 1213
528 991
529 724
529 570
530 912
530 1449
531 1152
532 601
534 1870
536 758
536 827
536 844
537 768
537 1640
537 1361
537 1075
537 599
537 538
539 1344
539 648
539 623
539 857
539 924
540 1079
541 1625
546 651
546 654
546 1103
546 1270
547 1644
549 1300
550 705
550 1353
550 842
550 590
550 1642
552 1356
552 1262
552 886
552 733
553 1872
554 1360
554 748
554 1278
555 802
555 1418
557 1714
557 1686
558 1827
560 1386
560 1229
560 921
560 572
561 578
562 643
562 581
563 841
563 762
563 1641
564 1634
564 1317
564 1772
564 1712
564 1617
564 821
566 1757
566 1859
566 1517
568 1440
568 666
568 1850
568 702
569 620
569 1030
570 1620
571 1824
571 730
571 999
572 867
572 1185
574 1328
574 790
575 1632
575 813
576 1045
579 789
580 737
581 1752
584 1192
584 1892
585 960
585 994
585 868
585 1174
585 776
585 875
585 1872
585 882
585 1015
585 1208
585 925
586 967
587 1594
588 839
588 1837
590 722
590 997
591 1324
592 1031
592 1634
592 1846
594 744
594 1476
594 1299
595 1437
596 1477
597 1073
597 599
599 1107
600 1077
602 1863
602 1484
602 1230
602 887
602 1245
603 717
605 1108
606 1771
606 919
606 1523
607 870
607 1578
607 1200
607 1044
607 829
608 1112
609 1620
611 1214
611 777
612 1659
612 1173
613 988
613 734
614 1863
614 1679
614 688
614 1240
614 1144
614 1406
615 864
616 1303
616 1518
616 847
618 650
618 668
618 1309
620 1159
620 854
620 998
621 1622
621 1109
622 1344
622 723
623 1896
624 1351
624 1649
624 775
625 640
625 884
625 1128
626 1328
626 1703
626 1047
628 1384
629 641
629 1643
629 1612
629 1085
629 1072
629 925
633 1486
634 1798
634 892
634 780
634 1073
634 918
634 841
636 917
637 1236
638 1348
638 1033
638 1195
638 1713
638 1597
638 1503
641 757
642 1121
642 1255
642 972
642 1377
642 1238
642 665
642 1565
642 1533
644 1026
644 1382
645 1338
647 1149
648 1568
649 1603
650 1870
651 977
652 1080
652 1791
654 778
654 1062
655 959
656 702
656 1636
657 1607
658 1689
658 1023
658 775
659 1106
659 1423
664 1873
664 1629
665 1529
665 1775
666 1427
667 1443
668 1570
668 698
671 1869
673 1733
673 1355
673 1292
673 1650
673 1692
674 1316
675 918
675 1031
676 1459
679 1480
679 1882
679 1541
680 1278
683 1112
683 1166
683 839
684 1833
686 1725
686 1069
687 1191
688 1446
689 1571
689 836
691 1607
691 751
692 1789
693 1688
693 1684
695 1684
697 1724
697 1805
699 1138
700 1014
700 1622
701 1336
701 1732
701 1513
702 1462
703 1669
707 1610
707 1178
707 1174
708 961
709 1327
710 853
712 814
713 768
713 1539
713 732
713 1119
717 1512
717 731
718 1752
718 861
719 1860
719 1245
719 1127
720 1651
722 1412
723 888
723 1892
727 1661
727 885
727 1589
728 1778
729 1672
730 742
730 1100
730 1331
730 1434
732 1302
733 915
733 960
737 1839
737 1295
737 1587
737 1431
737 1257
738 883
740 1068
744 1758
744 1718
745 997
745 1646
745 1555
745 1491
746 853
746 1461
748 1475
749 990
750 1608
750 1538
750 1107
753 905
753 954
753 1841
754 1248
754 1082
755 1501
755 1673
756 1144
756 1429
757 1134
758 1036
760 1101
762 1250
762 1602
762 1397
762 1335
763 788
764 1787
767 1439
768 1282
768 964
768 1426
768 1337
769 1183
769 1047
770 1808
770 1779
771 1388
772 1164
773 1876
774 1479
775 909
782 1717
783 1842
784 798
785 1638
786 993
786 1161
786 973
786 976
786 1395
786 1630
786 1146
789 950
790 1576
790 1094
791 1269
791 1797
791 831
792 1054
793 1768
795 866
795 1650
795 1299
795 1181
796 1736
799 1296
799 1764
800 1153
800 1349
800 975
801 1294
805 1018
806 904
806 876
806 1544
809 1784
809 1731
809 1124
810 1624
810 1381
813 843
814 1562
815 1306
815 836
815 1482
816 1488
816 914
817 889
818 1855
819 1576
819 1506
819 1213
821 1336
822 1220
822 1814
823 1683
828 1198
828 1878
829 1693
830 1453
833 1277
835 1315
837 1426
837 1126
837 1015
838 1475
838 1804
840 1534
841 863
843 937
843 851
844 1404
845 1734
845 1318
848 1520
848 1705
850 1008
852 1116
856 1195
857 1753
858 1143
858 1244
859 1421
859 1741
860 1055
862 871
863 947
863 1460
863 1273
864 875
867 1309
867 1294
867 1669
868 1551
870 1186
870 1574
870 1724
870 1036
870 1744
870 1235
870 1020
872 1312
872 972
876 1758
876 1053
881 1374
887 1155
887 1654
889 1229
893 1032
893 916
893 1102
894 1376
894 1763
896 1075
896 1233
897 1315
898 1292
898 1812
898 1817
898 1566
899 1844
899 1365
902 939
902 1364
903 1040
904 1394
904 1243
905 920
907 1071
907 1038
908 1838
908 1432
908 1242
908 1084
908 1087
909 1137
911 1598
912 956
913 1861
914 1111
916 1743
916 1254
916 1271
920 1318
921 1201
921 1473
923 1150
926 1851
927 1448
929 1495
929 1078
930 1179
930 1413
930 1193
934 1852
934 1549
935 1390
936 1830
938 1580
941 1022
942 1265
942 1777
946 969
946 1077
948 1098
948 1178
949 1132
949 1160
949 1496
949 1595
950 1479
950 1023
952 1089
952 1283
952 1184
954 1899
958 1436
959 1115
960 1816
963 1148
967 969
968 1016
969 1175
971 1223
972 1193
974 1251
974 996
974 1577
974 1156
975 1606
975 1150
978 1536
979 1136
979 1825
980 1401
983 1489
984 1057
986 1449
986 1546
987 1722
988 1274
988 1893
989 1238
989 1247
991 1170
992 1006
993 1588
993 1334
993 1720
993 1268
994 1014
995 1454
995 1257
1002 1660
1003 1354
1005 1230
1007 1402
1011 1177
1012 1701
1012 1359
1014 1226
1014 1458
1016 1415
1020 1560
1020 1055
1020 1550
1022 1601
1022 1033
1022 1522
1022 1694
1023 1337
1024 1180
1026 1158
1027 1452
1033 1267
1035 1050
1037 1244
1037 1132
1038 1049
1038 1515
1040 1501
1042 1252
1044 1368
1045 1791
1049 1099
1050 1440
1058 1171
1059 1813
1063 1407
1064 1597
1069 1854
1069 1651
1071 1080
1071 1887
1072 1079
1073 1280
1074 1451
1078 1599
1079 1228
1079 1326
1081 1088
1082 1843
1092 1301
1094 1506
1095 1645
1100 1408
1101 1874
1105 1513
1106 1374
1109 1630
1109 1135
1110 1730
1110 1521
1111 1293
1112 1163
1114 1290
1115 1465
1116 1497
1117 1847
1121 1750
1121 1261
1122 1375
1127 1310
1138 1682
1142 1496
1145 1205
1146 1397
1156 1497
1161 1605
1163 1464
1163 1706
1165 1795
1167 1595
1167 1236
1167 1727
1172 1411
1173 1709
1178 1494
1179 1474
1180 1648
1183 1545
1187 1592
1187 1803
1188 1619
1188 1323
1191 1819
1191 1428
1191 1275
1194 1494
1197 1308
1197 1690
1198 1248
1199 1256
1199 1588
1199 1621
1200 1826
1203 1799
1204 1793
1204 1466
1204 1773
1205 1548
1212 1526
1217 1829
1219 1239
1220 1796
1220 1349
1221 1420
1221 1287
1224 1471
1229 1828
1229 1341
1229 1525
1231 1311
1234 1235
1236 1864
1237 1499
1237 1723
1238 1652
1242 1511
1244 1707
1245 1695
1253 1855
1254 1685
1255 1643
1255 1631
1259 1625
1267 1780
1269 1786
1273 1443
1273 1352
1273 1487
1273 1704
1279 1633
1280 1548
1281 1454
1282 1633
1282 1681
1283 1788
1283 1530
1286 1356
1291 1420
1302 1430
1305 1514
1307 1414
1308 1664
1312 1842
1313 1428
1313 1467
1314 1614
1320 1532
1324 1745
1327 1504
1331 1740
1331 1556
1331 1682
1333 1488
1333 1880
1335 1547
1339 1347
1340 1345
1343 1771
1345 1636
1351 1631
1353 1561
1356 1613
1357 1714
1359 1830
1360 1362
1365 1806
1366 1602
1368 1498
1369 1445
1374 1544
1376 1415
1379 1662
1381 1388
1385 1765
1387 1648
1388 1749
1391 1419
1391 1756
1391 1815
1397 1716
1399 1857
1399 1514
1402 1584
1405 1627
1406 1666
1408 1616
1410 1705
1412 1417
1416 1437
1420 1769
1422 1653
1434 1491
1434 1694
1446 1774
1451 1895
1460 1763
1462 1573
1469 1785
1476 1861
1487 1665
1487 1754
1487 1853
1490 1835
1494 1772
1506 1519
1507 1700
1516 1639
1518 1537
1519 1593
1519 1591
1522 1692
1522 1611
1522 1716
1523 1637
1529 1734
1536 1768
1537 1881
1539 1689
1552 1699
1578 1859
1580 1839
1588 1874
1588 1590
1596 1826
1600 1865
1613 1820
1613 1745
1631 1635
1637 1675
1638 1738
1640 1886
1651 1717
1662 1690
1671 1895
1676 1767
1676 1759
1680 1696
1684 1704
1686 1875
1688 1843
1688 1794
1734 1739
1734 1756
1736 1891
1737 1746
1739 1886
1756 1858
1763 1786
1771 1864
1803 1880
