0 1
0 2
0 265
0 1039
0 21
0 542
0 416
0 35
0 36
0 37
0 1066
0 684
0 174
0 1202
0 158
0 569
0 192
0 1476
0 837
0 461
0 1316
0 933
0 1275
0 234
0 1274
0 379
0 1386
1 288
1 130
1 3
1 4
1 999
1 969
1 384
1 1188
1 442
2 128
2 1538
2 10
2 11
2 1421
2 46
2 26
2 159
2 32
2 169
2 43
2 302
2 817
2 57
2 245
2 600
2 219
2 988
2 482
2 611
2 233
2 365
2 753
2 629
2 246
2 122
3 131
3 5
3 262
3 8
3 876
3 784
3 20
3 1429
3 151
3 282
3 28
3 160
3 33
3 6
3 38
3 552
3 1436
3 815
3 176
3 308
3 949
3 55
3 1592
3 1358
3 1087
3 78
3 466
3 1236
3 974
3 1240
3 89
3 90
3 859
3 733
3 102
3 1257
3 364
3 905
3 1138
3 1524
3 121
3 634
4 832
4 643
4 132
4 211
4 1055
4 361
4 170
4 847
4 16
4 83
4 149
4 150
4 119
4 408
4 1161
4 155
4 767
4 1546
4 735
4 425
5 798
5 260
5 7
5 1228
5 875
5 12
5 622
5 51
5 478
5 470
5 183
5 699
5 29
5 30
7 232
7 9
7 592
7 409
7 765
8 644
8 490
8 175
8 985
8 27
8 223
9 256
9 571
9 900
9 15
9 18
9 147
9 539
9 924
9 1242
9 166
9 561
9 1577
9 1543
9 1455
9 304
9 305
9 178
9 187
9 575
9 897
9 75
9 332
9 849
9 210
9 212
9 1368
9 218
9 95
9 59
9 1073
9 235
9 338
9 880
9 241
9 118
9 120
9 1019
10 1027
10 100
10 295
10 521
10 1323
10 428
10 79
10 1392
10 17
10 19
10 24
10 410
10 189
10 990
11 42
11 396
11 792
11 947
11 472
12 1281
12 775
12 138
12 267
12 13
12 271
12 657
12 274
12 275
12 1134
12 25
12 153
12 1435
12 285
12 799
12 417
12 163
12 1448
12 1327
12 50
12 565
12 952
12 188
12 1482
12 1217
12 962
12 972
12 74
12 459
12 588
12 1230
12 591
12 80
12 81
12 1047
12 348
12 720
12 994
12 1510
12 1006
12 1393
12 882
12 115
12 247
12 504
12 252
12 253
12 1534
13 960
13 66
13 1181
13 14
14 1205
14 1074
14 1508
14 61
15 99
15 39
15 106
15 145
15 22
16 321
16 101
16 748
16 238
16 528
16 49
16 85
17 838
17 168
17 111
17 661
17 54
17 283
17 156
18 1377
18 772
18 1254
18 682
18 242
18 412
18 62
19 1537
19 389
19 1170
19 23
19 728
19 313
19 1020
20 56
20 596
20 31
21 1357
22 325
22 110
22 309
22 950
22 574
23 104
24 833
24 137
24 144
24 593
24 1332
24 1401
24 1209
24 447
25 48
25 41
25 306
26 1478
27 34
27 931
27 322
27 386
27 909
27 1585
27 983
27 154
27 60
29 736
29 135
29 136
29 143
29 53
29 251
30 1504
30 161
30 355
30 198
30 40
30 788
30 1494
30 1082
30 63
31 1344
31 353
31 1442
31 103
31 105
31 722
31 1235
31 58
32 69
32 422
32 1353
32 715
32 98
32 1427
32 1012
32 117
32 953
32 217
32 1079
32 221
32 959
34 1569
34 44
34 462
34 1361
34 564
34 599
34 477
35 73
35 140
35 435
35 498
35 403
35 437
35 1016
35 1565
37 551
38 513
38 1227
40 1059
40 133
40 648
40 778
40 1259
40 141
40 77
40 45
40 1139
40 86
40 1215
40 1023
41 450
41 180
41 201
42 939
42 197
42 72
42 47
42 883
42 87
43 1013
43 1178
44 579
44 1094
44 1255
44 1326
44 84
44 725
44 1518
45 257
45 898
45 292
45 677
45 993
45 1063
45 108
45 1456
45 52
45 885
45 836
45 741
48 864
48 97
48 68
48 1284
48 65
48 809
48 263
48 300
48 721
48 1472
48 124
48 125
48 1278
48 287
49 1145
49 67
50 1497
50 291
50 670
50 70
51 710
52 96
52 848
52 1026
52 1507
52 1171
52 134
52 167
52 744
52 1258
52 1184
52 240
52 402
52 627
52 628
52 215
52 506
52 475
52 380
53 454
53 231
54 1224
54 186
54 191
56 64
56 610
56 582
56 903
57 810
57 293
57 590
57 71
58 1042
59 673
59 717
59 333
59 109
59 113
59 339
59 181
59 1206
59 719
60 194
60 1387
60 196
60 615
60 139
60 1101
60 430
60 303
60 114
60 916
60 760
60 666
60 157
60 255
61 948
61 511
63 184
63 1252
63 1052
65 123
65 195
66 547
66 1093
66 107
66 76
66 1521
66 1099
66 485
67 320
67 481
67 804
67 1413
67 1329
67 1065
67 1168
67 1292
67 526
67 112
67 370
67 1108
67 344
67 700
68 352
68 938
68 1232
68 496
69 752
69 595
69 709
69 855
70 239
71 351
72 162
72 1415
72 808
72 395
72 177
72 857
72 317
72 94
73 664
74 488
74 942
76 431
77 567
78 1122
78 356
78 869
78 619
78 556
78 495
78 337
78 1430
78 631
78 88
78 249
78 635
79 489
79 572
79 881
79 383
80 129
80 419
80 519
80 457
80 426
80 583
80 82
80 213
80 1438
80 535
80 1176
80 1530
80 605
80 1310
80 917
81 480
81 258
81 1283
81 392
81 642
81 1169
81 1343
81 1335
81 536
81 537
81 538
81 91
81 92
81 222
81 479
82 1459
82 1397
82 142
82 1303
83 515
83 690
83 315
83 1155
84 297
84 1362
84 405
85 936
85 1420
85 1384
85 818
85 467
85 441
85 1149
85 126
86 278
86 1463
87 706
87 835
87 587
87 269
87 207
87 146
87 373
87 534
87 1111
87 446
88 1249
88 388
88 296
88 237
88 1320
88 723
88 374
88 216
88 580
88 667
89 1085
90 116
90 93
93 152
94 1289
94 1424
94 243
94 654
96 1001
97 1124
97 652
97 173
97 718
97 630
97 1559
99 1503
101 505
101 554
101 1186
102 1383
103 193
103 229
103 617
103 1265
103 1045
103 342
104 512
104 553
104 172
104 1102
104 250
104 956
104 863
105 421
105 326
105 584
105 1356
105 566
105 343
106 813
106 171
106 413
107 448
107 1051
107 455
107 616
107 1516
107 367
107 1328
107 1233
107 182
107 663
107 1048
107 411
107 1084
108 683
108 404
108 190
108 1173
109 1563
109 420
109 165
109 390
109 970
109 887
109 1272
110 1336
111 769
111 1030
111 1225
111 362
111 204
111 525
111 206
111 1266
111 1106
111 1513
111 312
112 487
112 1036
112 686
112 892
112 318
114 773
114 330
114 335
114 220
114 842
114 1564
116 440
117 1280
117 1511
117 919
117 314
117 347
118 1218
118 261
118 651
118 884
118 713
118 349
119 1056
119 164
119 1190
119 650
119 743
119 264
119 202
119 523
119 1068
119 573
119 1096
119 530
119 563
119 244
119 757
119 415
119 1244
119 522
119 1288
119 127
120 230
123 227
123 391
123 1418
123 1197
123 366
123 789
123 503
123 636
124 1040
124 1276
124 463
124 978
124 148
124 406
124 828
125 208
125 203
125 456
125 1433
126 1204
126 399
129 1331
129 1086
129 438
129 1389
130 997
130 199
130 328
130 585
130 299
130 1037
130 1554
130 500
130 1142
130 375
130 641
130 1114
133 228
134 1200
134 294
134 841
134 432
134 1110
134 826
134 1373
135 647
135 1064
135 1033
135 1460
135 945
135 468
135 185
135 922
139 371
139 225
139 323
141 800
142 811
142 1340
143 336
144 464
144 906
144 1248
144 558
146 289
146 1060
146 1509
146 1158
146 1031
146 877
146 1345
146 656
146 214
146 540
146 1598
147 494
150 618
150 998
151 771
153 764
154 1483
156 1375
156 589
156 510
156 742
159 662
159 607
160 360
160 1544
160 975
161 1379
161 341
162 387
162 844
162 557
162 179
162 1141
162 696
163 805
164 385
164 866
164 458
164 205
164 601
164 319
167 929
167 1128
167 279
167 814
167 532
167 854
167 471
167 280
167 1531
167 1470
169 531
169 1588
170 259
170 414
170 1487
172 1092
173 224
173 1058
173 452
173 369
173 200
173 681
173 424
173 562
173 1417
173 516
173 701
174 334
175 1090
175 550
175 624
175 372
175 1302
176 1441
177 1116
178 1568
179 680
179 653
180 672
180 626
180 1454
182 603
182 331
182 474
184 382
186 1123
190 739
190 1156
190 586
190 209
190 1021
191 1121
191 839
193 695
193 277
194 357
194 439
194 273
194 823
194 248
194 1374
194 1317
196 1135
196 613
196 797
200 286
200 783
201 920
201 1419
203 1466
203 1381
204 354
204 612
204 1287
204 716
204 914
204 276
205 520
205 570
205 1539
205 893
209 284
209 469
210 427
210 268
210 1007
210 976
210 529
210 254
210 895
211 226
211 1003
211 1234
211 1486
212 310
212 1479
212 1005
212 301
212 1295
212 1046
213 1445
213 1159
213 236
213 524
213 1298
216 578
216 707
216 393
216 493
216 270
216 1250
216 649
217 272
217 944
217 1388
217 665
218 544
218 873
218 329
219 449
219 346
219 761
222 1330
222 1477
222 345
226 423
227 606
232 1489
232 1038
232 822
234 1057
234 620
234 694
235 646
238 281
238 598
240 675
241 1593
241 860
241 621
241 669
242 768
242 502
245 714
245 614
246 888
246 659
246 1034
246 638
247 704
248 1014
252 1172
252 266
252 834
252 359
253 1049
253 819
260 548
262 865
262 546
262 731
262 1315
263 862
263 1127
265 1594
265 891
265 453
265 846
267 533
267 1359
269 451
269 1351
269 465
269 899
269 691
269 727
269 1305
269 1372
269 1451
270 625
270 1474
271 290
271 460
271 1282
271 1196
271 340
271 311
271 856
271 991
273 491
273 363
273 499
273 1035
273 307
273 724
273 702
274 737
274 1367
275 1582
275 1061
275 1446
277 608
277 640
277 609
277 845
277 1549
277 951
277 378
279 791
279 851
279 687
279 324
281 350
282 946
282 1029
283 712
283 1443
283 541
283 703
284 1567
284 982
284 1439
289 1237
289 559
290 444
291 597
293 508
293 1119
294 476
295 1501
295 759
297 298
297 1506
297 1502
299 545
299 697
299 1402
299 381
299 1118
301 436
301 1517
301 758
303 327
305 1556
305 1133
305 1369
306 1201
308 840
308 316
310 514
312 483
312 358
315 802
315 1410
315 401
315 1081
315 827
319 1301
320 484
322 1028
323 1270
323 1091
323 726
323 1002
323 581
323 1231
323 501
323 918
323 1468
323 927
324 780
324 1245
324 734
326 878
334 1130
336 732
337 843
337 711
337 774
337 655
338 1008
338 639
338 407
339 992
339 963
339 1399
339 377
339 766
340 1587
341 1078
342 1363
346 1238
347 473
348 400
348 770
350 1011
350 1126
350 497
351 549
352 930
355 1528
355 693
357 1125
357 807
357 1355
357 429
357 368
357 1107
360 1480
360 746
362 376
363 1542
367 397
367 398
368 1453
368 445
370 1299
370 517
370 1175
373 1293
379 394
381 1131
381 958
386 1536
386 1195
389 560
389 1193
389 443
389 1325
393 698
396 955
398 433
399 803
399 787
399 1077
399 1009
401 1180
403 1144
404 527
409 1396
410 668
411 492
415 1018
416 1364
417 418
417 1160
417 434
417 984
417 1115
420 1403
420 1143
421 1495
422 543
424 1337
424 1187
424 1548
424 486
426 872
426 1226
426 934
427 738
427 871
427 1067
427 594
427 1550
427 781
427 1334
427 1465
427 509
428 1174
430 941
432 705
434 867
434 1382
434 679
434 779
434 852
434 821
438 1290
439 812
443 623
444 518
445 1519
447 688
450 831
451 785
452 762
452 1578
452 1533
459 830
460 1109
461 874
461 1405
462 740
463 568
463 1380
466 1391
471 858
475 889
476 678
479 825
480 1490
486 689
491 937
494 1147
495 1376
495 507
495 853
497 1261
498 1414
504 1271
507 1017
507 1146
507 747
511 602
516 907
518 820
518 755
518 870
519 1000
519 1338
521 576
521 1154
523 1312
523 729
524 790
524 1165
526 674
526 745
526 1069
526 1426
526 1219
526 1434
527 577
527 1541
528 1499
528 751
532 1500
535 555
537 1194
537 1251
538 801
543 1221
543 1365
545 1213
546 890
546 1580
547 671
552 940
553 1484
553 796
554 749
556 604
557 1416
557 829
561 692
564 928
566 1394
566 1485
566 1469
566 633
568 1447
568 1062
575 923
577 1097
577 1583
580 1313
582 1152
587 1294
588 708
588 794
588 685
589 754
590 901
595 1552
596 971
596 645
596 1054
602 1535
602 1220
603 658
608 632
611 1407
612 1246
612 935
613 1321
615 911
617 1423
621 1341
622 1010
622 1347
622 637
623 1596
625 676
625 660
625 886
626 904
627 1572
627 730
628 786
631 1262
632 1314
633 850
633 1203
633 1157
637 1024
637 1395
642 861
642 1151
650 1212
652 777
653 1579
653 1597
655 1591
656 1076
659 915
659 750
661 966
661 1551
662 961
665 816
665 1136
670 980
671 1462
676 1004
676 989
681 756
681 1207
683 1162
690 1553
694 1576
694 1083
695 1498
697 1425
697 1515
700 1319
701 1256
703 1253
704 996
704 973
706 1404
706 1150
707 1260
708 1590
708 1095
710 1525
714 1457
714 763
714 782
716 1304
716 1043
719 957
720 776
720 1306
720 1557
729 1297
729 1070
733 1574
735 824
736 795
740 1177
742 806
748 1247
752 1105
752 1398
753 995
754 908
756 932
756 981
766 910
767 1208
769 1191
770 1300
774 1088
775 1366
781 1112
783 793
783 1324
784 1210
784 1117
786 1025
788 1185
788 1166
789 1422
789 1103
791 1098
794 1408
798 1032
802 1053
802 1071
805 1113
805 967
806 912
806 1264
806 925
808 954
808 1075
808 1199
810 1100
814 1241
822 1370
830 894
832 1285
837 1346
838 1493
840 1041
841 1520
841 1089
841 1211
841 964
842 1400
842 965
845 913
845 1570
846 1044
847 1322
847 943
847 1243
847 1148
847 1183
848 868
848 1461
859 1390
860 1189
860 1527
861 1532
863 1458
863 879
867 986
867 1437
871 921
871 1473
875 1352
876 979
877 1409
884 896
890 926
895 1015
899 1291
899 902
900 1311
901 1308
904 1385
907 1222
911 1348
924 1286
942 1223
943 1267
949 1371
950 1022
963 968
963 987
963 1167
969 1449
970 1179
970 1279
974 977
976 1566
977 1137
980 1349
988 1216
988 1129
988 1444
989 1182
992 1296
997 1120
997 1153
1008 1192
1011 1198
1020 1072
1025 1505
1035 1132
1036 1491
1044 1050
1053 1333
1068 1104
1070 1488
1070 1140
1072 1080
1072 1378
1072 1350
1077 1432
1077 1268
1082 1464
1086 1239
1096 1514
1101 1342
1103 1589
1103 1475
1103 1164
1103 1263
1105 1428
1105 1471
1112 1411
1116 1307
1117 1229
1123 1309
1123 1318
1128 1214
1154 1560
1159 1595
1159 1575
1162 1163
1171 1496
1177 1522
1182 1360
1182 1277
1191 1273
1220 1339
1224 1354
1224 1431
1246 1412
1247 1269
1257 1584
1286 1562
1294 1581
1302 1450
1303 1440
1304 1452
1322 1558
1353 1481
1392 1586
1392 1526
1393 1512
1399 1523
1400 1406
1416 1529
1420 1540
1426 1467
1435 1492
1437 1573
1489 1599
1515 1571
1519 1547
1531 1545
1550 1561
1552 1555
