0 256
0 129
0 4
0 5
0 6
0 7
0 8
0 9
0 13
0 14
0 580
0 17
0 21
0 25
0 26
0 751
0 156
0 417
0 35
0 37
0 775
0 818
0 176
0 50
0 51
0 692
0 137
0 570
0 187
0 60
0 61
0 190
0 701
0 68
0 839
0 458
0 462
0 269
0 84
0 782
0 92
0 677
0 224
0 612
0 360
0 233
0 189
0 616
0 504
0 980
0 122
0 509
1 513
1 4
1 5
1 6
1 777
1 524
1 270
1 20
1 22
1 24
1 153
1 285
1 31
1 546
1 422
1 988
1 797
1 562
1 442
1 955
1 189
1 321
1 196
1 199
1 73
1 203
1 463
1 720
1 860
1 225
1 99
1 489
1 353
1 624
1 245
1 255
2 4
2 5
2 6
2 7
2 8
2 9
2 10
2 524
2 13
2 15
2 17
2 18
2 19
2 20
2 24
2 31
2 32
2 34
2 518
2 38
2 40
2 41
2 43
2 45
2 561
2 57
2 65
2 66
2 580
2 77
2 85
2 88
2 100
2 108
2 113
2 120
2 123
2 126
2 640
2 139
2 656
2 536
2 664
2 153
2 158
2 163
2 166
2 682
2 189
2 193
2 202
2 204
2 210
2 211
2 215
2 226
2 229
2 714
2 755
2 249
2 253
2 783
2 786
2 794
2 804
2 808
2 311
2 832
2 324
2 329
2 335
2 338
2 858
2 356
2 365
2 366
2 888
2 393
2 395
2 398
2 399
2 836
2 927
2 422
2 428
2 436
2 437
2 438
2 960
2 456
2 589
2 467
2 502
2 505
3 194
3 132
3 7
3 904
3 266
3 823
3 494
3 272
3 275
3 567
3 4
3 284
4 5
4 6
4 8
4 9
4 10
4 11
4 12
4 525
4 14
4 16
4 18
4 19
4 532
4 21
4 23
4 537
4 26
4 27
4 33
4 548
4 37
4 42
4 43
4 44
4 45
4 46
4 51
4 565
4 58
4 62
4 63
4 67
4 69
4 74
4 75
4 76
4 591
4 80
4 82
4 87
4 600
4 90
4 92
4 94
4 608
4 102
4 105
4 619
4 110
4 111
4 116
4 125
4 639
4 134
4 135
4 136
4 146
4 659
4 25
4 157
4 161
4 164
4 677
4 177
4 181
4 183
4 696
4 186
4 189
4 193
4 710
4 202
4 730
4 230
4 744
4 746
4 752
4 247
4 253
4 776
4 777
4 782
4 280
4 285
4 297
4 810
4 817
4 308
4 311
4 827
4 320
4 835
4 337
4 345
4 356
4 742
4 881
4 370
4 903
4 393
4 906
4 908
4 420
4 435
4 949
4 966
4 967
4 974
4 469
4 486
4 490
5 741
5 7
5 40
5 331
5 145
5 466
5 352
5 855
5 536
5 164
5 221
5 126
6 131
6 390
6 8
6 137
6 266
6 11
6 12
6 14
6 15
6 16
6 145
6 18
6 19
6 533
6 22
6 23
6 260
6 27
6 930
6 32
6 33
6 162
6 35
6 36
6 166
6 680
6 42
6 44
6 45
6 46
6 943
6 905
6 392
6 178
6 52
6 53
6 822
6 823
6 314
6 428
6 188
6 522
6 320
6 562
6 962
6 196
6 197
6 70
6 516
6 859
6 77
6 467
6 79
6 580
6 163
6 343
6 344
6 89
6 219
6 736
6 94
6 607
6 608
6 868
6 785
6 744
6 362
6 238
6 624
6 115
6 120
6 378
6 818
6 511
7 520
7 9
7 10
7 11
7 12
7 397
7 142
7 911
7 16
7 19
7 473
7 665
7 282
7 27
7 538
7 30
7 34
7 36
7 41
7 298
7 427
7 300
7 46
7 431
7 968
7 926
7 57
7 59
7 654
7 995
7 64
7 197
7 225
7 200
7 333
7 210
7 739
7 85
7 292
7 346
7 859
7 732
7 734
7 96
7 144
7 99
7 239
7 628
7 967
8 900
8 389
8 648
8 10
8 268
8 13
8 408
8 409
8 26
8 412
8 670
8 31
8 546
8 36
8 170
8 43
8 947
8 310
8 756
8 445
8 960
8 962
8 758
8 72
8 714
8 226
8 386
8 90
8 97
8 98
8 357
8 242
8 628
8 630
8 759
8 251
8 381
9 384
9 388
9 11
9 499
9 17
9 963
9 281
9 25
9 795
9 29
9 800
9 674
9 38
9 301
9 176
9 469
9 550
9 697
9 574
9 194
9 67
9 72
9 330
9 460
9 696
9 339
9 341
9 484
9 351
9 98
9 867
9 228
9 101
9 998
9 622
9 879
9 112
9 370
9 115
9 244
9 117
9 759
9 123
9 127
10 641
10 390
10 12
10 770
10 270
10 15
10 784
10 273
10 18
10 20
10 535
10 24
10 388
10 411
10 28
10 167
10 552
10 564
10 48
10 434
10 52
10 55
10 568
10 57
10 58
10 223
10 446
10 707
10 532
10 69
10 328
10 201
10 971
10 77
10 334
10 594
10 846
10 86
10 215
10 216
10 347
10 95
10 352
10 97
10 610
10 228
10 101
10 657
10 252
10 423
10 109
10 110
10 240
10 894
10 376
10 404
10 124
10 125
10 126
11 512
11 523
11 141
11 142
11 531
11 280
11 291
11 47
11 184
11 827
11 572
11 318
11 71
11 584
11 201
11 847
11 595
11 596
11 14
11 346
11 859
11 100
11 101
11 230
11 487
11 110
11 240
11 852
11 249
11 762
11 252
11 895
12 128
12 130
12 133
12 13
12 15
12 916
12 533
12 23
12 559
12 156
12 31
12 37
12 175
12 432
12 310
12 695
12 59
12 266
12 885
12 963
12 69
12 759
12 78
12 975
12 470
12 93
12 862
12 95
12 740
12 645
12 117
12 119
13 641
13 131
13 644
13 983
13 530
13 29
13 163
13 552
13 169
13 43
13 174
13 477
13 392
13 563
13 53
13 713
13 59
13 832
13 65
13 66
13 323
13 837
13 198
13 71
13 201
13 79
13 852
13 469
13 471
13 91
13 221
13 355
13 486
13 111
13 245
13 119
13 121
13 892
14 513
14 904
14 147
14 276
14 24
14 412
14 929
14 555
14 175
14 48
14 309
14 310
14 58
14 828
14 325
14 967
14 336
14 723
14 597
14 605
14 737
14 483
14 232
14 108
14 623
14 117
14 246
15 515
15 150
15 16
15 147
15 22
15 30
15 929
15 35
15 38
15 807
15 171
15 47
15 307
15 565
15 62
15 459
15 973
15 974
15 217
15 997
15 99
15 934
15 112
15 369
15 639
16 768
16 648
16 706
16 17
16 529
16 21
16 23
16 644
16 26
16 155
16 154
16 30
16 161
16 548
16 41
16 42
16 135
16 157
16 944
16 689
16 50
16 51
16 948
16 181
16 694
16 55
16 479
16 60
16 190
16 191
16 194
16 68
16 839
16 206
16 208
16 86
16 377
16 90
16 93
16 95
16 226
16 708
16 103
16 104
16 444
16 494
16 112
16 115
16 116
16 447
16 121
16 122
16 379
16 508
16 765
17 260
17 906
17 397
17 273
17 403
17 21
17 22
17 541
17 34
17 551
17 168
17 242
17 46
17 49
17 309
17 54
17 183
17 57
17 188
17 62
17 705
17 195
17 582
17 967
17 585
17 459
17 207
17 80
17 465
17 83
17 85
17 218
17 817
17 994
17 715
17 233
17 364
17 909
17 751
17 625
17 114
17 122
17 123
17 766
18 387
18 20
18 918
18 666
18 28
18 925
18 671
18 160
18 34
18 549
18 678
18 296
18 45
18 50
18 52
18 55
18 799
18 191
18 70
18 457
18 843
18 335
18 593
18 79
18 865
18 101
18 241
18 242
18 276
19 257
19 148
19 28
19 29
19 162
19 163
19 676
19 39
19 297
19 432
19 435
19 190
19 63
19 577
19 836
19 75
19 975
19 80
19 211
19 92
19 221
19 609
19 231
19 807
19 108
19 627
19 119
19 120
20 263
20 276
20 921
20 281
20 922
20 542
20 33
20 294
20 51
20 693
20 955
20 67
20 68
20 582
20 545
20 332
20 462
20 337
20 854
20 217
20 95
20 99
20 623
20 380
21 263
21 911
21 53
21 471
21 484
21 538
21 28
21 373
22 773
22 428
22 138
22 651
22 275
22 789
22 790
22 151
22 25
22 669
22 798
22 32
22 547
22 681
22 44
22 814
22 175
22 437
22 182
22 55
22 58
22 187
22 576
22 416
22 907
22 324
22 199
22 73
22 341
22 346
22 475
22 735
22 97
22 482
22 785
22 362
22 915
22 503
22 381
23 517
23 138
23 271
23 149
23 282
23 29
23 293
23 38
23 193
23 329
23 588
23 341
23 600
23 91
23 354
23 490
23 235
23 497
23 372
24 131
24 900
24 102
24 70
24 236
24 747
24 76
24 770
24 598
24 534
24 54
24 599
24 27
24 443
25 138
25 786
25 917
25 279
25 281
25 540
25 157
25 30
25 545
25 39
25 541
25 944
25 56
25 315
25 572
25 198
25 199
25 206
25 340
25 590
25 87
25 603
25 223
25 358
25 230
25 872
25 107
25 497
25 116
25 246
25 255
26 400
26 403
26 536
26 516
26 418
26 804
26 40
26 937
26 49
26 457
26 66
26 325
26 841
26 84
26 91
26 484
26 749
26 243
26 761
27 640
27 832
27 130
27 906
27 523
27 913
27 415
27 33
27 554
27 48
27 52
27 698
27 159
27 192
27 65
27 197
27 467
27 87
27 858
27 606
27 743
27 618
27 871
27 756
27 502
27 938
28 39
28 307
28 519
28 49
28 340
28 532
28 285
28 734
28 63
29 272
29 920
29 274
29 404
29 534
29 152
29 32
29 944
29 546
29 39
29 169
29 170
29 583
29 47
29 48
29 433
29 198
29 327
29 78
29 210
29 341
29 598
29 729
29 945
29 745
29 882
29 254
29 377
29 506
29 125
29 382
30 258
30 788
30 154
30 669
30 35
30 36
30 37
30 424
30 683
30 442
30 62
30 64
30 195
30 758
30 71
30 931
30 212
30 603
30 105
30 107
30 894
30 118
30 254
31 896
31 261
31 658
31 533
31 151
31 156
31 517
31 429
31 179
31 436
31 572
31 729
31 226
31 487
31 877
31 499
31 118
31 889
31 764
32 137
32 907
32 659
32 917
32 794
32 420
32 936
32 173
32 687
32 692
32 693
32 695
32 697
32 195
32 81
32 89
32 90
32 481
32 355
32 229
32 364
32 115
32 377
32 892
33 525
33 400
33 155
33 288
33 283
33 939
33 813
33 50
33 54
33 59
33 61
33 544
33 196
33 728
33 477
33 350
33 103
33 234
33 756
34 676
34 709
34 113
34 361
34 618
34 332
34 450
34 302
34 973
34 726
34 84
34 610
34 150
34 706
34 185
34 465
34 349
35 257
35 578
35 107
35 326
35 75
35 625
35 724
35 54
35 884
35 56
35 505
35 507
35 93
35 255
36 514
36 771
36 516
36 910
36 403
36 149
36 931
36 180
36 183
36 444
36 701
36 192
36 707
36 74
36 859
36 98
36 617
36 495
36 375
36 890
36 126
37 995
37 520
37 73
37 621
37 681
37 177
37 566
37 279
37 484
37 60
37 972
38 225
38 867
38 165
38 40
38 42
38 247
38 66
38 656
38 970
38 178
38 190
38 950
38 891
38 559
38 650
38 94
38 293
39 512
39 520
39 652
39 405
39 791
39 932
39 294
39 41
39 554
39 44
39 302
39 178
39 819
39 180
39 53
39 314
39 586
39 446
39 64
39 65
39 194
39 837
39 710
39 456
39 74
39 78
39 336
39 81
39 594
39 590
39 471
39 731
39 93
39 718
39 96
39 486
39 359
39 617
39 615
39 239
39 114
39 884
39 246
39 248
40 123
40 583
40 540
40 370
40 824
40 141
40 366
40 79
40 376
40 82
40 179
40 999
40 498
40 553
40 248
40 111
40 476
41 299
41 773
41 263
41 398
41 276
41 965
41 165
41 171
41 47
41 308
41 700
41 63
41 321
41 453
41 457
41 77
41 977
41 467
41 85
41 222
41 744
41 235
41 647
41 112
42 864
42 354
42 739
42 455
42 273
42 61
43 897
43 215
43 401
43 793
43 292
43 177
43 296
43 940
43 303
43 776
43 182
43 959
43 198
43 397
43 214
43 343
43 216
43 509
43 511
44 787
44 152
44 516
44 291
44 556
44 689
44 951
44 451
44 72
44 585
44 586
44 590
44 88
44 737
44 102
44 295
44 113
44 251
45 385
45 641
45 138
45 657
45 665
45 283
45 798
45 671
45 49
45 316
45 447
45 452
45 461
45 120
45 854
45 351
45 742
45 362
45 235
45 236
45 629
45 504
45 319
46 898
46 141
46 793
46 134
46 939
46 300
46 440
46 708
46 247
46 78
46 464
46 184
46 727
46 220
46 606
46 933
46 498
46 374
46 503
46 635
47 425
47 904
47 106
47 204
47 429
47 400
47 371
47 948
47 277
47 950
47 375
47 444
47 287
48 608
48 452
48 525
48 272
48 950
48 347
48 507
49 130
49 643
49 519
49 522
49 557
49 148
49 150
49 539
49 285
49 159
49 416
49 423
49 860
49 812
49 302
49 303
49 56
49 188
49 69
49 716
49 335
49 83
49 732
49 607
49 749
49 871
49 232
49 60
49 106
49 551
49 109
49 239
49 753
49 245
49 873
49 510
49 127
50 571
50 96
50 396
50 499
50 241
50 83
50 84
50 56
50 91
51 357
51 615
51 657
51 954
51 92
52 673
52 98
52 324
52 425
52 368
52 625
52 243
52 755
52 663
52 504
52 441
52 573
52 350
52 319
53 64
53 653
53 674
53 585
53 935
53 109
53 408
53 152
53 313
53 318
54 358
54 752
54 899
54 405
54 342
54 634
54 571
54 382
55 770
55 140
55 153
55 795
55 543
55 292
55 184
55 61
55 583
55 200
55 205
55 82
55 724
55 86
55 479
55 482
55 100
55 496
55 634
55 892
55 893
56 704
56 536
56 167
56 814
56 733
56 434
56 576
56 71
56 712
56 202
56 337
56 86
56 986
56 476
56 989
56 721
56 373
56 119
57 803
57 356
57 645
57 136
57 73
57 295
57 237
57 238
57 240
57 275
57 564
57 568
57 392
57 124
57 789
58 128
58 323
58 961
58 259
58 68
58 470
58 294
58 295
58 491
58 76
58 496
58 147
58 560
58 373
58 151
58 316
58 639
59 139
59 140
59 270
59 527
59 407
59 158
59 800
59 553
59 429
59 943
59 432
59 313
59 442
59 317
59 964
59 758
59 711
59 847
59 81
59 468
59 983
59 218
59 349
59 479
59 118
59 379
60 375
60 83
60 87
60 442
61 262
61 129
61 104
61 396
61 172
61 301
61 589
61 154
61 954
61 127
62 67
62 297
62 555
62 82
62 691
62 214
62 388
63 771
63 135
63 388
63 159
63 172
63 567
63 575
63 200
63 75
63 206
63 464
63 81
63 595
63 342
63 599
63 220
63 102
63 488
63 105
63 879
63 757
63 379
64 609
64 900
64 133
64 72
64 623
64 364
64 461
64 158
64 174
64 880
64 840
64 402
64 495
64 412
64 991
65 515
65 905
65 663
65 920
65 284
65 292
65 554
65 172
65 941
65 944
65 306
65 439
65 575
65 704
65 707
65 581
65 70
65 386
65 80
65 466
65 213
65 342
65 219
65 604
65 222
65 130
65 103
65 363
65 254
66 960
66 136
66 74
66 142
66 89
67 227
67 454
67 796
67 637
68 304
68 996
68 799
69 673
69 165
69 550
69 583
69 302
69 309
69 452
69 849
70 640
70 134
70 809
70 815
70 694
70 439
70 187
70 574
70 374
70 331
70 211
70 344
70 89
70 146
70 114
70 502
70 122
70 183
71 267
71 581
71 647
71 104
71 170
71 684
71 208
71 369
71 308
71 318
71 439
71 666
72 132
72 454
72 145
72 587
72 208
72 136
73 162
73 619
73 390
73 168
73 343
73 556
73 493
73 526
73 463
73 144
73 212
73 558
73 121
73 477
73 884
74 128
74 729
74 763
74 586
74 167
74 76
74 366
74 655
74 676
74 150
74 537
74 347
74 94
75 539
75 129
75 679
75 811
75 714
75 427
75 942
75 406
75 287
76 387
76 936
76 684
76 715
76 108
76 274
76 303
76 146
76 179
76 853
76 739
76 539
76 700
77 256
77 269
77 365
77 280
77 671
77 170
77 317
77 958
77 587
77 853
77 350
77 97
77 227
77 100
77 232
77 106
77 109
77 497
77 114
78 456
78 684
78 209
78 218
79 324
79 711
79 749
79 277
79 246
79 154
79 922
80 132
80 497
80 903
80 509
80 88
80 253
80 689
81 290
81 139
81 655
81 410
81 286
82 288
82 133
82 368
82 152
82 626
82 147
82 158
82 88
82 804
82 539
83 96
83 162
83 363
83 838
83 203
83 180
83 726
84 547
84 969
84 955
84 781
84 430
84 472
84 372
84 526
84 312
84 980
84 699
84 286
85 771
85 232
85 394
85 727
85 461
85 687
85 791
85 169
85 346
85 155
85 796
85 666
86 480
86 144
86 521
86 361
86 140
86 816
86 821
86 794
86 688
86 604
86 426
86 478
86 223
87 870
87 113
87 753
87 813
87 209
87 312
88 262
89 257
89 838
89 833
89 370
89 322
89 527
89 336
89 209
89 210
89 372
89 498
89 690
89 952
89 570
89 891
89 134
90 804
91 771
91 207
91 148
91 470
91 121
91 540
91 797
92 514
92 483
92 764
92 230
92 481
92 297
92 371
92 224
92 846
92 241
92 146
92 506
92 124
92 538
92 414
92 351
93 193
93 584
93 139
93 182
93 349
93 223
94 161
94 866
94 579
94 754
94 819
94 472
94 697
94 650
94 197
95 995
95 174
95 143
95 699
95 125
96 363
96 787
96 160
96 420
96 173
96 563
96 999
96 186
96 829
96 195
96 716
96 720
96 348
96 482
96 103
96 490
96 107
96 365
97 519
97 148
97 149
97 153
97 538
97 172
97 303
97 181
97 951
97 454
97 339
97 213
97 598
97 856
97 989
97 105
97 367
97 766
98 178
99 747
99 933
99 106
99 683
99 205
99 110
99 334
99 757
100 660
101 196
101 455
101 104
101 996
101 810
102 131
102 901
102 135
102 424
102 649
102 234
102 491
102 144
102 177
102 116
102 891
102 251
102 252
103 374
103 345
103 283
103 414
103 415
104 496
104 278
104 203
104 602
104 326
104 171
104 528
104 662
104 495
104 612
104 340
104 118
104 345
104 506
104 412
104 389
105 481
105 265
105 874
105 620
105 141
105 719
105 273
105 534
105 575
105 127
106 418
106 472
106 677
106 458
106 171
106 206
106 111
106 562
106 927
106 213
106 333
106 440
106 730
106 946
106 701
106 671
107 137
107 267
107 588
107 500
107 592
107 305
107 212
107 185
108 731
108 920
108 179
108 357
108 712
108 329
108 942
108 391
108 685
108 872
108 306
108 430
108 850
108 803
108 507
108 700
108 319
109 768
109 129
109 930
109 549
109 673
109 534
110 716
110 400
111 743
111 556
111 685
111 821
111 598
111 510
112 192
112 290
112 485
112 554
112 939
112 145
112 124
113 160
113 611
113 422
113 200
113 234
113 143
113 456
113 308
114 833
114 772
114 149
114 474
114 638
115 390
115 327
115 584
115 716
115 525
115 719
115 593
115 117
115 855
115 826
115 923
116 256
116 175
116 759
116 380
116 766
117 833
117 757
118 802
118 293
118 968
119 579
119 132
119 518
119 328
119 361
119 875
119 242
119 787
119 377
119 164
119 985
119 638
119 479
120 459
120 418
120 376
121 128
121 155
121 902
121 647
121 808
121 142
121 239
121 841
121 792
121 508
121 703
122 577
122 358
122 199
122 168
122 237
122 216
122 762
122 741
123 325
123 875
123 205
123 312
124 365
124 369
124 151
125 834
125 421
125 265
125 940
125 157
126 642
126 143
126 662
126 535
126 288
126 685
126 311
126 441
126 314
126 702
126 207
126 978
126 992
126 741
126 488
126 238
126 371
126 894
127 257
127 422
127 904
127 447
127 191
128 289
128 259
128 229
128 166
128 462
128 143
128 182
128 869
128 186
128 574
128 319
129 523
129 968
129 649
129 298
129 204
129 824
129 664
129 410
129 703
130 898
130 451
130 133
130 326
130 289
130 453
130 550
130 204
130 760
130 910
130 824
130 593
130 248
130 281
130 705
130 797
130 261
131 280
132 962
132 140
132 785
132 722
133 869
133 294
133 367
133 181
134 262
134 518
134 300
134 786
135 258
135 291
135 364
135 946
135 661
135 695
135 728
136 608
137 389
137 298
137 556
137 315
138 323
138 997
138 540
138 235
138 300
138 355
138 411
138 220
138 702
139 750
139 957
139 702
140 225
140 451
140 566
140 998
140 328
140 202
140 174
140 849
140 243
140 437
140 682
141 295
141 359
141 912
141 635
141 380
141 414
142 227
142 550
142 913
142 510
143 160
143 866
143 419
143 549
143 807
143 745
143 528
143 626
143 245
143 631
143 826
143 445
144 449
144 854
144 682
144 460
144 938
144 434
144 531
144 233
144 216
144 185
144 186
144 313
144 159
145 961
145 578
145 615
145 234
145 410
145 991
145 156
145 222
145 293
146 491
146 788
147 176
147 694
149 802
149 161
149 236
149 846
149 664
149 379
149 541
150 259
150 167
150 329
150 558
150 176
150 413
151 488
151 271
151 244
151 340
151 315
152 325
152 402
152 563
152 409
153 487
153 173
153 207
153 529
153 658
153 564
153 660
153 922
153 187
154 164
154 165
154 652
154 588
154 465
154 274
154 184
154 413
155 680
155 500
155 406
156 673
156 424
156 836
156 453
156 359
156 264
156 299
156 173
156 942
156 213
156 919
156 633
156 511
156 964
157 928
157 844
157 333
157 692
157 312
157 956
158 992
158 670
159 738
159 180
159 244
160 768
160 354
160 259
160 229
160 166
160 455
160 712
160 678
160 579
160 986
160 573
160 413
161 592
161 332
161 217
162 416
162 667
162 795
162 683
162 396
162 336
162 532
162 250
162 383
162 636
162 287
163 417
163 869
163 775
163 168
163 499
163 339
163 793
163 672
165 353
165 793
165 905
165 404
165 233
165 408
165 724
165 219
165 831
165 349
165 638
165 517
166 169
166 438
167 485
167 757
167 185
167 965
168 371
169 877
169 848
169 984
169 733
169 885
170 642
170 637
170 401
170 767
170 284
170 191
171 224
171 551
171 236
171 750
171 443
171 732
171 330
172 421
172 205
172 305
172 274
172 819
173 262
173 564
173 768
173 766
174 480
174 676
174 551
174 909
174 201
174 237
174 659
174 399
174 265
174 282
174 271
174 284
174 972
174 350
175 609
175 203
175 209
175 501
175 248
175 222
176 578
176 803
176 822
176 906
176 240
176 218
177 288
177 450
177 231
177 296
177 428
177 743
177 241
177 306
177 378
177 188
177 881
178 360
178 925
179 996
179 917
180 228
180 474
180 382
181 731
181 227
181 454
181 566
181 717
181 909
181 401
181 402
181 643
181 691
181 278
181 315
181 380
181 549
182 701
182 977
182 795
182 705
182 776
182 298
182 268
182 399
182 721
182 279
182 219
183 416
183 449
183 675
183 263
183 622
183 628
183 247
183 260
183 736
184 848
184 899
184 644
184 655
184 304
184 985
184 603
186 459
186 764
186 574
187 779
188 224
188 801
188 386
188 394
188 268
188 834
188 559
188 307
188 212
188 311
188 250
189 460
189 450
189 270
190 417
190 614
190 359
190 545
190 461
190 334
190 653
190 722
190 448
190 501
190 819
190 688
190 805
190 783
191 192
191 323
191 228
191 502
191 565
191 278
191 824
192 304
192 618
192 686
192 938
192 949
192 772
192 874
192 868
193 322
194 641
194 880
194 874
194 876
194 558
194 305
194 606
195 675
195 992
195 464
195 348
196 928
196 299
196 238
196 211
197 875
197 476
197 908
197 395
197 524
197 942
197 562
197 899
197 852
197 278
197 983
197 316
197 287
198 545
198 706
198 261
198 936
198 425
198 332
198 429
198 626
198 670
199 834
199 982
199 407
199 367
199 884
199 214
199 249
199 600
199 411
199 318
200 993
200 458
200 208
200 255
201 610
201 843
201 260
201 453
201 330
202 838
202 812
202 250
202 252
203 613
203 415
204 547
204 932
204 513
204 458
204 844
204 494
204 721
204 344
205 391
205 266
205 797
205 982
205 282
205 378
206 544
206 385
206 231
206 979
206 277
206 825
206 440
206 506
206 826
207 441
207 258
207 997
207 523
207 313
207 445
208 897
209 769
209 742
209 596
209 217
209 916
210 635
210 464
210 691
210 760
210 559
210 796
210 221
210 286
211 419
211 805
211 265
211 651
211 237
211 957
211 271
211 244
211 886
211 214
211 937
211 995
211 669
211 990
211 767
212 231
212 842
212 337
212 275
212 851
212 508
213 289
213 783
213 788
213 215
213 510
214 646
214 784
214 820
214 567
214 250
214 478
215 646
215 649
215 751
215 433
215 478
216 778
216 277
216 407
216 220
216 394
217 710
217 487
217 398
217 306
218 919
219 384
219 330
219 462
220 290
220 581
220 615
220 514
220 953
220 505
220 987
220 254
221 528
223 322
223 355
223 883
224 264
224 938
224 941
224 881
224 850
224 251
224 925
225 736
225 264
225 249
226 320
226 528
226 972
226 947
226 667
227 778
228 704
228 328
228 686
228 570
229 652
229 814
230 420
230 553
230 628
231 290
231 689
231 392
231 971
231 492
232 397
232 921
232 317
233 272
233 268
233 243
233 436
233 535
233 664
233 730
234 334
234 335
234 342
235 387
236 616
236 404
237 880
237 305
237 830
238 515
238 327
238 807
238 301
238 366
238 943
238 878
239 945
239 430
239 947
240 880
240 610
240 475
241 385
241 645
241 264
241 779
241 269
241 407
241 544
241 948
241 569
241 957
241 320
241 988
241 356
241 486
241 618
241 492
241 623
241 630
242 898
242 867
242 713
242 840
242 607
243 394
243 309
244 425
244 326
244 865
244 395
244 367
244 661
244 537
244 895
245 690
245 317
246 256
246 746
246 652
246 656
246 529
246 338
246 463
247 609
247 651
247 431
247 500
247 373
247 630
248 258
248 358
248 951
248 976
248 296
248 561
248 919
248 253
249 675
249 755
249 596
249 344
249 803
249 668
250 363
250 261
250 424
250 267
250 304
250 503
251 576
251 826
251 381
252 648
252 267
252 971
252 605
252 530
252 279
252 409
252 762
252 283
253 402
253 627
253 414
253 286
253 597
254 872
254 972
254 922
254 603
255 806
255 555
256 360
256 745
258 322
258 780
258 633
259 421
259 620
259 471
259 509
260 977
260 490
260 436
261 769
261 387
261 791
261 973
261 654
261 445
261 722
261 663
261 378
261 638
262 352
262 515
262 751
262 688
262 601
263 384
263 448
263 522
263 474
263 767
263 383
264 642
264 811
264 385
264 743
265 480
265 677
265 299
265 780
265 269
267 535
267 411
268 612
268 613
268 937
269 999
269 778
269 662
269 605
270 354
270 903
270 809
270 343
271 291
271 455
272 581
272 717
272 529
272 314
273 483
274 895
275 928
275 622
275 531
275 569
275 543
276 789
276 597
276 333
276 845
276 430
276 724
276 965
276 733
276 501
279 992
279 612
279 457
279 780
279 782
279 755
280 591
282 321
282 450
282 993
282 976
282 840
282 778
282 812
282 463
282 368
282 817
282 632
282 444
282 702
284 773
285 513
285 675
285 368
286 316
286 654
286 591
286 723
286 567
286 665
286 348
286 639
287 708
287 408
288 966
288 289
288 393
288 861
291 642
291 741
291 770
291 527
291 627
291 600
292 517
292 718
292 656
292 849
292 470
293 843
293 452
293 426
293 439
293 976
293 466
293 310
293 443
293 650
294 746
294 468
295 383
296 736
296 376
296 845
298 418
298 963
298 395
298 557
298 369
298 915
298 405
298 542
298 533
299 897
299 966
299 878
299 345
299 347
300 577
300 582
300 872
300 301
301 706
301 838
301 327
301 396
301 781
301 978
301 984
302 781
302 375
303 321
303 508
304 413
304 601
304 381
304 670
305 483
305 566
306 994
306 680
306 307
308 875
308 842
308 555
308 435
308 874
309 338
310 560
310 433
310 339
310 565
310 761
310 441
311 481
312 389
312 403
312 446
313 353
313 616
313 661
314 790
315 352
315 546
315 843
315 631
315 658
315 899
315 634
315 831
316 448
317 331
317 372
318 672
318 357
318 713
320 449
320 437
320 604
321 982
321 438
321 473
321 443
322 391
322 406
322 958
323 348
323 543
324 374
324 570
325 779
325 460
327 962
327 876
327 632
327 985
327 351
328 655
329 360
329 331
331 896
331 362
332 384
332 386
332 338
333 830
333 703
334 800
334 878
334 478
334 863
335 526
335 883
335 405
336 813
336 558
336 948
336 636
336 573
337 855
337 734
338 645
338 361
338 850
338 925
338 466
338 698
338 477
338 469
339 613
339 495
339 465
339 617
341 828
342 473
343 866
343 651
344 472
346 496
346 530
347 660
347 504
347 828
347 542
347 415
348 423
348 451
348 958
348 507
349 799
349 940
349 527
349 752
349 805
349 984
349 959
349 382
349 703
350 580
350 353
350 941
350 426
350 423
350 493
350 398
350 772
350 383
351 915
351 949
351 761
351 410
351 894
352 857
352 700
354 544
354 679
354 588
354 433
354 725
354 828
355 391
355 725
355 569
355 637
357 842
357 910
357 438
358 512
358 960
358 434
358 633
360 614
361 518
361 589
361 399
361 406
361 665
361 666
362 519
362 526
362 699
363 492
365 902
366 679
366 491
366 488
367 931
367 934
367 661
367 789
370 636
371 393
371 531
371 856
372 988
372 781
372 722
372 604
373 431
373 627
373 569
373 735
374 449
374 881
374 763
375 419
375 886
375 602
376 520
376 979
376 468
377 611
377 829
377 893
377 605
377 707
377 468
378 812
378 446
380 718
380 631
381 820
383 900
383 409
383 571
384 776
384 435
384 887
384 447
385 737
385 617
385 888
385 825
387 687
388 782
388 634
389 417
389 994
389 945
389 563
390 868
391 720
391 440
392 401
392 917
393 902
393 684
393 802
394 577
394 711
394 753
395 934
395 685
396 421
397 929
397 754
397 760
398 816
399 889
400 837
400 774
400 521
400 780
400 846
400 543
401 764
401 629
402 426
402 682
403 731
404 560
404 568
404 698
405 431
408 721
408 668
409 704
409 678
409 427
409 601
410 593
410 619
410 691
410 889
413 432
414 419
414 521
416 643
416 548
416 709
416 552
416 475
417 810
417 686
417 850
417 931
417 921
418 494
419 733
420 802
420 806
420 747
420 799
421 427
421 653
423 480
423 619
423 592
423 629
424 548
424 935
427 773
427 844
428 576
429 485
429 646
429 632
430 448
430 808
431 740
431 473
432 475
433 621
434 974
434 823
436 746
436 659
436 726
436 681
437 489
438 547
438 552
438 814
439 489
440 530
441 847
442 800
442 929
442 476
442 500
442 885
442 952
443 595
444 709
444 587
444 693
444 696
447 748
447 668
448 911
449 848
449 482
449 611
449 777
449 626
449 730
450 835
450 561
451 514
451 591
451 624
451 783
452 620
452 692
453 750
453 912
453 596
453 952
453 602
454 748
455 584
455 620
455 492
455 493
455 503
455 537
455 927
456 898
457 970
457 474
457 891
460 693
461 683
462 740
463 815
463 498
463 863
464 748
464 597
465 893
467 818
468 806
468 621
468 950
468 505
469 662
470 485
470 946
471 589
471 636
471 831
472 699
472 622
472 632
472 990
472 635
472 765
472 735
473 851
473 856
473 890
473 796
474 493
475 726
475 954
476 901
477 810
478 522
478 541
479 727
479 489
479 590
479 815
480 723
480 637
481 786
481 926
481 959
482 865
482 893
483 863
484 825
485 614
486 750
486 687
488 862
489 512
489 989
489 886
489 829
489 511
490 578
490 883
490 861
491 715
491 734
492 822
492 999
492 602
493 873
493 915
493 501
493 521
493 947
494 643
495 865
496 524
496 719
496 690
496 599
497 586
497 669
498 882
498 953
498 862
499 557
501 896
501 718
501 668
502 883
504 644
504 851
505 705
505 758
506 816
508 774
508 913
509 630
510 974
510 914
511 769
511 679
512 674
513 599
514 896
514 738
514 970
514 866
514 729
515 571
516 901
516 557
519 863
520 647
522 680
522 791
522 573
523 834
523 821
524 542
525 832
525 981
528 993
529 614
529 561
530 943
530 595
530 575
531 728
533 811
533 923
533 861
534 916
535 955
535 830
536 801
536 553
536 650
536 715
536 919
537 887
538 801
538 886
541 740
541 582
541 914
542 621
542 790
543 681
543 625
544 739
544 937
545 982
546 616
547 648
547 657
548 587
548 748
548 857
550 754
550 956
550 862
551 897
551 708
551 585
552 672
552 611
552 836
552 870
552 654
552 560
552 787
552 867
555 594
558 696
559 568
562 572
563 927
564 653
565 631
567 640
567 936
568 833
568 840
568 592
568 594
568 728
569 918
570 928
573 744
573 713
573 969
573 957
573 798
574 613
574 658
574 857
578 941
578 579
579 868
581 882
582 649
582 856
583 738
584 754
584 601
585 987
586 792
587 823
588 624
589 975
589 745
589 606
590 732
591 882
593 777
594 976
594 723
595 977
596 966
597 784
597 870
599 935
600 978
600 923
600 607
601 694
602 763
603 998
604 903
604 978
605 717
606 709
606 839
606 912
609 963
609 663
610 973
610 725
611 997
611 688
612 742
612 809
614 756
615 712
616 686
617 835
617 827
619 737
620 853
620 697
621 672
621 926
622 678
623 989
624 835
625 871
625 629
625 920
628 695
628 822
630 887
631 932
631 646
632 633
633 801
633 720
634 727
638 991
640 964
641 738
642 774
643 667
644 857
645 876
646 769
646 806
650 907
651 818
652 660
652 888
653 779
654 971
654 985
658 910
659 719
660 849
660 821
660 761
661 667
662 698
663 717
663 890
665 711
665 969
665 851
665 979
665 841
666 762
669 674
670 753
670 820
674 747
674 878
674 794
674 860
677 845
682 690
683 924
687 714
688 933
688 785
691 871
692 848
693 909
694 749
694 986
695 710
695 735
697 926
701 837
702 987
702 988
703 815
703 924
704 767
708 930
708 852
708 788
708 890
709 775
711 805
712 858
715 725
715 765
716 996
716 990
717 934
719 809
720 860
721 864
721 847
722 775
722 879
726 933
728 790
728 953
728 954
728 861
730 845
731 817
732 858
735 888
736 876
737 949
738 808
739 877
739 798
740 987
742 983
742 752
742 921
742 792
744 994
744 816
744 763
746 940
746 784
746 914
748 864
750 760
752 951
753 961
755 774
755 952
757 772
757 887
759 918
759 792
759 765
771 895
771 811
771 885
771 830
774 827
775 959
776 889
777 869
777 873
777 854
778 873
778 813
780 879
781 907
781 844
781 981
782 979
783 820
785 918
785 841
787 842
788 935
789 968
790 870
793 970
794 831
797 981
801 877
803 864
803 829
807 975
807 914
807 892
812 853
812 956
815 946
816 932
816 969
822 961
824 825
827 993
830 945
832 912
832 913
835 908
837 839
837 855
841 984
843 905
844 964
844 980
850 902
850 924
851 908
861 965
864 998
871 953
872 924
873 956
884 981
886 901
886 911
897 923
907 916
923 990
925 930
927 939
941 980
951 958
962 986
979 991
