0 2
0 3
0 263
0 136
0 9
0 514
0 14
0 16
0 156
0 29
0 414
0 31
0 37
0 170
0 178
0 542
0 60
0 457
0 77
0 595
0 91
0 104
0 105
0 618
0 365
0 623
0 616
0 248
0 125
1 2
1 3
1 4
1 6
1 7
1 9
1 10
1 14
1 144
1 216
1 147
1 405
1 478
1 27
1 28
1 30
1 287
1 34
1 134
1 41
1 171
1 175
1 433
1 434
1 51
1 158
1 59
1 309
1 578
1 72
1 333
1 334
1 82
1 84
1 597
1 88
1 94
1 425
1 98
1 99
1 237
1 239
1 496
1 114
1 115
1 118
1 297
1 122
1 380
2 259
2 4
2 5
2 518
2 264
2 663
2 12
2 13
2 143
2 18
2 515
2 660
2 21
2 22
2 23
2 25
2 411
2 540
2 346
2 30
2 31
2 32
2 33
2 162
2 35
2 296
2 278
2 428
2 173
2 177
2 50
2 182
2 695
2 442
2 59
2 316
2 573
2 574
2 70
2 71
2 587
2 204
2 333
2 594
2 595
2 470
2 215
2 89
2 218
2 603
2 93
2 98
2 103
2 233
2 530
2 368
2 552
2 242
2 659
2 117
2 376
2 124
2 254
2 277
3 5
3 10
3 651
3 141
3 15
3 17
3 20
3 21
3 28
3 38
3 553
3 171
3 49
3 64
3 321
3 67
3 481
3 214
3 350
3 225
3 618
3 619
3 241
3 498
3 119
3 508
3 381
4 128
4 129
4 13
4 664
4 531
4 24
4 153
4 412
4 415
4 164
4 423
4 39
4 168
4 426
4 7
4 684
4 557
4 687
4 48
4 564
4 693
4 310
4 57
4 191
4 66
4 203
4 326
4 73
4 75
4 82
4 85
4 221
4 353
4 228
4 485
4 235
4 112
4 498
4 509
5 193
5 453
5 6
5 583
5 8
5 43
5 269
5 142
5 461
5 560
5 371
5 88
5 550
5 26
5 446
5 575
6 131
6 17
6 8
6 137
6 267
6 273
6 18
6 643
6 542
6 551
6 42
6 562
6 52
6 181
6 313
6 319
6 200
6 329
6 78
6 100
6 359
6 106
6 117
6 502
7 97
7 73
7 461
7 685
7 146
7 52
7 150
7 36
8 490
8 39
8 72
8 348
8 298
8 11
8 12
8 398
8 111
8 16
8 271
8 50
8 212
8 85
8 103
8 252
8 157
8 126
8 383
9 291
9 230
9 38
9 385
9 220
9 634
9 602
9 91
9 188
9 509
10 520
10 11
10 19
10 20
10 156
10 33
10 49
10 40
10 169
10 305
10 51
10 565
10 567
10 57
10 417
10 75
10 588
10 211
10 221
10 131
10 493
10 238
10 113
10 505
11 548
11 621
11 80
11 120
11 605
12 32
12 192
12 505
12 228
12 234
12 79
12 272
12 600
12 114
12 215
12 56
12 89
12 314
12 61
13 384
13 135
13 522
13 15
13 400
13 19
13 149
13 22
13 24
13 132
13 26
13 27
13 29
13 34
13 36
13 391
13 44
13 45
13 46
13 690
13 179
13 698
13 187
13 316
13 189
13 318
13 68
13 69
13 650
13 203
13 463
13 592
13 173
13 83
13 659
13 86
13 472
13 527
13 96
13 609
13 99
13 229
13 685
13 108
13 445
13 243
13 375
13 120
13 558
13 636
13 637
14 195
14 629
14 151
14 409
15 65
15 419
15 164
15 166
15 481
15 232
15 299
15 328
15 211
15 674
15 118
15 251
15 122
15 159
15 541
15 127
16 90
16 226
16 598
17 40
17 268
17 45
17 301
17 387
18 603
18 46
18 533
19 196
19 133
19 326
19 304
19 600
19 249
19 124
19 42
19 62
20 352
20 226
20 102
20 407
20 109
20 205
20 467
20 54
20 23
20 568
20 25
20 58
20 123
20 572
21 352
21 232
21 266
21 656
21 424
21 245
21 440
21 317
21 63
23 161
23 165
23 394
23 450
23 622
23 367
23 464
23 339
23 86
23 372
23 604
23 61
23 286
23 197
24 160
24 129
24 582
24 358
24 74
24 340
24 55
24 315
25 67
25 100
25 549
25 202
25 593
25 83
25 309
26 240
26 179
26 60
26 159
27 112
27 153
28 523
28 37
28 456
28 76
28 491
28 172
28 47
28 338
28 576
28 271
28 556
28 293
29 320
29 456
29 44
29 55
29 255
30 96
30 412
30 220
31 608
31 35
31 48
31 570
32 192
32 342
32 101
32 529
32 140
32 107
32 322
32 47
32 81
32 172
32 54
32 521
32 615
32 537
32 186
32 571
32 517
32 63
33 65
33 357
33 518
33 295
33 391
33 77
33 497
33 148
33 53
33 312
33 538
33 287
34 644
35 453
35 372
35 41
35 469
35 487
35 652
35 162
35 110
35 244
35 277
35 281
36 640
36 324
36 233
36 299
36 590
36 604
36 62
37 236
38 308
38 143
38 116
38 249
38 668
39 643
39 199
39 306
39 154
40 500
40 554
41 197
41 69
41 135
41 74
41 307
41 694
41 185
41 95
42 480
42 134
42 646
42 43
42 142
42 655
42 148
42 411
42 126
43 81
43 406
43 183
44 76
44 141
44 109
44 56
44 697
45 227
45 68
45 70
45 348
45 303
45 53
45 598
45 152
45 92
45 573
46 276
47 144
47 404
47 683
48 84
48 468
48 606
49 263
51 58
52 355
52 330
52 495
52 471
52 379
53 64
53 386
53 645
53 294
53 513
53 201
53 476
53 332
53 110
53 336
53 210
53 435
53 540
53 626
53 151
53 92
53 94
53 95
54 273
54 331
55 516
56 255
57 204
58 128
58 194
58 485
58 486
58 617
58 429
58 688
58 338
58 115
58 214
58 152
58 250
59 646
59 71
60 570
60 519
60 296
60 657
60 627
60 675
60 535
60 474
61 539
61 247
61 469
62 440
62 331
63 113
63 90
63 274
64 454
64 664
64 78
65 66
65 132
65 166
65 631
65 111
65 303
65 180
65 311
65 314
65 444
66 259
66 97
66 80
66 691
67 229
67 240
67 187
67 445
68 163
69 137
70 290
70 633
70 275
71 550
71 198
71 455
71 104
71 624
71 184
71 281
71 123
71 254
71 511
72 139
72 193
73 429
74 334
74 239
74 402
74 318
74 671
75 544
75 223
75 79
76 388
76 665
76 169
76 106
76 658
76 87
76 580
77 546
77 261
77 393
77 265
77 224
77 208
77 178
77 528
77 87
77 602
77 189
77 613
78 422
78 455
78 648
78 487
78 645
78 145
78 447
79 358
79 650
79 107
79 140
79 242
79 339
79 382
79 286
80 417
80 138
80 410
81 93
81 654
81 279
82 389
82 264
82 186
82 125
83 167
83 268
83 206
83 157
84 381
84 147
84 116
84 374
84 247
84 282
84 346
87 194
87 195
87 613
87 616
87 462
87 493
87 472
87 340
87 406
87 376
87 185
88 365
88 146
88 403
88 213
88 479
88 317
88 373
90 681
91 525
91 121
92 328
92 555
92 499
92 467
92 623
92 565
93 101
94 253
95 288
95 262
95 395
95 145
96 584
96 105
96 489
97 160
97 624
97 231
97 139
97 302
97 336
97 443
97 158
98 321
98 102
98 167
98 108
98 206
98 366
98 183
98 155
98 349
99 374
100 672
100 121
100 119
101 612
101 364
101 408
101 127
102 165
103 354
103 163
103 694
103 457
103 398
103 175
103 432
103 470
103 503
103 441
103 154
103 443
103 478
105 216
105 257
106 639
107 434
107 437
109 246
110 452
111 419
112 354
112 199
112 138
112 502
113 325
113 552
113 562
113 319
114 133
114 327
114 337
114 155
116 669
116 130
116 324
116 362
116 363
116 541
116 177
116 379
116 394
117 421
118 136
118 130
119 257
119 289
119 492
119 530
119 377
119 356
119 285
120 366
120 174
121 641
121 149
121 342
124 225
124 322
124 207
124 280
124 184
124 345
125 512
125 524
125 150
125 535
126 572
127 369
127 355
128 545
128 258
128 323
128 471
128 395
128 181
128 459
128 408
128 452
128 218
128 190
128 666
129 448
129 389
129 625
129 475
131 426
131 501
133 265
133 332
133 270
133 401
133 344
134 292
134 677
134 289
134 275
134 507
134 191
135 200
135 503
135 213
136 451
138 210
139 241
139 217
140 256
140 361
140 494
140 466
140 692
140 696
140 345
140 571
141 538
141 223
144 248
144 529
146 161
146 500
146 280
146 212
146 662
146 244
146 219
147 295
147 209
148 209
150 335
151 176
151 188
153 176
153 361
154 611
154 266
154 533
154 182
154 217
155 202
155 576
155 236
156 424
156 504
156 693
157 267
157 282
157 649
158 531
158 351
158 353
159 512
159 546
159 227
159 170
159 237
159 305
159 291
159 308
159 631
159 632
159 284
160 270
161 168
161 262
161 190
163 196
163 676
164 343
164 243
164 403
165 614
165 392
165 428
165 174
165 591
165 272
166 205
167 292
167 634
168 427
169 446
169 207
170 662
170 198
171 639
171 251
172 420
172 347
173 489
173 399
173 432
173 630
173 222
174 341
175 647
175 335
175 593
175 180
176 435
176 596
176 245
178 524
178 492
178 686
179 290
180 224
180 386
180 483
180 551
180 660
182 360
182 653
182 279
183 384
183 599
183 651
183 586
183 563
183 439
183 608
183 283
184 501
184 566
185 201
185 343
187 284
187 621
188 609
188 231
188 208
188 601
189 577
189 276
191 300
192 421
192 363
192 238
192 464
192 477
193 521
195 545
195 612
195 625
195 405
195 388
196 246
197 230
197 396
197 585
197 696
197 313
197 635
197 605
199 301
200 584
200 666
200 219
201 320
201 390
201 404
201 378
201 351
202 420
203 449
203 599
203 235
203 307
203 661
203 407
203 473
203 670
204 222
204 473
205 539
206 311
207 458
209 364
209 234
209 638
210 638
211 298
213 362
213 387
215 260
215 444
215 300
216 325
217 679
217 647
217 507
217 253
222 497
222 250
222 510
225 580
225 418
225 669
226 285
226 341
227 672
227 438
228 252
228 261
231 385
231 679
231 460
231 375
231 415
233 312
233 597
236 356
237 409
237 547
238 480
238 454
238 297
238 396
238 463
239 256
239 293
240 549
240 534
241 344
241 564
242 528
242 655
242 586
245 590
246 258
246 462
246 269
246 674
246 568
246 508
247 323
251 496
252 499
252 399
254 567
254 260
256 413
258 482
258 459
258 557
258 400
258 337
258 402
258 692
259 592
259 589
260 288
260 390
262 569
263 392
263 451
263 673
266 274
266 695
267 368
269 615
269 413
270 490
272 302
272 278
274 544
274 553
274 626
274 466
274 575
274 283
275 534
276 587
276 430
277 393
278 416
279 556
280 665
280 699
280 482
281 377
283 423
284 360
284 397
285 304
285 441
285 506
287 414
287 294
288 488
288 525
290 681
290 310
291 465
293 520
294 547
294 648
294 370
294 306
294 607
294 476
296 594
296 519
297 383
297 327
302 401
303 522
305 558
308 315
308 628
310 422
310 329
310 526
310 661
310 438
310 633
310 349
311 418
311 684
311 378
311 635
311 510
312 588
312 369
313 678
314 330
314 511
316 373
317 347
320 359
321 632
321 513
321 617
322 439
328 560
328 371
328 581
329 611
329 688
329 658
329 350
331 527
333 516
335 465
338 397
339 523
340 582
341 357
341 431
342 686
344 690
344 668
347 382
350 437
352 676
355 436
360 642
361 627
361 559
364 569
366 657
366 474
366 367
368 370
368 566
370 644
370 532
372 380
373 628
376 656
378 479
381 667
382 425
385 637
388 448
392 514
393 416
394 536
394 563
395 543
396 430
401 484
401 458
401 431
401 698
403 477
404 450
404 515
405 620
407 410
407 630
407 671
409 687
409 543
411 427
412 663
413 610
418 491
418 532
422 494
422 442
422 579
427 641
430 433
431 610
432 536
433 517
434 579
434 436
434 483
435 504
436 468
436 475
439 652
439 486
440 447
442 449
444 689
446 460
446 548
450 667
451 689
451 484
451 606
453 526
456 680
459 677
460 561
460 653
462 607
472 596
472 581
473 561
479 495
486 488
486 506
487 559
493 537
494 649
494 554
496 682
497 640
497 680
497 591
502 636
505 578
505 574
505 678
506 601
511 691
514 622
516 697
524 555
525 583
530 614
537 577
548 585
551 629
553 673
559 675
564 642
581 589
586 620
591 619
609 683
616 699
617 682
631 654
641 670
