0 2
0 3
0 4
0 5
0 6
0 777
0 10
0 1549
0 914
0 25
0 542
0 1323
0 570
0 316
0 191
0 961
0 76
0 977
0 470
0 218
0 60
0 107
0 750
0 111
0 112
0 243
0 250
0 1535
1 1248
1 2
1 1475
1 1220
1 773
1 698
1 745
1 1516
1 18
1 1438
1 87
1 185
1 186
1 666
1 862
2 3
2 4
2 7
2 9
2 10
2 13
2 14
2 15
2 16
2 17
2 18
2 21
2 22
2 1559
2 27
2 29
2 1567
2 35
2 37
2 50
2 53
2 57
2 63
2 71
2 587
2 78
2 79
2 593
2 99
2 1038
2 96
2 611
2 613
2 529
2 619
2 621
2 116
2 631
2 123
2 125
2 131
2 644
2 649
2 1163
2 652
2 668
2 163
2 171
2 176
2 690
2 180
2 189
2 119
2 716
2 1230
2 728
2 217
2 221
2 734
2 1317
2 1262
2 1271
2 1281
2 1285
2 266
2 1293
2 271
2 273
2 1300
2 285
2 1413
2 291
2 292
2 293
2 298
2 1336
2 326
2 846
2 1051
2 1378
2 868
2 1382
2 377
2 389
2 908
2 404
2 1431
2 1435
2 1441
2 423
2 943
2 944
2 447
2 450
2 75
2 456
2 972
2 1487
2 465
2 473
2 482
2 995
2 486
2 595
2 504
3 1027
3 5
3 6
3 135
3 1104
3 651
3 12
3 1005
3 1360
3 146
3 19
3 20
3 1046
3 407
3 24
3 153
3 410
3 431
3 540
3 1434
3 30
3 133
3 672
3 965
3 676
3 37
3 166
3 937
3 42
3 263
3 558
3 349
3 48
3 840
3 1074
3 414
3 55
3 58
3 61
3 1470
3 1077
3 1088
3 706
3 708
3 69
3 1351
3 72
3 140
3 74
3 459
3 1562
3 462
3 80
3 1341
3 470
3 87
3 1243
3 221
3 222
3 479
3 464
3 1381
3 102
3 105
3 1542
3 108
3 877
3 1052
3 954
3 624
3 627
3 1065
3 119
3 632
3 1338
3 124
3 1149
4 899
4 394
4 1039
4 1040
4 530
4 278
4 794
4 1308
4 927
4 1441
4 987
4 932
4 39
4 1451
4 45
4 303
4 184
4 66
4 715
4 211
4 86
4 1497
4 475
4 1506
4 360
4 875
4 365
4 374
4 376
5 7
5 8
5 14
5 15
5 1433
5 155
5 670
5 33
5 550
5 556
5 429
5 47
5 49
5 690
5 51
5 52
5 445
5 706
5 83
5 1493
5 1111
5 987
5 1372
5 1380
5 1517
5 1522
5 890
5 767
6 585
6 644
6 134
6 71
6 40
6 9
6 45
6 1032
6 371
6 183
6 56
6 1599
6 188
6 159
7 8
7 11
7 12
7 642
7 917
7 26
7 799
7 928
7 929
7 422
7 297
7 170
7 46
7 818
7 693
7 1225
7 440
7 315
7 828
7 573
7 575
7 325
7 198
7 841
7 459
7 210
7 471
7 1496
7 1113
7 480
7 230
7 233
7 1258
7 623
7 361
7 377
7 251
7 382
8 134
8 776
8 521
8 397
8 142
8 402
8 147
8 23
8 201
8 411
8 413
8 543
8 288
8 1187
8 292
8 165
8 806
8 881
8 41
8 1415
8 44
8 301
8 815
8 1288
8 499
8 55
8 440
8 826
8 62
8 193
8 1218
8 963
8 710
8 967
8 73
8 844
8 78
8 851
8 727
8 216
8 1444
8 732
8 733
8 95
8 864
8 992
8 1384
8 237
8 113
8 19
8 500
8 169
8 1018
9 290
9 17
9 1331
9 217
9 1500
9 287
10 48
10 11
10 1154
11 130
11 387
11 13
11 527
11 275
11 21
11 324
11 1563
11 925
11 113
11 936
11 425
11 814
11 1437
11 1290
11 958
11 68
11 712
11 718
11 269
11 1492
11 91
11 220
11 863
11 226
11 753
11 1279
11 636
11 149
12 256
12 1414
12 599
12 399
12 784
12 145
12 1430
12 23
12 24
12 281
12 27
12 412
12 33
12 1316
12 677
12 38
12 433
12 552
12 427
12 816
12 49
12 1586
12 691
12 182
12 186
12 187
12 962
12 792
12 1136
12 75
12 332
12 1236
12 1365
12 215
12 88
12 1273
12 1317
12 97
12 1446
12 104
12 110
12 368
12 1320
12 1267
12 628
12 1525
12 1017
12 634
12 509
12 1151
13 384
13 1152
13 1594
13 1162
13 396
13 141
13 16
13 913
13 659
13 1282
13 533
13 1176
13 28
13 157
13 32
13 39
13 296
13 1053
13 952
13 58
13 59
13 1086
13 1092
13 329
13 980
13 356
13 442
13 827
13 100
13 698
13 1002
13 624
13 115
13 253
14 832
14 1101
14 47
14 694
14 631
14 59
14 1244
14 511
15 36
15 300
15 554
15 331
15 172
15 143
15 84
15 548
15 541
16 1131
16 179
16 520
16 137
16 527
16 410
16 923
16 284
16 157
16 286
16 31
16 798
16 164
16 1393
16 1065
16 43
16 29
16 307
16 52
16 53
16 567
16 1524
16 1306
16 1439
16 189
16 319
16 64
16 67
16 1251
16 207
16 338
16 1235
16 770
16 93
16 478
16 609
16 994
16 507
16 1126
16 619
16 366
16 369
16 1268
16 1321
16 378
16 251
16 1277
17 1568
17 1057
17 42
17 435
17 524
17 77
17 269
17 403
17 85
17 823
17 1314
17 26
17 522
18 32
18 1051
18 133
18 712
18 265
18 106
18 1227
18 1292
18 34
18 430
18 1519
18 1272
18 116
18 758
18 344
18 793
18 91
18 861
18 31
19 458
19 555
19 34
19 837
19 1511
19 106
19 43
19 780
19 1538
19 1259
19 20
19 117
19 1216
19 248
19 25
19 415
19 61
19 234
19 245
20 128
20 519
20 392
20 142
20 145
20 274
20 1557
20 22
20 1067
20 1198
20 54
20 311
20 569
20 570
20 318
20 1346
20 195
20 197
20 70
20 844
20 79
20 208
20 852
20 526
20 215
20 89
20 226
20 657
20 872
20 873
20 252
21 161
21 76
21 108
21 557
21 1333
21 407
21 639
22 738
22 242
22 597
22 28
22 158
23 529
23 155
24 258
24 1030
24 785
24 156
24 798
24 35
24 40
24 944
24 30
24 188
24 1597
24 1471
24 192
24 196
24 462
24 731
24 482
24 103
24 247
24 127
25 129
25 139
25 911
25 150
25 1049
25 36
25 167
25 553
25 176
25 439
25 1337
25 68
25 1354
25 1591
25 214
25 1241
25 348
25 1249
25 98
25 1253
25 114
26 96
26 353
26 1254
26 232
26 44
26 1233
26 235
26 172
26 173
26 1263
26 80
26 403
26 276
26 1109
26 385
26 329
26 1395
26 640
26 219
27 1024
27 519
27 41
27 514
27 589
27 506
29 592
29 1029
29 70
29 135
29 202
29 1026
29 98
29 77
29 1311
29 1103
29 1173
29 1559
29 312
29 1497
29 1039
29 607
30 411
30 412
30 419
30 678
30 685
30 46
30 439
30 56
30 316
30 574
30 320
30 709
30 72
30 330
30 84
30 473
30 474
30 1120
30 225
30 358
30 1514
30 110
30 757
30 247
30 508
30 125
31 322
31 357
31 38
31 296
31 651
31 242
31 214
31 152
32 81
32 444
32 637
33 162
33 963
33 1062
33 968
33 586
33 365
33 1454
33 1361
33 1362
33 917
33 791
33 1498
33 891
33 62
34 385
34 1484
34 561
34 697
34 94
35 227
35 391
35 398
35 692
35 249
35 602
35 892
36 352
36 996
36 1385
36 1194
36 430
36 880
36 1361
36 148
36 54
36 1028
37 192
37 1075
37 99
37 934
37 139
37 66
37 276
37 1302
37 351
38 289
38 132
38 817
38 1356
38 74
38 334
38 175
38 1104
38 273
38 946
38 51
38 468
38 277
38 1335
38 89
38 863
39 768
39 577
39 579
39 613
39 903
39 1416
39 876
39 202
39 140
39 1517
39 1246
39 81
39 643
39 341
39 1566
39 254
39 1375
40 256
40 1025
40 388
40 154
40 667
40 167
40 168
40 50
40 687
40 1074
40 1206
40 64
40 196
40 583
40 1377
40 483
40 104
40 493
40 1064
40 763
40 126
40 383
41 1027
41 675
41 488
41 807
41 586
41 136
41 179
41 1110
41 824
41 90
42 1089
42 67
42 753
42 1066
42 204
42 1133
42 464
42 1556
42 92
42 191
43 705
43 130
43 867
43 100
43 261
43 326
43 327
43 650
43 1421
43 783
43 978
43 118
43 1017
43 57
43 218
43 93
43 1118
44 832
44 578
44 69
44 82
44 246
46 515
46 282
46 284
46 1190
46 810
46 1324
46 1208
46 313
46 833
46 194
46 1348
46 1350
46 330
46 591
46 975
46 995
46 102
46 1259
46 1260
46 239
46 115
46 1404
46 1535
47 65
47 199
47 424
47 1068
47 842
47 1585
47 748
47 109
47 143
47 1392
47 657
47 1425
47 533
47 854
47 1180
47 701
47 1093
48 523
48 704
48 264
48 1148
48 267
48 1358
48 181
48 759
48 1307
48 60
48 1525
49 65
49 930
49 323
49 713
49 1197
49 313
49 972
49 94
50 679
50 303
50 216
50 1019
51 1448
51 340
52 1345
53 138
53 663
53 555
53 562
53 441
53 187
53 266
53 703
53 584
53 1483
53 338
53 88
53 90
53 1502
53 481
53 612
53 1001
53 490
53 235
53 620
53 1518
53 1011
53 255
54 568
54 600
55 1346
55 869
57 264
57 107
57 206
57 559
57 306
57 883
57 244
57 174
57 887
57 436
57 1467
57 1557
58 550
58 207
58 1283
58 1012
58 503
58 1049
58 126
59 136
59 272
59 788
59 537
59 283
59 169
59 1469
59 1477
59 1095
59 203
59 83
59 981
59 1369
59 1508
59 1256
59 617
59 1130
59 245
59 120
59 250
60 448
60 1028
60 229
60 641
60 492
60 206
60 645
60 1298
60 437
60 504
60 1401
60 1213
60 213
61 449
61 354
61 393
61 596
61 1365
61 246
62 199
62 1231
62 1200
62 699
62 700
62 1501
62 63
63 336
63 1187
63 1025
63 262
63 295
63 73
63 267
63 751
63 623
63 304
63 368
63 82
63 918
63 695
63 953
63 287
63 92
63 159
64 144
64 1315
64 363
64 238
64 175
64 1006
64 702
65 603
65 1075
65 541
66 513
66 674
66 1223
66 1516
66 1390
66 1164
66 1198
66 1460
66 1173
66 1125
67 843
67 716
67 659
67 244
67 149
68 261
68 205
68 910
68 973
68 1326
68 408
68 122
68 1167
68 382
68 511
69 1478
70 419
70 1427
70 461
71 1383
71 581
71 231
71 1032
71 234
71 614
71 418
71 1486
71 557
71 1426
71 243
71 949
71 279
71 152
71 1523
71 1562
71 778
71 95
72 1105
72 551
72 265
72 1255
72 337
72 401
72 989
73 268
73 150
74 1410
74 1031
74 137
74 1326
74 281
74 925
74 811
74 307
74 1181
74 1331
74 521
74 1210
74 580
74 85
74 605
74 606
74 111
74 759
74 1149
74 766
75 128
75 193
75 148
75 86
76 1153
76 642
76 178
76 790
76 437
77 544
77 978
77 219
77 996
77 101
77 806
77 1417
77 493
77 558
77 829
77 1573
77 114
77 451
77 980
77 789
77 1305
77 123
77 124
77 389
78 1489
78 811
78 205
78 400
78 305
78 1587
78 405
78 760
78 1244
79 704
79 1364
79 537
79 454
79 948
79 1129
79 618
79 204
79 434
79 819
79 309
79 1270
79 151
79 468
79 731
79 1436
80 856
80 174
80 118
81 160
81 1571
81 1415
81 1262
81 241
81 370
81 1524
81 438
81 1376
81 1080
81 349
82 1408
82 1286
82 1507
82 805
82 166
82 232
82 1047
82 552
82 342
82 663
82 120
82 1112
82 1087
82 381
84 1172
84 1252
84 1042
84 913
84 530
84 308
84 1140
84 380
84 733
85 390
85 237
85 1505
85 406
85 408
85 158
85 160
85 161
85 1321
85 1069
85 1072
85 305
85 1589
85 317
85 1313
85 1143
85 1233
85 466
85 852
85 1241
85 1372
85 1121
85 103
85 233
85 1258
85 1515
85 109
85 1341
85 1264
85 1013
85 361
85 1528
85 505
85 255
86 532
86 652
87 608
87 299
88 386
88 163
88 297
88 271
88 787
89 576
89 97
89 895
89 1380
89 904
89 457
89 469
89 523
89 589
89 1247
89 721
89 819
89 117
89 1431
89 121
89 283
89 1373
89 1214
89 127
90 1001
90 129
90 322
90 1379
90 1510
90 710
90 359
90 685
90 467
90 761
90 601
90 1469
91 260
91 327
91 238
91 228
91 1308
92 802
92 1062
92 1004
92 1232
92 311
93 1090
93 1099
93 1197
93 1502
95 645
95 622
95 787
95 724
95 750
95 664
95 1076
95 924
95 101
96 705
96 1064
96 364
96 784
96 406
96 889
96 280
96 153
96 154
97 549
97 1585
97 1174
97 922
97 677
98 516
98 230
98 1166
98 495
98 693
98 1243
98 476
99 194
99 1485
99 177
99 1363
99 310
99 919
99 696
99 1020
99 446
99 1541
100 914
101 898
102 1219
102 132
102 1574
102 198
102 105
102 1459
102 209
102 131
102 1204
102 949
102 823
102 638
102 1011
103 516
103 497
103 1355
103 369
103 1113
104 739
104 1192
104 138
104 112
104 200
104 180
104 1332
104 539
104 1565
104 350
106 147
106 1035
106 941
106 1144
108 744
109 1170
109 151
110 162
110 517
110 240
110 1022
110 285
111 547
111 680
111 121
111 252
111 1471
112 866
112 1045
112 337
113 1398
113 345
113 828
113 957
113 1150
114 346
114 211
114 982
115 560
116 904
116 333
116 141
116 1301
116 726
116 122
116 1466
117 1184
117 1284
117 999
117 306
117 723
117 986
118 190
119 595
119 386
119 1493
120 170
120 941
121 1226
121 485
122 656
122 1598
123 1059
123 231
123 360
123 1598
123 1227
123 590
123 173
123 789
123 982
123 475
123 1566
124 658
124 871
125 554
127 520
127 177
127 168
127 526
127 184
127 1588
127 950
127 409
127 1406
128 1137
128 1235
128 1245
128 254
130 480
130 575
131 320
131 518
131 421
132 1481
132 181
132 376
132 1145
133 571
133 514
134 288
134 1450
134 328
134 991
136 289
136 1543
136 1036
136 209
136 277
136 728
136 286
136 885
137 144
137 531
137 373
137 182
138 587
138 299
138 831
139 1221
140 1440
140 1416
140 485
140 1096
140 1005
140 208
140 1139
140 786
140 515
140 501
140 1272
140 1202
140 347
140 956
140 725
141 308
141 1102
142 448
142 197
142 236
142 1394
142 239
142 146
143 1129
143 210
143 1373
144 1250
144 606
144 302
145 451
145 686
146 1171
146 357
146 1251
146 1160
146 1335
146 940
146 1105
146 915
146 979
146 1498
146 414
146 1061
147 1091
147 813
148 1422
148 340
148 726
148 1342
148 1407
149 224
149 1344
149 1540
149 165
149 1000
149 681
149 1322
149 909
149 1462
149 1182
149 741
150 931
150 388
150 293
150 1482
150 591
150 371
150 156
150 767
152 1565
152 467
153 903
153 1162
153 1569
153 420
153 1446
153 1193
153 1578
153 171
153 1199
153 178
153 441
153 572
153 352
153 1219
153 454
153 723
153 212
153 1240
153 477
153 364
153 1519
153 1008
153 626
153 1016
155 1097
155 1513
155 748
156 259
156 973
156 494
156 279
156 477
156 1406
157 257
158 449
158 334
158 1583
158 1427
159 1488
159 227
159 164
159 432
159 707
159 580
159 220
159 381
161 195
161 1301
161 270
161 597
161 886
161 312
162 295
162 1098
162 225
162 332
162 397
162 367
162 786
162 1325
162 375
162 445
162 478
162 1429
163 319
164 707
164 1142
164 646
164 968
164 684
164 1203
164 342
165 740
165 294
165 1289
165 714
165 1196
165 751
165 1555
165 436
165 1348
167 395
167 453
167 262
168 577
168 708
168 335
168 1183
169 1527
170 755
170 309
170 1595
170 853
171 481
171 391
171 263
171 1422
171 700
172 253
173 1371
173 426
173 1552
173 1106
173 888
173 1053
174 579
174 343
174 919
174 634
175 1547
175 1009
175 200
175 1355
175 1420
175 1423
175 496
175 433
175 985
175 1299
175 212
175 565
175 921
175 183
175 1208
175 857
175 1530
175 1116
176 366
177 223
178 736
178 1249
178 355
178 1124
178 486
178 268
178 654
178 719
178 1203
178 378
179 258
179 839
179 756
179 567
179 185
180 744
180 883
180 661
180 438
180 1080
180 444
180 1214
181 1283
181 452
181 367
181 1563
181 508
182 222
182 190
182 713
183 864
183 878
183 1297
183 1013
183 223
183 830
183 351
184 1344
184 401
184 274
184 339
184 1156
184 602
185 1387
185 324
185 229
185 614
185 1329
185 203
185 1392
185 1041
185 821
185 1529
185 1188
185 453
187 290
187 1309
188 990
189 675
189 1061
189 1303
189 507
190 545
190 1029
190 328
190 270
190 1008
190 947
190 933
190 604
190 735
191 1121
191 1116
191 427
191 908
191 845
191 796
192 402
193 546
193 977
193 213
193 822
193 664
193 501
194 489
194 301
194 333
194 201
194 1596
195 224
195 1375
195 774
195 621
195 1362
195 373
195 760
195 703
195 348
195 479
196 1127
196 1291
196 655
196 1169
196 765
197 608
197 1352
197 426
197 855
198 506
198 1159
199 738
200 1298
202 616
202 321
203 249
204 615
205 1409
205 236
205 673
206 928
206 409
207 1560
207 782
209 902
209 682
209 1228
209 1573
209 1589
209 1399
209 1369
209 1086
209 447
210 384
210 1378
210 240
210 1526
211 841
211 1161
214 1042
214 359
215 643
215 997
215 1094
215 649
215 1542
215 596
215 405
215 824
215 346
215 1148
215 510
215 1445
216 672
216 355
216 618
216 331
216 1292
216 1391
216 1016
216 764
217 911
217 656
217 635
217 1468
218 1190
218 808
218 625
218 1044
218 1114
218 415
220 425
220 687
220 275
220 280
220 1278
221 666
222 571
222 404
222 1127
224 976
225 769
225 611
225 228
225 807
225 350
226 569
226 395
227 298
228 400
228 1504
229 1371
229 803
229 260
230 390
230 1128
230 336
230 695
230 1209
230 282
230 827
231 932
231 1550
231 1071
231 345
232 1107
232 323
232 1255
232 458
232 560
232 498
232 835
232 1332
233 393
233 599
233 341
234 768
234 259
234 1169
234 725
235 1281
236 257
236 1570
236 1537
236 278
236 442
236 315
237 291
237 742
237 455
237 588
237 1067
237 524
237 717
237 241
238 294
238 399
238 1463
238 248
238 317
238 510
239 884
239 343
240 1530
240 1386
240 854
240 314
240 797
241 353
241 1327
241 1043
241 502
241 314
241 762
241 318
242 1311
242 838
243 1357
243 1134
243 847
243 689
243 1368
244 826
244 900
244 1081
245 1400
246 976
246 1026
246 379
248 1123
248 1509
248 492
248 814
248 494
249 1499
250 502
250 752
250 499
250 629
250 662
251 1577
251 1098
251 909
251 948
251 1560
251 1178
252 584
252 897
252 775
253 1547
253 1007
253 432
253 1019
254 1512
254 779
254 1261
254 1266
254 694
254 1211
254 1084
254 958
255 1034
255 466
255 565
255 1438
256 484
256 310
256 1494
256 1366
256 849
256 886
257 930
257 1397
258 1070
258 815
258 528
258 1490
260 272
260 1338
261 1520
261 1478
261 392
261 848
262 898
262 456
262 553
262 812
262 465
262 850
262 531
262 1109
262 1085
266 539
267 358
267 583
267 398
267 302
267 383
268 1128
268 435
268 1114
269 1443
270 484
270 1576
270 1456
270 372
270 1018
271 422
272 394
272 1202
272 788
272 950
272 632
273 630
273 421
273 1450
275 609
275 362
275 363
275 1455
275 1296
275 1457
275 1141
275 954
276 536
276 745
276 1347
277 1424
277 1079
278 688
278 1058
278 300
279 1158
280 321
280 933
280 993
280 1363
280 661
280 534
280 825
280 1403
281 1132
281 304
281 1138
281 1242
283 420
284 344
285 1287
285 335
286 988
286 1382
286 566
287 362
287 654
287 938
287 1078
287 585
287 682
288 1256
288 1047
289 1254
289 1413
290 512
290 1057
290 1435
290 417
290 1161
292 737
292 1043
293 1467
293 546
294 834
294 1329
294 497
294 1534
295 1182
295 830
296 417
296 879
296 1076
296 1236
296 379
297 325
297 463
297 1266
297 1178
299 669
299 1195
299 469
300 1479
301 446
302 590
302 582
303 801
303 1163
305 809
305 849
305 487
306 971
307 778
308 640
308 610
308 1319
308 1194
308 535
308 1305
309 1177
309 1237
311 563
312 1550
312 633
313 450
313 582
313 1581
313 594
313 855
313 472
313 1118
314 1097
317 770
317 998
317 838
317 455
317 1036
317 747
317 396
317 945
317 946
317 1267
317 892
317 829
318 1584
318 428
319 752
319 929
319 1423
319 754
319 727
319 952
320 356
320 509
320 1367
320 860
320 413
323 513
323 518
323 593
323 1463
323 974
323 783
323 594
323 564
323 761
323 505
323 858
323 1150
327 566
328 370
328 1310
331 354
331 1021
331 429
332 1153
333 820
333 773
333 997
334 1452
334 1523
334 339
334 1054
334 600
334 665
334 956
335 443
336 1561
339 536
339 347
339 495
340 1126
340 1419
340 881
340 858
341 970
342 916
343 934
343 588
343 431
343 375
344 416
344 885
345 962
345 549
345 758
346 1185
346 1518
346 820
346 1023
347 1050
348 1476
348 1263
349 572
349 1102
349 535
349 472
349 380
349 607
350 1176
350 551
352 1449
352 799
353 1480
353 1172
353 545
354 805
355 939
355 1421
355 563
355 1492
355 374
355 951
355 474
355 1468
356 1410
356 859
356 1527
357 522
357 683
357 622
357 699
358 1390
358 627
358 1044
358 686
358 1564
359 1112
359 939
359 372
360 870
360 1287
360 564
360 1085
361 1504
361 1544
361 647
362 1345
362 870
363 1588
363 517
366 424
366 714
366 1100
366 434
366 443
367 1168
367 489
367 1077
368 991
368 630
370 795
372 1211
372 1342
374 966
374 423
374 683
374 720
374 387
374 629
374 668
375 801
377 1048
377 865
377 1004
378 1152
378 1409
378 491
378 525
378 846
378 1432
378 984
380 1511
381 452
381 808
381 1135
381 1464
381 1048
381 859
382 1147
385 576
385 998
385 1010
385 721
385 498
385 476
386 1033
386 1046
386 471
386 1353
387 888
387 665
387 1073
390 804
390 653
390 662
390 1175
391 418
391 1117
392 483
392 966
392 488
392 626
392 573
393 765
394 1385
395 1216
395 1063
395 610
396 874
396 460
396 1459
396 853
397 771
397 746
398 878
398 1521
398 1234
398 1439
399 547
399 938
399 1391
399 1402
399 891
400 416
400 1079
402 1458
403 528
403 1507
403 1303
404 850
404 1087
405 840
406 1506
409 1007
410 741
410 791
411 1276
411 715
411 942
411 1144
411 603
411 636
411 605
412 860
414 1002
414 460
414 923
415 877
415 496
415 1304
415 1499
417 1374
417 1277
417 974
418 428
419 674
419 882
419 1364
420 719
421 1546
422 1238
423 1330
425 1138
425 1275
426 772
429 1482
429 876
431 804
431 1349
431 1485
431 1310
432 461
432 1279
433 1280
433 625
436 678
436 487
440 1056
440 754
440 1088
441 912
441 809
441 556
441 463
441 720
441 1107
441 1396
443 538
443 653
444 1575
445 1106
447 1125
447 671
448 525
450 637
451 836
452 1297
452 1370
453 1058
453 457
453 971
453 1177
453 986
453 1082
454 1123
454 490
454 592
454 561
454 988
455 920
455 729
455 1030
456 790
456 762
457 1222
457 1578
457 848
457 729
457 901
458 534
458 871
460 1108
460 867
460 1209
461 1040
461 1522
461 598
463 1315
463 1358
463 1411
463 1141
463 503
465 491
468 679
469 601
470 953
471 749
473 833
473 1556
474 1289
475 1224
475 845
475 1394
475 1276
475 1054
476 1400
476 650
477 901
477 1333
478 512
478 810
478 1037
478 822
478 1117
481 816
481 1402
483 1316
484 1164
484 1084
484 1532
485 802
485 1186
485 1404
487 1455
488 967
488 1580
488 1070
488 660
488 500
488 1500
489 1217
489 647
489 1226
489 1582
489 667
489 893
490 1424
491 957
491 1265
493 544
493 1288
493 757
493 1591
494 737
494 548
494 906
494 975
494 532
494 1590
494 926
495 692
495 658
495 861
496 866
496 1179
497 617
497 780
497 691
497 1417
497 697
500 889
500 800
501 782
501 796
505 847
505 1528
505 540
505 821
506 1368
506 1265
506 578
508 1472
508 964
508 543
509 1095
511 1389
512 612
512 905
512 1324
512 879
512 756
512 793
512 795
513 680
515 842
520 771
520 1110
521 1395
522 955
522 965
523 1212
524 1119
525 785
526 776
528 1014
529 1536
529 1181
530 1274
530 1595
530 764
532 1115
533 559
535 635
536 633
536 538
536 581
538 931
538 905
538 1035
538 1257
538 1207
538 732
538 638
539 1131
539 1330
539 702
541 542
542 568
542 562
543 1154
543 1215
544 1318
545 670
545 937
546 676
546 868
546 1089
547 857
547 890
548 1412
548 1309
549 1293
549 689
551 1139
551 766
551 1239
552 1483
552 574
553 743
554 800
554 1206
555 774
556 1548
556 1580
556 655
556 1175
557 1093
558 1399
560 907
562 797
563 615
565 882
567 1456
567 1210
568 926
569 1534
570 1320
570 922
571 1179
571 1031
572 620
573 900
573 1189
573 749
573 1201
575 916
576 671
577 1120
577 639
577 646
579 1299
581 834
582 681
583 1229
584 1486
585 1312
586 1014
589 1443
589 616
589 688
589 660
590 604
592 641
593 912
595 1094
595 711
595 1003
595 1041
596 598
599 851
599 781
601 1474
601 709
601 718
601 628
601 1273
601 669
605 740
607 1480
609 763
611 1347
611 711
613 1596
613 813
615 1466
617 684
619 1569
619 955
619 1122
621 1228
621 874
622 992
622 1290
623 673
625 1319
630 1170
630 1436
630 1103
631 865
631 1071
631 1015
633 1248
633 994
633 1445
633 1354
633 1282
634 906
635 730
635 985
636 1314
636 1351
636 648
636 920
638 947
638 1503
639 961
639 648
639 1558
639 921
641 734
643 872
643 960
643 1191
644 1496
645 775
645 1322
645 1593
645 1561
646 831
647 1411
647 742
649 747
650 936
650 825
651 1252
651 910
654 1349
654 1291
654 1489
654 1183
655 772
656 1488
656 1186
656 1261
657 724
658 960
658 1260
658 1223
663 893
667 803
668 1055
670 1545
670 1015
671 701
672 1418
672 812
673 896
673 837
676 779
676 1453
679 1010
680 1205
681 696
681 1474
682 1571
683 1229
683 839
684 1278
685 1066
685 1167
685 1584
685 1119
686 1050
686 1245
686 817
689 896
689 1442
689 843
689 818
690 777
690 755
690 1073
693 1217
693 836
693 722
693 1151
695 875
697 895
698 722
698 1034
698 1449
700 730
702 746
704 1541
709 924
709 1294
709 1159
710 1554
711 873
711 717
711 1199
711 1403
711 735
713 1461
715 1083
715 1429
715 1238
715 1081
720 1428
721 1060
721 1220
722 1155
722 1269
723 1231
724 897
724 1090
726 935
727 959
728 1540
728 794
728 1487
729 1295
729 1165
730 1055
730 1558
730 943
731 743
731 781
732 739
732 887
733 1000
734 736
734 1192
734 1484
734 1452
734 1240
735 1092
736 1033
738 989
739 993
739 1257
739 1587
739 856
741 1328
745 1091
745 835
745 1495
745 1083
746 1275
748 792
748 1023
749 884
751 1412
752 869
752 1384
752 1581
752 983
752 1340
753 1165
753 1567
756 1531
757 1204
758 1437
760 1284
760 1477
760 1294
760 1491
760 1564
761 1312
762 1325
766 769
767 1318
767 1501
768 1136
768 1458
772 1052
773 1134
774 1147
775 1353
776 1307
776 1063
779 1024
779 1060
779 1583
788 1069
788 1334
789 935
794 1215
795 969
795 1242
795 990
797 862
798 1264
800 1168
801 1539
801 1196
806 1056
807 1352
807 1099
807 1246
809 1350
816 1006
816 902
819 979
821 907
821 1393
821 894
822 1122
822 1451
822 983
824 1142
825 1552
825 1218
826 1020
826 1285
826 1533
829 1343
829 1396
830 1221
831 1132
832 1327
833 981
836 1296
837 880
837 942
842 1160
842 1193
842 1494
843 1045
847 999
848 1059
848 1158
851 1108
863 970
863 940
865 1274
866 1376
866 1576
866 1295
868 1356
868 894
868 1037
870 1334
873 1508
873 927
873 1495
875 984
877 964
877 918
877 1082
877 1213
878 1234
879 1271
882 1268
882 1180
882 1470
883 915
884 1574
886 1174
891 1115
892 1068
892 899
892 1212
893 1130
894 1157
894 1135
894 1012
894 1460
896 1300
900 1188
904 1009
904 969
907 945
907 1155
907 1465
908 1509
909 1306
911 1430
916 1476
917 1111
918 1579
919 1021
919 1389
922 1388
922 1538
924 1590
924 951
924 1582
925 1533
926 1191
935 1425
935 959
936 1473
936 1302
945 1237
948 1337
956 1339
957 1250
959 1531
961 1200
963 1359
964 1124
965 1101
967 1207
968 1143
969 1269
977 1253
978 1100
978 1078
979 1003
980 1444
983 1156
985 1022
986 1433
999 1407
1001 1038
1006 1224
1008 1146
1012 1386
1012 1230
1013 1465
1013 1323
1014 1357
1014 1597
1015 1133
1018 1232
1020 1549
1029 1408
1029 1491
1029 1239
1030 1529
1030 1575
1033 1405
1038 1419
1040 1428
1042 1387
1042 1442
1042 1171
1043 1280
1043 1555
1049 1420
1050 1201
1052 1205
1053 1157
1053 1336
1060 1568
1062 1286
1063 1072
1069 1512
1071 1448
1071 1366
1078 1521
1079 1096
1079 1551
1089 1166
1100 1462
1104 1222
1106 1304
1108 1453
1117 1137
1119 1418
1121 1490
1121 1195
1124 1225
1124 1313
1126 1505
1127 1146
1129 1343
1135 1414
1135 1140
1136 1539
1140 1145
1142 1592
1142 1554
1145 1447
1145 1189
1145 1397
1155 1184
1155 1503
1157 1360
1157 1447
1164 1520
1164 1270
1165 1545
1167 1370
1170 1553
1174 1339
1175 1359
1176 1185
1176 1247
1185 1398
1190 1432
1191 1464
1191 1544
1199 1377
1208 1473
1208 1381
1210 1461
1214 1481
1215 1572
1223 1515
1227 1513
1229 1548
1248 1434
1270 1510
1273 1479
1276 1367
1281 1440
1295 1405
1299 1572
1308 1374
1313 1328
1314 1388
1318 1383
1322 1340
1329 1401
1335 1553
1345 1379
1346 1472
1354 1593
1356 1526
1368 1532
1381 1599
1385 1426
1389 1457
1407 1536
1414 1577
1415 1514
1418 1537
1422 1454
1442 1543
1449 1594
1472 1475
1477 1546
1480 1592
1494 1586
1542 1551
1558 1570
1560 1579
