0 2
0 6
0 130
0 16
0 20
0 921
0 23
0 920
0 25
0 27
0 414
0 417
0 36
0 70
0 39
0 170
0 687
0 182
0 951
0 184
0 441
0 64
0 198
0 589
0 717
0 81
0 676
0 292
0 865
0 356
0 358
0 104
0 875
0 492
0 374
0 127
1 2
1 3
1 7
1 813
1 17
1 403
1 921
1 29
1 161
1 34
1 43
1 45
1 822
1 321
1 711
1 74
1 162
1 77
1 81
1 468
1 218
1 605
1 95
1 229
1 486
1 493
1 882
1 596
2 3
2 4
2 5
2 7
2 520
2 9
2 10
2 11
2 12
2 13
2 14
2 18
2 19
2 20
2 21
2 23
2 24
2 26
2 542
2 31
2 35
2 47
2 563
2 56
2 569
2 579
2 69
2 75
2 76
2 78
2 79
2 85
2 89
2 91
2 102
2 106
2 620
2 630
2 120
2 635
2 124
2 637
2 137
2 154
2 160
2 162
2 169
2 190
2 199
2 720
2 726
2 731
2 221
2 734
2 243
2 758
2 258
2 259
2 778
2 273
2 290
2 291
2 296
2 309
2 822
2 311
2 821
2 832
2 568
2 351
2 356
2 359
2 875
2 364
2 371
2 902
2 936
2 430
2 755
2 672
2 966
2 968
2 471
2 475
2 998
2 681
2 506
3 4
3 5
3 8
3 9
3 10
3 17
3 914
3 406
3 410
3 133
3 928
3 34
3 521
3 166
3 389
3 172
3 55
3 57
3 31
3 188
3 864
3 582
3 71
3 584
3 977
3 338
3 185
3 216
3 350
3 95
3 96
3 865
3 827
3 486
3 360
3 121
4 588
4 729
4 6
4 519
4 8
4 522
4 12
4 269
4 14
4 400
4 728
4 274
4 147
4 608
4 21
4 22
4 674
4 281
4 410
4 155
4 157
4 287
4 457
4 411
4 548
4 40
4 41
4 810
4 427
4 684
4 46
4 48
4 264
4 50
4 499
4 180
4 438
4 201
4 313
4 318
4 192
4 65
4 67
4 569
4 198
4 200
4 73
4 459
4 332
4 461
4 397
4 208
4 850
4 480
4 342
4 87
4 344
4 473
4 476
4 352
4 951
4 484
4 785
4 872
4 691
4 856
4 275
4 643
4 938
4 127
5 324
5 614
5 40
5 361
5 74
5 66
5 15
5 271
5 245
5 119
5 27
5 894
6 544
6 390
6 103
6 843
6 212
6 694
6 640
7 32
7 33
7 105
7 458
7 11
7 174
7 145
7 764
8 37
8 327
8 13
8 16
8 853
8 981
8 255
9 474
9 666
9 108
9 44
9 398
9 815
9 944
9 49
9 515
9 52
9 150
9 216
9 985
9 26
9 572
9 58
9 446
10 262
10 652
10 19
10 22
10 24
10 28
10 51
10 568
10 58
10 699
10 700
10 576
10 196
10 346
10 988
10 479
10 187
10 105
10 122
10 380
11 384
11 448
11 392
11 777
11 650
11 791
11 155
11 32
11 161
11 674
11 35
11 41
11 170
11 904
11 436
11 565
11 695
11 186
11 64
11 68
11 467
11 84
11 667
11 86
11 90
11 372
11 761
12 549
12 266
12 759
12 57
12 126
12 581
13 258
13 15
13 272
13 25
13 537
13 28
13 285
13 164
13 42
13 173
13 818
13 317
13 209
13 213
13 215
13 36
13 92
13 898
13 223
13 481
13 872
13 752
13 754
13 122
14 96
14 38
14 230
14 359
14 552
14 80
14 767
15 307
15 167
15 199
16 363
17 256
17 805
17 848
17 168
17 268
17 146
17 845
17 240
17 328
17 18
17 598
17 154
17 509
17 158
17 63
18 51
18 515
18 903
18 395
18 787
18 870
18 924
18 157
18 30
18 422
18 935
18 860
18 946
18 47
18 689
18 434
18 307
18 52
18 695
18 61
18 704
18 197
18 966
18 713
18 204
18 82
18 83
18 212
18 348
18 352
18 101
18 102
18 999
18 234
18 495
18 369
18 285
18 118
18 377
18 379
18 541
18 895
19 768
19 483
19 682
19 234
19 514
19 628
19 151
19 152
19 62
20 180
21 129
21 619
21 517
21 678
21 551
21 906
21 43
21 76
21 210
21 749
21 50
21 597
21 246
21 247
21 120
21 802
21 725
22 500
22 191
23 581
23 521
23 684
23 962
23 144
23 563
23 404
23 308
23 508
23 445
24 449
24 196
24 616
24 764
24 429
24 401
24 954
24 188
24 426
25 929
25 837
25 42
25 48
25 601
26 227
26 205
26 252
26 137
26 409
26 92
26 29
26 501
27 963
27 39
27 617
27 299
27 557
27 398
27 496
27 178
27 310
27 823
27 217
27 123
27 965
28 131
28 616
28 559
28 53
28 214
28 783
28 106
28 478
29 512
29 33
29 745
29 752
29 657
29 243
29 958
29 283
29 282
29 30
30 353
30 610
30 69
30 38
30 263
30 680
30 204
30 172
30 143
30 149
30 407
30 697
30 570
30 315
30 60
31 768
31 257
31 37
31 265
31 298
31 66
31 45
31 54
31 553
31 88
31 350
32 641
32 546
32 259
32 177
32 140
32 44
32 46
32 564
32 272
32 49
32 468
32 504
32 260
32 859
32 61
32 94
32 159
33 642
33 100
33 54
33 809
33 829
33 82
33 470
34 896
34 548
34 391
34 426
34 235
34 846
34 707
34 609
34 566
34 55
34 938
34 62
34 447
35 97
35 669
36 704
36 99
36 677
36 220
36 555
36 78
36 781
36 144
36 978
36 723
36 949
36 739
36 56
36 60
37 228
37 683
37 136
37 242
37 115
37 279
37 378
37 959
38 297
38 526
38 886
38 956
39 265
39 351
40 134
41 665
42 902
42 679
42 151
42 908
42 237
42 915
42 470
42 183
42 59
42 508
43 98
43 421
43 744
43 714
43 303
43 189
44 136
44 335
44 442
44 303
45 448
45 68
45 165
45 264
45 873
45 813
45 110
45 80
45 736
45 580
45 890
45 816
45 573
45 63
46 800
46 653
46 113
46 658
46 383
47 291
47 325
47 976
47 293
48 176
48 765
48 974
49 75
49 236
49 732
50 288
50 546
50 67
50 357
50 358
50 329
50 138
50 983
50 463
50 634
50 433
50 567
50 249
50 218
50 507
50 316
50 125
50 126
50 53
51 910
51 176
51 530
51 477
52 934
52 646
52 174
52 111
52 885
53 864
53 109
53 982
54 623
54 89
55 260
55 773
55 657
55 148
55 430
55 432
55 186
55 195
55 71
55 203
55 972
55 77
55 337
55 341
55 732
55 607
55 226
55 355
55 743
55 104
55 107
56 257
56 145
56 794
56 543
56 297
56 817
56 314
56 59
56 956
56 576
56 322
56 579
56 210
56 83
56 725
56 224
56 99
56 103
56 109
56 750
56 113
56 851
56 502
56 248
56 253
57 296
57 422
58 418
58 645
58 679
58 142
58 560
58 125
58 222
59 456
59 332
59 300
59 205
59 622
59 815
59 680
59 370
59 117
59 124
60 450
60 789
60 165
60 365
60 526
60 687
60 500
60 117
60 516
60 250
60 379
60 570
60 661
61 72
62 97
62 611
62 552
62 139
62 942
62 304
62 246
63 833
63 164
63 70
63 72
63 73
63 556
63 334
63 690
63 116
63 873
63 692
63 603
63 413
64 65
64 323
64 132
64 806
64 326
64 586
64 842
64 527
64 331
64 862
64 244
64 734
64 88
64 90
64 219
64 253
64 94
64 319
65 261
65 585
65 171
65 274
65 435
65 644
65 221
65 869
66 718
67 326
67 268
67 402
67 943
67 209
67 435
67 84
67 85
67 504
67 121
68 806
68 742
68 646
69 225
69 421
69 135
69 907
69 717
69 814
69 887
69 223
70 163
70 79
70 339
70 86
70 991
70 414
71 353
71 98
71 438
71 840
71 371
71 300
71 642
71 227
71 118
71 677
72 836
72 206
73 108
73 323
73 302
74 387
74 140
74 573
75 160
75 416
75 439
75 743
75 424
75 202
75 107
75 207
75 112
75 87
75 412
75 254
75 639
76 453
76 167
76 275
76 181
76 184
76 830
77 386
77 604
77 336
77 850
77 252
78 906
78 520
78 233
78 394
78 623
78 335
78 561
78 211
78 308
78 654
78 406
78 851
78 91
78 522
79 547
79 585
79 939
79 403
80 254
80 283
80 142
81 132
81 294
81 455
81 523
81 733
81 437
81 452
81 219
81 93
81 798
81 703
82 128
82 228
82 710
82 146
82 810
82 141
82 112
82 405
82 700
82 319
83 709
83 651
83 781
83 153
84 385
84 514
84 138
84 141
84 593
84 114
84 276
84 661
84 727
84 447
84 554
84 415
85 993
85 999
85 230
85 263
85 295
85 590
85 911
85 547
85 116
85 183
85 345
85 892
85 191
86 803
86 295
86 583
86 178
86 179
86 245
86 599
86 344
86 409
86 93
87 368
87 208
87 757
87 343
87 836
87 249
88 460
89 131
89 484
89 357
89 393
89 523
89 428
89 738
89 719
89 703
89 511
90 289
90 925
91 739
91 324
91 555
91 315
92 868
93 929
93 100
93 262
93 465
93 111
93 624
93 669
93 831
94 194
94 293
94 168
94 652
94 224
94 922
94 702
95 388
95 541
96 345
96 818
96 181
97 129
97 101
97 742
98 139
98 197
98 586
98 839
98 149
98 248
98 313
98 925
98 501
98 133
100 912
100 281
100 119
101 128
101 225
101 200
101 302
101 368
101 668
102 945
102 211
102 472
102 893
102 159
103 842
103 173
105 482
105 195
105 516
105 550
105 134
105 327
105 488
105 367
105 562
105 213
105 857
105 719
105 751
106 420
106 811
106 826
107 737
107 897
107 233
107 298
107 114
107 115
107 158
108 163
108 311
109 110
110 730
110 130
111 193
111 427
111 957
112 950
113 884
113 229
113 821
114 256
114 354
115 217
116 692
116 918
116 471
116 762
117 473
117 532
117 487
119 708
119 238
119 594
119 613
120 940
121 496
121 179
121 235
122 577
122 933
122 560
122 531
122 123
122 286
123 992
123 251
123 267
123 527
124 148
124 238
125 784
125 340
126 534
126 334
127 386
127 782
127 912
127 152
127 220
128 512
128 866
128 835
128 454
128 171
128 765
130 640
130 453
130 817
131 194
131 633
131 919
131 494
131 239
131 979
131 343
131 440
131 282
131 602
132 800
132 893
132 177
132 683
132 492
132 499
132 147
132 631
132 153
132 759
132 575
134 838
134 135
134 524
134 655
134 712
134 498
134 214
135 431
136 790
136 814
136 190
138 232
139 741
139 143
140 601
140 924
141 226
141 917
142 400
142 156
142 425
143 349
143 920
143 150
143 376
143 605
144 156
145 789
146 169
147 321
147 267
147 207
147 532
147 987
147 668
148 396
148 269
148 660
148 664
148 417
148 166
148 423
148 681
148 685
148 316
148 838
148 202
148 720
148 337
148 727
148 348
148 488
148 361
148 889
148 635
149 373
150 577
150 551
150 970
150 431
150 564
150 857
150 916
151 895
151 542
151 519
152 390
152 528
152 241
152 341
152 825
152 411
153 881
154 588
154 770
154 463
154 466
155 682
155 688
155 378
155 187
156 746
156 715
156 913
156 662
156 312
157 456
157 705
157 957
158 320
158 349
158 953
159 933
159 935
159 175
159 469
159 446
160 756
160 886
162 192
162 609
162 304
162 240
162 977
162 408
163 769
163 775
163 236
163 914
163 367
163 690
163 693
163 342
163 175
164 423
164 215
164 740
165 648
165 783
166 868
166 762
167 490
167 498
167 182
167 824
167 394
167 222
168 913
168 193
168 290
168 231
168 971
168 460
168 397
168 638
168 898
168 888
168 986
168 799
169 832
169 595
170 276
171 273
171 201
172 866
173 932
173 805
173 231
173 305
173 574
173 377
173 952
173 185
173 964
173 381
173 382
174 733
174 189
174 270
175 592
175 980
175 676
176 801
176 647
176 203
176 270
176 625
176 691
178 628
178 405
178 317
178 286
179 292
180 366
181 748
182 816
182 242
182 278
183 962
183 729
183 881
186 289
186 930
186 449
186 871
186 545
186 255
187 299
187 722
187 903
188 325
188 619
188 844
188 306
188 643
189 847
189 945
189 280
189 284
190 544
192 284
192 271
193 232
193 974
193 328
194 288
194 708
194 330
194 589
194 206
194 239
194 433
194 986
196 477
196 485
197 786
197 964
197 533
198 856
200 338
201 241
201 402
201 556
202 428
202 624
202 537
202 990
203 969
203 653
203 301
203 562
203 882
204 826
205 237
205 877
207 434
207 845
207 686
208 250
208 647
211 960
211 425
211 279
211 745
211 280
212 693
214 528
214 355
215 452
215 627
215 804
216 404
216 396
216 594
218 339
219 650
219 530
219 373
219 247
220 660
220 943
221 571
221 947
223 584
223 476
224 416
224 322
224 550
224 294
224 360
225 455
225 510
226 715
226 525
226 694
227 531
230 995
231 987
231 517
231 489
231 306
231 244
231 278
231 472
231 251
231 540
232 336
232 479
233 880
233 395
233 784
233 858
235 340
235 506
236 738
236 412
236 834
237 362
237 754
237 266
237 923
238 538
238 698
238 518
240 731
241 261
241 747
241 309
241 441
242 277
245 839
246 780
246 927
247 331
247 494
247 536
247 985
247 415
248 698
248 287
252 828
252 478
252 757
253 997
253 301
253 883
253 671
255 659
255 918
256 483
256 997
256 849
256 656
256 314
256 380
257 557
257 812
257 277
258 603
258 678
258 701
259 464
260 375
260 854
260 518
261 744
263 771
263 716
263 775
264 374
264 595
264 820
264 566
264 312
264 671
265 389
265 998
265 908
265 464
265 954
266 874
267 443
267 533
267 797
267 575
269 897
269 776
269 632
269 926
270 384
270 778
270 763
271 465
272 329
272 950
272 399
274 420
274 381
274 735
275 993
275 969
277 513
277 662
277 399
278 318
279 952
281 658
282 540
283 697
283 363
283 407
284 320
285 799
285 604
285 487
287 788
287 543
288 807
288 333
288 466
288 539
288 572
288 382
289 467
289 534
289 346
289 766
290 598
290 391
291 333
291 366
291 559
291 885
291 503
291 706
292 558
292 967
294 978
296 387
297 364
298 554
299 305
300 608
300 401
301 347
301 310
301 971
302 365
302 724
302 565
302 663
302 539
304 705
304 347
305 524
305 507
307 606
308 482
309 988
311 785
311 372
311 535
311 475
312 393
313 782
313 756
313 629
313 637
314 809
314 462
314 495
314 916
314 887
316 591
316 375
320 894
323 330
327 884
328 388
331 432
331 786
331 583
332 561
334 418
334 454
334 791
334 599
334 664
334 633
335 883
337 788
338 808
338 825
339 370
339 503
341 798
342 485
342 989
343 843
343 419
343 436
343 502
349 689
349 724
349 780
350 753
350 497
350 362
351 804
351 529
351 491
351 940
351 354
351 369
353 481
353 833
354 545
354 535
355 847
356 896
356 617
356 819
356 629
357 663
358 450
358 615
360 593
361 796
361 973
363 981
364 392
364 444
365 899
365 949
366 385
368 612
368 558
368 795
368 606
369 444
372 711
373 376
373 505
373 413
374 848
376 383
377 963
378 941
380 823
381 505
381 750
381 673
382 901
384 812
384 462
386 615
387 553
387 461
387 879
387 944
387 509
389 712
389 645
389 959
391 469
392 728
392 992
392 863
395 408
396 947
397 675
399 443
399 915
399 613
400 622
402 442
402 876
402 451
403 761
403 437
403 934
404 888
404 511
405 571
405 900
409 736
409 429
410 600
410 654
412 641
412 419
412 841
413 984
413 591
415 459
416 424
417 457
417 675
419 721
419 574
420 451
423 632
425 710
425 939
425 439
425 445
426 760
428 763
428 639
430 490
432 567
432 726
432 723
435 626
435 659
437 440
437 870
438 474
443 980
445 536
445 549
446 458
446 747
446 751
446 820
446 937
447 696
449 480
452 578
454 625
455 709
455 489
455 846
455 955
455 828
456 651
457 513
462 497
462 982
462 975
464 890
467 493
468 538
468 758
470 620
470 525
470 859
470 618
471 607
472 741
477 774
477 510
477 989
478 776
478 612
480 766
481 491
482 634
482 793
482 529
485 600
485 772
485 803
486 673
487 590
490 948
494 626
494 638
497 627
498 644
499 610
499 779
499 802
500 649
502 578
504 948
507 621
507 773
509 670
510 911
510 996
510 597
511 958
512 702
513 807
514 716
514 961
516 899
519 602
519 767
519 946
520 861
524 844
525 685
527 722
527 860
529 631
534 580
541 795
543 649
543 797
546 824
547 587
549 721
549 618
550 942
554 834
557 770
557 927
558 667
560 596
563 829
564 760
564 740
566 837
567 841
568 648
568 686
576 931
577 748
577 706
578 877
579 587
580 840
580 582
581 862
582 656
583 801
586 592
587 892
587 796
589 849
589 614
590 808
590 714
593 737
593 611
593 718
598 730
601 713
610 636
610 707
611 835
611 878
611 909
614 621
614 670
617 636
620 871
620 696
620 889
620 861
621 923
623 880
626 630
628 735
630 699
634 863
634 749
636 867
636 930
636 655
636 922
645 793
648 928
654 790
656 665
660 769
662 672
664 666
667 746
671 968
672 688
672 931
673 779
676 792
679 753
679 973
685 967
689 984
692 990
696 792
699 777
699 701
700 755
709 904
709 926
721 830
723 772
723 771
723 937
724 878
726 932
729 994
729 955
734 965
740 900
741 819
743 953
743 994
747 991
749 787
754 961
760 794
760 983
761 910
765 827
766 831
768 774
771 867
773 891
774 853
780 879
780 855
791 876
793 960
801 855
802 811
803 858
810 852
810 972
810 874
812 901
816 854
841 909
848 975
851 852
857 869
859 891
867 905
867 970
871 979
873 936
884 907
885 905
895 919
911 996
912 941
912 917
931 995
959 976
