0 362
0 227
1 113
1 43
3 281
3 274
3 307
4 142
5 40
5 89
6 202
6 107
6 294
7 112
7 145
8 121
8 74
8 259
8 236
8 303
9 17
9 242
9 325
10 197
10 107
10 101
10 118
10 174
11 205
11 349
12 178
12 134
13 43
13 108
13 223
14 84
16 101
17 24
17 66
17 178
17 273
18 281
18 156
18 213
18 342
18 285
19 104
19 115
20 104
20 312
20 317
20 318
20 231
21 75
21 245
21 63
22 397
22 197
22 373
23 57
23 225
24 314
25 172
25 37
27 384
27 189
28 365
28 78
29 122
29 91
30 253
30 62
31 131
31 253
33 347
33 358
34 112
35 256
35 177
35 319
36 399
36 326
36 191
37 154
38 177
38 135
38 305
38 311
38 103
39 152
39 333
39 390
39 319
40 52
40 375
41 72
41 241
42 112
42 379
42 259
43 357
43 89
44 169
44 82
45 137
45 123
47 97
47 220
47 254
48 357
48 110
49 245
50 378
50 117
50 174
51 152
51 397
51 290
51 306
51 287
52 130
53 75
53 92
54 162
55 370
55 364
56 312
56 145
56 173
57 96
57 128
57 125
58 115
58 125
59 120
59 157
59 261
60 360
60 111
61 269
61 254
62 141
63 184
63 317
64 201
64 157
65 347
65 275
66 330
66 75
68 307
68 126
69 206
70 176
73 193
73 139
73 180
73 189
73 343
74 243
75 175
76 327
77 125
78 399
79 224
79 379
79 221
79 389
81 399
82 392
82 290
82 277
83 344
83 217
83 317
84 115
84 118
84 389
85 181
85 167
86 89
86 348
87 179
87 293
90 274
91 274
91 158
91 373
92 170
92 381
92 142
92 165
93 97
93 369
94 275
94 187
95 272
96 157
96 309
98 347
98 211
98 285
98 135
99 345
99 324
101 160
102 299
103 287
104 201
104 393
105 299
106 315
106 295
107 368
107 124
107 205
108 362
108 386
109 234
109 399
110 321
110 372
111 377
112 395
112 236
112 211
112 148
112 120
113 306
113 219
114 140
115 197
115 215
115 252
116 354
116 187
117 311
118 139
119 144
119 371
119 189
119 231
120 162
120 143
120 306
120 244
121 368
122 291
123 305
123 204
123 334
123 391
125 161
126 344
126 131
126 342
126 294
127 224
128 378
128 220
128 244
128 183
129 156
129 374
130 291
130 295
132 187
133 298
134 138
135 289
135 252
136 204
137 181
138 340
138 358
138 351
143 281
143 236
146 226
147 334
148 241
149 245
151 374
151 182
152 343
152 327
152 222
153 323
155 259
157 190
159 380
159 270
160 237
161 337
161 202
163 336
163 220
163 311
165 245
166 301
167 353
168 356
168 286
169 252
169 275
169 369
170 233
172 214
173 192
173 300
175 348
175 182
178 356
178 359
179 256
179 399
180 368
182 263
183 398
184 328
184 239
185 236
187 379
187 307
190 257
191 253
191 285
192 200
193 371
195 216
195 320
195 341
195 271
196 248
197 322
199 352
199 292
200 339
200 268
203 369
203 307
203 214
206 389
207 220
207 277
208 283
208 325
209 353
210 388
212 340
215 356
216 221
217 270
218 304
218 391
219 297
220 331
220 307
221 279
222 352
222 390
225 282
225 367
227 344
227 237
227 358
229 309
233 316
234 335
235 348
235 311
239 281
239 306
240 365
242 303
243 330
244 384
244 320
244 353
245 387
245 376
246 306
246 291
247 376
248 364
250 350
251 376
251 338
251 309
252 300
255 331
255 278
258 322
259 353
262 332
262 301
263 352
263 350
264 377
265 387
266 282
268 288
268 321
271 313
272 396
272 286
284 313
284 350
289 302
291 379
294 313
294 365
300 322
300 323
300 394
305 396
305 358
306 345
308 379
311 320
312 348
316 345
318 380
324 356
326 381
337 399
352 353
352 372
364 366
371 389
374 375
