0 737
0 99
0 1089
0 465
0 957
0 682
0 445
0 369
0 1144
0 349
0 865
1 1057
1 259
1 1095
1 19
1 407
1 667
1 125
2 292
2 1254
2 1094
2 1292
2 911
2 370
2 15
2 989
3 868
3 1030
3 1191
3 1292
3 594
3 628
3 1236
3 413
3 63
4 226
4 133
4 199
4 1193
4 330
4 871
4 399
4 1076
4 637
5 805
5 1222
5 618
5 494
5 541
5 634
5 444
5 218
6 1043
6 833
6 523
6 806
6 136
6 105
6 11
6 462
6 401
6 722
6 579
6 473
6 959
6 671
7 920
7 113
7 1263
7 110
7 1023
8 323
8 132
8 554
8 363
8 1004
8 879
8 247
8 632
8 377
8 378
8 1103
8 730
8 1053
8 831
9 193
9 906
9 652
9 784
9 1272
9 184
9 477
10 68
10 201
10 173
10 238
10 243
10 1284
10 1243
10 637
10 1119
11 908
11 1236
11 437
11 1015
11 410
11 671
12 384
12 1280
12 484
12 297
12 334
12 1075
12 782
12 888
12 324
12 189
13 99
13 520
13 684
13 590
13 16
13 27
13 252
13 637
13 1279
14 976
14 1250
14 996
14 965
14 464
14 949
14 1206
14 280
15 675
15 1060
15 167
15 1063
15 1292
15 866
15 270
15 1200
15 53
15 87
15 952
15 1241
15 251
15 445
16 610
16 808
16 74
16 907
16 845
16 659
16 1076
16 182
16 575
17 976
17 1122
17 580
17 1008
17 1158
17 845
17 399
17 80
17 145
17 627
17 374
17 943
17 957
18 1006
18 777
18 557
18 590
18 989
18 405
18 794
18 1019
18 445
19 1287
19 579
19 1284
19 1030
19 295
19 903
19 1217
19 395
19 1136
19 851
19 1031
20 1115
20 990
20 469
20 1132
20 917
20 346
20 351
20 1258
20 382
20 607
21 1286
21 715
21 880
21 1265
21 1142
21 601
21 473
21 218
22 162
22 67
22 452
22 619
22 78
22 527
22 1136
22 1278
22 868
22 987
22 285
22 446
23 1251
23 613
23 103
23 110
23 637
23 592
23 273
23 728
23 689
23 283
23 253
23 1278
24 32
24 1152
24 130
24 1243
24 1222
24 743
24 1129
24 43
24 386
24 720
24 1141
24 1241
24 217
24 27
25 800
25 197
25 295
25 812
25 790
25 286
26 1224
26 900
26 1173
26 630
26 375
27 98
27 359
27 776
27 526
27 81
27 602
28 642
28 1188
28 328
28 572
28 171
28 652
28 206
28 943
28 1233
28 916
28 1079
28 1204
28 219
28 540
28 477
28 287
29 872
29 1049
29 1197
29 797
29 151
30 834
30 579
30 1161
30 652
30 815
30 1233
30 1076
30 405
30 950
30 695
30 1083
31 196
31 297
31 527
31 1044
31 920
31 442
31 954
32 672
32 1122
32 922
32 398
32 144
32 1076
32 154
32 605
32 63
33 960
33 612
33 166
33 295
33 329
33 42
33 619
33 1038
33 1212
33 340
33 1176
33 1177
33 634
33 955
33 1084
33 730
34 129
34 901
34 552
34 267
34 1036
34 397
34 46
34 1071
34 466
34 373
34 1017
34 825
34 637
35 1251
35 1287
35 585
35 235
35 302
35 241
35 1077
35 253
36 640
36 201
36 659
36 566
36 823
36 312
36 601
36 923
36 93
37 1024
37 1288
37 300
37 525
37 917
37 282
37 221
37 245
38 352
38 705
38 489
38 1002
38 748
38 782
38 467
38 1161
38 505
38 157
38 670
39 865
39 773
39 1254
39 1039
39 466
39 340
39 759
39 698
39 62
40 482
40 453
40 422
40 137
40 1133
40 175
40 816
40 792
40 265
40 568
40 825
40 1112
41 705
41 1064
41 1136
41 523
41 464
41 984
41 562
41 440
41 1277
42 1088
42 258
42 739
42 229
42 1127
42 553
42 684
42 1076
42 1204
42 827
43 514
43 1159
43 783
43 1201
43 595
43 701
43 319
44 131
44 711
44 969
44 999
44 397
44 400
44 1015
44 150
44 983
44 1241
45 432
45 1186
45 743
45 872
45 455
45 173
45 400
45 1249
45 955
46 288
46 321
46 259
46 485
46 520
46 106
46 363
46 237
46 271
46 1139
46 437
46 952
46 89
46 122
46 1243
47 272
47 908
47 144
47 211
47 477
47 799
48 257
48 486
48 1025
48 264
48 524
48 787
48 596
48 917
48 1047
48 1048
48 415
49 929
49 99
49 865
49 488
49 681
49 1223
49 972
49 1197
49 1230
49 1045
49 1276
49 380
50 770
50 679
50 872
50 87
50 877
50 878
50 373
50 663
50 184
50 1079
50 1054
51 454
51 1064
51 909
51 142
51 1168
51 1201
51 787
51 760
51 1243
51 1118
52 640
52 672
52 898
52 227
52 133
52 1223
52 616
52 874
52 718
52 1039
52 881
52 403
52 212
52 855
52 1172
52 699
52 315
53 304
53 648
53 1247
53 133
54 946
54 587
54 1206
54 718
54 1293
55 1067
55 1092
55 807
55 74
55 747
55 558
55 79
55 89
55 923
56 1158
56 265
56 684
56 623
56 632
56 566
56 120
56 729
56 861
57 67
57 1223
57 73
57 973
57 395
57 653
57 815
57 624
57 977
57 734
57 1278
57 414
57 735
58 930
58 515
58 712
58 687
58 1266
58 246
58 495
58 734
58 1151
59 673
59 292
59 266
59 620
59 1299
59 184
59 249
59 734
59 863
60 259
60 119
60 210
60 982
60 855
60 956
60 863
61 642
61 163
61 1220
61 389
61 1291
61 846
61 849
61 373
61 159
61 668
61 613
62 386
62 453
62 71
62 429
62 942
62 845
62 1106
62 1141
62 601
62 509
62 831
63 321
63 1026
63 417
63 1127
63 1260
63 495
63 1266
63 788
63 410
63 719
63 318
64 289
64 164
64 520
64 1097
64 266
64 464
64 885
64 758
64 119
64 900
64 458
65 400
65 868
65 796
65 213
65 967
66 352
66 1091
66 324
66 263
66 796
66 1191
66 946
66 878
66 626
66 787
66 1272
66 636
66 767
67 1188
67 69
67 905
67 779
67 206
67 563
67 1141
67 377
68 160
68 385
68 839
68 1259
68 912
68 1239
68 314
68 122
69 484
69 614
69 935
69 520
69 1036
69 203
69 716
69 77
69 846
69 815
69 131
69 1013
69 1171
69 216
69 761
69 410
70 352
70 645
70 1191
70 844
70 442
70 796
70 94
70 1151
71 1057
71 483
71 102
71 689
71 874
71 1266
71 273
71 434
71 436
71 216
71 1178
71 1148
72 491
72 168
72 331
72 1260
72 1288
72 179
72 660
72 1015
72 637
73 513
73 642
73 1187
73 811
73 533
73 118
73 1146
73 571
73 1045
74 935
74 396
74 719
74 241
74 280
74 121
74 733
75 1248
75 642
75 227
75 714
75 304
75 1247
76 130
76 219
76 1198
76 692
76 821
76 314
76 155
76 1148
76 1114
77 993
77 1121
77 201
77 942
77 723
77 540
77 446
78 1088
78 580
78 166
78 1291
78 1166
78 624
78 435
78 438
78 759
78 229
79 704
79 1184
79 546
79 710
79 711
79 776
79 729
79 528
79 215
79 377
79 1239
79 607
80 149
80 245
80 1060
80 529
80 238
80 1214
80 468
80 373
80 730
80 828
80 638
80 287
81 483
81 228
81 774
81 615
81 1055
81 796
81 874
81 807
81 524
81 404
81 510
81 343
81 412
81 94
81 661
82 1152
82 104
82 584
82 559
82 401
82 245
82 1247
82 828
82 1077
83 162
83 803
83 1006
83 494
83 1239
83 1023
84 871
84 514
84 391
84 203
84 467
84 1110
84 985
84 760
84 121
84 954
84 668
84 1278
84 1011
85 1154
85 100
85 1035
85 1070
85 529
85 563
85 1179
85 734
86 631
86 99
86 919
86 699
86 327
87 800
87 1088
87 1283
87 100
87 458
87 756
87 600
87 676
87 890
87 539
87 413
88 544
88 1121
88 327
88 236
88 1202
88 115
88 980
88 246
88 986
89 976
89 473
89 264
89 585
89 331
89 434
89 557
89 400
89 242
89 311
89 1274
89 732
90 129
90 1003
90 582
90 327
90 1104
90 427
90 236
90 109
90 334
90 656
90 504
90 338
90 376
90 442
91 1056
91 1121
91 550
91 1223
91 1101
91 110
91 214
91 1241
91 187
91 1244
91 1213
92 424
92 905
92 211
92 405
92 971
93 864
93 161
93 100
93 590
93 303
93 177
93 1237
93 1174
93 439
93 156
94 950
94 817
94 1033
94 972
94 406
94 1129
94 568
94 570
95 1090
95 694
95 775
95 520
95 1036
95 172
95 1122
95 624
95 564
95 438
95 120
95 411
95 1183
96 195
96 420
96 583
96 664
96 1070
96 654
96 593
96 786
96 180
96 629
96 886
96 344
96 348
97 1154
97 932
97 997
97 1126
97 333
97 1262
97 559
97 292
98 1089
98 827
98 1289
98 171
98 172
98 1003
98 179
98 1013
98 601
99 387
99 797
99 261
99 263
99 1201
99 1178
99 207
99 144
99 269
99 1050
99 557
100 1253
100 357
100 435
100 1262
100 413
100 179
100 559
100 1082
100 383
100 767
100 1246
100 287
101 448
101 259
101 1061
101 489
101 1228
101 276
101 990
101 1247
102 1121
102 485
102 1033
102 1130
102 1168
102 433
102 1174
102 668
103 386
103 1091
103 836
103 969
103 1054
103 557
103 830
103 439
103 442
103 446
103 383
104 512
104 1184
104 707
104 1031
104 683
104 659
104 182
104 279
105 640
105 752
105 770
105 1253
105 586
105 400
105 595
105 1140
105 1177
105 442
105 800
106 892
106 331
106 1144
106 114
106 728
106 412
106 703
107 251
107 1219
107 1283
107 1034
107 620
107 1139
107 308
107 282
107 155
107 765
108 289
108 1035
108 165
108 561
108 331
108 204
108 333
108 944
108 273
108 883
108 536
108 665
108 606
109 1056
109 643
109 1126
109 200
109 489
109 528
109 1097
110 321
110 971
110 1094
110 618
110 151
110 1243
110 374
110 921
111 740
111 1030
111 553
111 426
111 588
111 1041
111 662
111 650
112 451
112 188
112 931
113 1060
113 526
113 1007
113 886
113 1144
113 1244
114 1089
114 1154
114 164
114 1285
114 870
114 1096
114 649
114 396
114 526
114 989
114 797
115 291
115 997
115 330
115 814
115 629
115 1018
115 764
115 1182
116 929
116 290
116 836
116 327
116 968
116 650
116 844
116 751
116 881
116 1021
116 1278
117 1165
117 1009
117 1010
117 1077
117 1111
117 346
118 520
118 1291
118 691
118 1044
118 696
118 1076
118 947
119 960
119 772
119 582
119 1089
119 1180
119 1290
119 530
119 1107
119 788
119 373
119 342
119 1188
119 1114
119 863
120 514
120 804
120 776
120 809
120 779
120 975
120 1032
120 785
120 982
120 407
120 284
121 1120
121 1164
121 716
121 495
121 1042
121 245
121 408
121 799
121 572
121 575
122 928
122 545
122 912
122 309
122 1174
122 1178
122 925
123 929
123 1195
123 228
123 965
123 199
123 203
123 444
124 912
124 1254
124 454
124 560
124 347
124 862
125 163
125 1057
125 1228
125 172
125 144
125 665
125 921
126 1156
126 739
126 1092
126 1157
126 202
126 1134
126 978
126 851
126 1028
127 832
127 1107
127 522
127 880
127 1002
127 467
127 980
127 405
127 1180
127 797
128 197
128 389
128 536
128 872
128 393
128 1090
128 504
128 149
128 216
128 1081
128 1083
128 701
128 319
129 1121
129 229
129 1289
129 238
129 1053
129 883
129 430
129 302
129 662
129 151
129 985
129 1268
129 346
129 154
130 1255
130 424
130 393
130 906
130 396
130 205
130 889
130 540
130 477
130 606
130 1247
131 897
131 385
131 322
131 515
131 583
131 168
131 1132
131 847
131 912
131 503
131 665
131 283
132 259
132 358
132 233
132 531
132 1275
132 315
132 607
133 1216
133 1008
133 1090
133 618
133 173
133 175
133 976
133 1041
133 888
134 832
134 1282
134 1187
134 454
134 1067
134 1037
134 1040
134 314
134 956
135 1223
135 714
135 1035
135 174
135 337
135 309
135 472
135 1245
136 776
136 1228
136 1103
136 563
136 182
136 537
136 1272
136 313
136 1179
137 357
137 267
137 945
137 980
137 1077
137 376
137 1172
137 156
138 928
138 193
138 293
138 1105
138 993
138 1196
138 527
138 273
138 818
138 532
138 822
138 473
138 668
138 1181
138 447
139 259
139 1284
139 1255
139 1096
139 1042
139 1107
139 1082
140 1054
140 275
140 229
140 934
140 319
141 611
141 357
141 1128
141 812
141 782
141 720
141 882
141 278
141 1016
141 697
141 351
142 868
142 502
142 753
142 950
142 1051
142 764
142 1149
142 1279
143 640
143 834
143 1092
143 934
143 583
143 975
143 535
143 447
143 892
143 957
143 735
144 960
144 1061
144 427
144 496
144 1035
144 755
144 995
145 801
145 258
145 356
145 1192
145 746
145 1037
145 527
146 641
146 357
146 810
146 1070
146 882
146 1118
146 1175
146 377
146 637
146 638
146 479
147 1186
147 1204
147 421
147 1291
147 1069
147 270
147 466
147 1011
147 308
147 694
147 820
147 154
147 381
147 1247
148 611
148 773
148 487
148 432
148 858
148 1276
149 304
149 961
149 1226
149 972
149 690
149 980
149 605
149 958
149 1215
150 1064
150 508
150 682
150 1067
150 879
150 751
150 924
151 1120
151 1134
151 1126
151 423
151 1099
151 524
151 397
151 653
151 1277
151 885
151 1103
151 1020
151 1053
151 1255
152 1154
152 643
152 237
152 1264
152 1107
152 1270
152 1144
153 706
153 707
153 999
153 1288
153 332
153 778
153 524
153 815
153 1115
153 214
153 855
153 632
153 475
153 873
154 775
154 1100
154 398
154 1039
154 560
154 1182
154 918
154 505
154 634
154 624
155 197
155 1192
155 1289
155 529
155 439
155 571
155 540
155 287
156 741
156 844
156 912
156 1041
156 1083
156 1212
157 1187
157 1000
157 535
157 492
157 628
157 567
157 895
158 197
158 231
158 361
158 877
158 1181
158 1245
158 1270
158 1082
158 253
159 548
159 549
159 1191
159 873
159 556
159 1292
159 184
159 516
159 988
159 997
160 544
160 802
160 1253
160 421
160 1031
160 969
160 876
160 722
160 380
160 773
161 1237
161 612
161 638
161 605
162 825
162 931
162 605
163 164
163 1157
163 1137
163 980
163 757
163 634
163 1167
163 1237
164 831
164 323
164 197
164 1075
164 713
164 588
164 1165
164 271
164 1081
164 463
164 645
165 1184
165 1155
165 583
165 265
165 241
165 213
165 1023
166 357
166 338
166 1235
166 910
166 1209
166 1243
167 896
167 1136
167 453
167 170
167 587
167 1040
167 625
167 947
167 277
167 943
167 188
167 895
168 773
168 778
168 715
168 1197
168 1264
168 178
168 213
168 1046
168 1111
168 696
168 1081
168 444
169 224
169 544
169 740
169 874
169 1101
169 987
169 702
169 479
170 736
170 1057
170 322
170 487
170 327
170 1256
170 1100
170 403
170 1026
170 239
170 752
170 947
170 179
170 340
170 444
170 413
171 995
171 1060
171 298
171 204
171 1199
171 474
172 772
172 870
172 393
172 829
172 177
173 561
173 713
173 750
173 911
173 497
173 467
173 191
174 1006
174 657
174 1170
174 470
174 254
175 1120
175 995
175 420
175 582
175 359
175 204
175 912
175 808
175 1150
175 406
175 350
175 575
176 1049
176 1247
176 309
176 799
177 1280
177 290
177 420
177 423
177 488
177 746
177 242
177 510
178 875
178 699
178 1006
178 1145
179 256
179 611
179 614
179 295
179 706
179 857
179 607
179 540
179 479
180 260
180 741
180 1020
180 365
180 1167
180 401
180 1266
180 435
180 697
180 858
180 508
180 413
180 383
181 809
181 866
181 1132
181 790
181 967
182 1187
182 1095
182 1132
182 215
182 570
182 1052
182 894
183 387
183 1062
183 520
183 783
183 688
183 1085
183 382
184 545
184 1042
184 1187
184 389
184 690
184 722
184 796
184 637
185 1253
185 583
185 519
185 587
185 270
185 376
185 253
186 327
186 525
186 687
186 242
186 437
186 857
186 981
187 1186
187 324
187 1134
187 686
187 882
187 211
187 660
187 469
187 823
187 376
187 985
187 885
188 1067
188 548
188 1286
188 743
188 813
188 1134
188 913
188 1270
188 344
188 314
188 766
189 289
189 611
189 1189
189 684
189 367
189 953
189 1173
189 537
189 217
190 838
190 202
190 1072
190 1174
190 856
190 796
190 746
191 1185
191 1061
191 519
191 298
191 1239
191 1107
191 916
191 437
191 727
192 422
192 398
192 1103
192 1166
192 1015
192 847
192 1182
192 479
193 355
193 1156
193 1062
193 232
193 813
193 311
193 217
193 1118
194 243
194 443
194 701
195 653
195 235
195 333
195 239
195 594
195 1207
195 1184
195 1179
195 381
196 836
196 502
196 615
196 328
196 1044
196 597
196 566
197 939
197 534
197 1158
197 969
197 907
197 620
197 590
197 399
197 1219
197 438
197 697
198 292
198 1253
198 906
198 491
198 376
198 537
198 795
198 1021
198 350
199 641
199 1275
199 907
199 782
199 915
199 1238
199 888
199 740
199 1242
200 706
200 807
200 233
200 331
200 492
200 334
200 989
200 784
200 852
200 245
200 599
200 1018
200 253
201 1058
201 676
201 549
201 1036
201 1168
201 1109
201 900
201 778
202 1248
202 677
202 939
202 1118
202 687
202 601
202 637
203 1177
204 257
204 1187
204 713
204 750
204 786
204 1001
204 697
204 351
205 772
205 903
205 745
205 269
205 845
205 880
205 722
205 311
205 635
205 639
206 320
206 257
206 1252
206 1249
206 776
206 745
206 592
206 1243
206 1027
206 1046
206 571
207 548
207 619
207 684
207 623
207 720
207 338
207 280
207 219
207 668
207 959
208 1281
208 678
208 903
208 461
208 879
208 1075
208 951
208 1103
208 508
209 643
209 772
209 263
209 232
209 697
209 1244
209 254
209 255
210 258
210 708
210 805
210 969
210 622
210 238
210 1111
210 378
210 1237
211 262
211 359
211 1098
211 983
211 493
211 1105
211 855
212 385
212 322
212 487
212 1096
212 720
212 501
212 1175
213 449
213 651
213 685
213 341
213 442
213 1181
213 869
214 1062
214 1160
214 239
214 346
215 354
215 1093
215 403
215 693
215 253
215 350
216 672
216 483
216 516
216 486
216 648
216 854
216 1270
216 822
217 613
217 806
217 296
217 393
217 970
217 589
217 942
217 786
217 1107
217 313
217 986
217 255
218 674
218 1065
218 664
218 408
218 1050
219 1280
219 685
219 386
219 284
219 908
219 1133
219 450
219 310
219 1129
219 1053
220 323
220 1005
220 1229
220 1168
220 851
220 852
220 437
220 1241
220 573
220 1183
221 610
221 521
221 399
221 464
221 309
221 792
221 1273
221 1246
221 1157
222 483
222 1093
222 946
222 530
222 787
222 536
222 858
222 255
223 484
223 1066
223 1044
223 406
223 247
223 987
224 385
224 391
224 1009
224 275
224 1114
224 571
224 380
224 509
224 1247
225 627
225 707
225 326
225 615
225 1032
225 423
225 307
225 500
225 1145
225 244
225 1241
225 1022
226 865
226 1137
226 906
226 1264
226 241
226 1139
226 311
227 261
227 647
227 714
227 718
227 437
227 1080
227 1204
227 604
228 635
228 1105
228 1051
228 1258
228 686
228 592
228 850
228 820
228 986
228 316
228 671
229 1188
229 357
229 1165
229 404
229 821
229 503
229 957
229 702
230 363
230 558
230 1075
230 238
230 471
230 536
230 1020
231 992
231 578
231 1158
231 1116
231 1111
231 403
231 1142
231 407
231 444
232 931
232 1031
232 457
232 874
232 259
233 529
233 942
233 680
233 340
233 1015
233 827
233 991
234 259
234 581
234 709
234 531
234 1207
234 508
234 1214
234 767
235 515
235 782
235 946
235 1207
235 504
235 602
235 1212
235 287
236 771
236 1017
236 377
236 1082
237 1185
237 418
237 845
237 1010
237 1206
237 922
237 1114
237 319
238 1009
238 521
238 919
238 685
238 893
238 849
238 407
238 490
238 958
239 355
239 1166
239 337
239 1269
239 1243
239 1215
240 736
240 1089
240 870
240 422
240 359
240 812
240 1296
240 375
240 1084
240 317
241 1248
241 358
241 745
241 1005
241 816
241 777
241 1176
242 708
242 487
242 594
242 819
242 278
242 446
242 1215
243 518
243 360
243 1225
243 1038
243 595
243 533
243 1176
243 860
243 926
244 450
244 1065
244 266
244 354
244 1168
244 852
244 629
245 481
245 714
245 1237
245 856
245 478
245 703
246 1286
246 936
246 297
246 714
246 1195
246 462
246 367
246 783
247 1089
247 1250
247 845
247 941
247 911
247 1144
247 444
248 868
248 709
248 841
248 687
248 1107
248 724
248 1242
248 443
249 290
249 420
249 268
249 642
249 530
249 758
250 1057
250 804
250 805
250 969
250 748
250 1015
250 1113
250 956
251 1219
251 1030
251 1172
251 1205
251 534
252 803
252 940
252 1168
252 369
252 436
252 1077
253 444
253 618
253 363
253 411
253 1079
254 288
254 609
254 327
254 296
254 944
254 436
254 721
254 1278
255 1223
255 585
255 434
255 573
256 1220
256 357
256 455
256 1035
256 940
256 783
256 692
256 887
256 729
256 571
256 805
257 933
257 620
257 843
257 686
257 280
257 477
258 488
258 393
258 717
258 718
258 655
258 855
258 1209
258 1051
259 755
259 1209
259 601
259 894
259 991
260 1290
260 753
260 500
260 599
260 703
261 389
261 684
261 626
261 1012
261 1080
261 891
261 1011
262 1028
262 1170
262 879
262 402
262 1113
262 730
262 958
263 742
263 1283
263 875
263 654
263 1042
263 307
263 1108
264 720
264 1067
264 772
264 294
264 460
264 311
264 300
264 313
264 606
265 995
265 678
265 426
265 335
265 1232
265 504
265 1209
265 1245
265 1221
266 667
266 550
266 1192
266 457
266 330
266 523
266 556
266 846
266 1085
266 1181
266 1295
266 841
266 409
266 445
267 829
267 744
267 554
267 747
267 590
267 431
267 816
267 753
267 1294
267 856
267 828
267 810
268 578
268 450
268 399
268 274
268 851
268 820
268 663
268 1176
268 986
268 751
268 738
269 1264
269 1295
269 495
269 271
269 658
269 1082
269 315
269 700
269 319
270 736
270 928
270 614
270 1025
270 872
270 1196
270 364
270 277
270 951
270 635
271 582
271 327
271 392
271 404
271 411
271 1278
272 1280
272 677
272 390
272 839
272 937
272 396
272 496
272 1233
272 1107
272 916
272 794
272 959
272 511
273 769
273 454
273 332
273 615
273 943
273 305
273 349
273 318
274 1057
274 1187
274 613
274 647
274 682
274 430
274 1263
274 1233
274 1251
274 694
274 887
274 539
274 733
274 1118
275 320
275 1028
275 1024
275 1169
275 533
275 1110
275 1216
275 319
276 930
276 484
276 935
276 1099
276 1133
276 334
276 982
276 511
276 1245
276 958
276 639
277 1188
277 1256
277 426
277 1101
277 335
277 624
278 612
278 1234
278 425
278 874
278 978
279 1089
279 323
279 1093
279 489
279 586
279 1131
279 1132
279 867
279 596
279 822
279 1210
279 1116
279 767
280 1060
280 1153
280 1129
280 467
280 1044
280 974
280 381
280 600
280 330
280 349
280 479
281 929
281 738
281 811
281 589
281 597
281 985
281 571
282 804
282 937
282 943
282 373
282 982
282 727
282 346
282 1271
283 1153
283 902
283 339
283 695
283 635
283 1181
284 418
284 484
284 968
284 1053
284 974
284 733
284 1168
284 721
284 1075
284 405
284 374
284 951
284 1124
284 605
285 673
285 715
285 1269
286 706
286 1028
286 1224
286 600
286 1083
287 752
287 678
287 842
287 748
287 1045
287 676
288 320
288 1154
288 1225
288 1073
288 1076
289 866
289 726
289 748
289 438
289 1257
289 965
289 415
289 1182
289 703
290 780
290 1006
290 784
290 403
290 373
290 851
290 1053
291 416
291 609
291 1292
291 822
291 407
291 1182
291 1247
292 708
292 1062
292 1071
292 554
292 556
292 335
292 759
293 385
293 1064
293 430
293 564
293 828
293 1279
294 806
294 563
294 918
294 344
294 505
294 379
294 1247
295 520
295 1143
295 461
295 303
295 496
295 1169
295 1236
295 566
295 377
295 1146
296 320
296 647
296 874
296 364
296 1166
296 848
296 1041
296 530
296 1148
296 638
297 355
297 1030
297 878
297 537
297 413
298 305
298 823
298 1143
298 1176
298 602
299 1236
299 611
299 772
299 1246
300 1281
300 1027
300 1165
300 1166
300 776
300 1138
300 371
300 860
300 639
301 801
301 1039
301 976
301 724
301 1204
301 319
302 1002
302 1296
302 339
302 564
302 312
302 1049
303 965
303 807
303 749
303 1169
304 1088
304 323
304 1061
304 456
304 1226
304 1080
304 723
304 888
305 1041
305 1276
305 979
305 1014
305 888
305 860
306 385
306 805
306 522
306 878
306 367
306 914
306 837
306 421
307 483
307 393
307 748
307 878
307 658
307 1251
307 729
307 1019
307 382
308 1059
308 389
308 743
308 1000
308 526
308 336
308 434
308 468
308 750
308 506
308 839
308 1150
308 901
309 938
309 684
309 397
309 814
309 978
309 1048
309 505
309 476
309 542
310 604
310 778
310 820
310 732
310 1130
310 926
311 1171
311 997
311 519
311 1205
311 1075
311 565
311 630
311 674
311 447
312 961
312 899
312 1062
312 585
312 1073
312 822
312 1055
313 705
313 1168
313 1032
313 1020
313 1150
313 319
314 899
314 1094
314 551
314 654
314 1059
314 981
314 1022
315 352
315 517
315 873
315 784
315 945
315 1209
315 1048
315 708
315 541
316 1184
316 906
316 771
316 1058
317 801
317 839
317 841
317 906
317 590
317 724
317 632
317 1210
318 1056
318 354
318 1059
318 1097
318 1021
318 463
318 848
318 1078
318 378
318 1215
318 701
319 963
319 1201
319 681
319 1197
319 1268
319 406
319 761
319 891
319 927
320 356
320 585
320 1055
320 432
320 718
320 1239
320 826
320 443
320 959
321 1001
321 331
321 526
321 335
321 1235
321 1081
321 925
322 1248
322 929
322 1028
322 325
322 647
322 1033
322 491
322 939
322 1013
322 698
323 458
323 720
323 394
323 349
324 680
324 849
324 915
324 729
324 382
325 705
325 771
325 326
325 1090
325 1041
325 403
325 1240
326 994
326 1156
326 583
326 905
326 1293
326 1233
326 1107
326 538
326 445
327 740
327 374
327 328
327 1033
327 845
327 366
327 758
327 862
327 613
328 875
328 711
328 682
328 1068
328 464
328 977
328 850
328 1130
328 1220
328 970
329 1225
329 427
329 432
329 1176
329 733
330 613
330 904
330 1128
330 342
330 740
330 901
330 383
331 1107
331 775
331 845
331 755
331 1055
332 518
332 908
332 589
332 1266
332 755
332 1181
333 486
333 582
333 1191
333 713
333 654
333 1072
333 1139
333 1123
333 919
333 351
334 1125
334 846
334 689
334 667
335 546
335 1261
335 468
335 639
336 420
336 502
336 1100
336 916
336 1206
336 1276
337 1026
337 868
337 361
337 939
337 952
337 1042
337 627
337 660
337 1176
337 905
337 792
337 1114
338 1161
338 522
338 907
338 527
338 693
338 475
338 924
339 1259
339 677
339 422
339 715
339 463
339 720
339 1013
340 547
340 900
340 965
340 594
340 695
340 475
340 426
341 1188
341 358
341 489
341 596
341 1080
342 673
342 1253
342 1128
342 1116
342 1132
342 815
342 1260
342 1081
342 476
342 446
343 387
343 533
343 886
343 1213
344 929
344 467
344 731
345 1219
345 708
345 561
345 394
345 1007
345 848
345 401
345 755
345 949
345 984
345 1210
346 677
346 417
346 1096
346 1260
346 716
346 596
346 573
346 1086
346 1125
347 1207
347 894
347 727
348 352
348 577
348 937
348 1066
348 487
348 1269
348 1049
348 700
348 797
349 608
349 911
349 472
349 1020
350 358
350 710
350 780
350 883
351 967
351 971
351 591
351 690
351 819
351 574
352 1083
352 452
352 681
352 362
352 732
352 633
352 746
352 607
353 992
353 1153
353 773
353 1167
353 593
353 758
353 698
353 1231
353 1116
354 576
354 392
354 1163
354 718
354 914
354 563
354 920
354 1140
354 763
355 960
355 685
355 1136
355 1265
355 669
355 990
356 512
356 611
356 581
356 1022
356 501
356 918
356 472
356 1093
356 1183
356 1052
356 926
356 991
357 1103
357 528
357 1041
357 1273
357 573
357 1093
357 901
358 480
358 609
358 1009
358 998
358 678
358 641
358 1128
358 1012
358 1239
358 1017
359 1216
359 1036
359 586
359 908
359 462
359 1230
359 502
359 1079
359 819
360 416
360 902
360 999
360 554
360 491
361 1132
361 657
361 502
361 537
362 937
362 442
362 1276
362 1146
362 926
363 481
363 676
363 908
363 462
363 669
363 1139
363 635
363 1279
364 385
364 1218
364 451
364 774
364 1167
365 1121
365 1092
365 1030
365 1276
365 1290
365 1198
365 1174
365 980
365 890
365 380
366 619
366 1103
366 628
366 1014
366 697
366 411
367 867
367 587
367 1265
367 820
367 1268
368 681
368 778
368 983
368 1069
368 848
368 1268
368 1047
368 1051
368 1290
369 1002
369 911
369 1044
369 1054
370 421
370 553
370 1026
370 1010
370 786
370 534
371 420
371 1182
371 636
371 943
372 1282
372 586
372 812
372 397
372 1013
372 758
373 487
373 491
373 1132
373 669
373 532
374 805
374 813
374 751
374 1040
374 787
374 669
374 1279
375 880
375 548
375 454
375 1160
375 1227
375 1294
375 635
375 509
376 742
376 1078
376 971
376 1261
376 526
376 1077
376 790
376 1209
376 1148
377 1028
377 943
377 646
377 713
377 1233
377 849
377 788
377 1016
377 879
378 673
378 962
378 707
378 900
378 645
378 501
378 726
378 1178
378 574
379 579
379 582
379 1161
379 689
379 985
379 1030
379 797
379 1190
380 1285
380 656
380 923
380 1116
381 588
381 393
381 403
381 915
381 978
381 1143
381 899
381 963
381 1087
382 581
382 1235
382 776
382 1016
382 468
382 708
382 476
382 927
383 1067
383 796
384 640
384 425
384 499
384 1103
385 742
385 1208
385 931
385 856
385 573
385 415
386 1232
386 440
386 1045
386 1049
387 391
387 1257
387 1009
387 596
388 1120
389 995
389 679
389 978
389 436
389 916
389 475
389 540
389 479
390 619
390 1220
390 678
390 553
390 587
390 979
390 502
390 542
391 672
391 613
391 1231
391 598
391 1263
392 1264
392 1127
392 1162
392 1292
392 880
392 625
392 1017
392 408
392 569
392 988
393 1075
393 1139
393 1256
393 713
393 814
393 408
393 1182
394 1000
394 1070
394 947
394 1014
394 697
394 1050
395 1029
395 841
395 1132
395 1075
395 660
396 1092
396 776
396 1259
396 1106
396 718
397 812
397 1086
397 430
397 1244
397 830
398 513
398 904
398 460
398 948
398 1179
398 542
399 1092
399 835
399 719
399 498
399 1113
399 953
399 847
399 1215
400 676
400 776
400 936
400 824
401 1218
401 1094
401 657
401 567
401 541
402 512
402 750
402 1064
402 462
402 528
402 757
402 1112
402 894
403 710
404 776
404 908
404 620
404 655
404 1100
405 644
405 678
405 422
405 779
405 479
406 450
406 587
406 686
406 1070
406 794
407 1219
407 516
407 929
407 458
407 779
407 435
407 803
407 801
408 837
408 585
408 939
408 1101
408 1266
409 1069
409 909
409 499
409 1109
409 889
409 458
410 1027
410 1248
410 907
410 1286
410 815
410 881
410 883
410 477
410 735
411 945
411 971
411 679
411 1289
411 747
411 844
411 973
411 561
411 597
411 567
411 666
411 927
412 704
412 1222
412 584
412 988
412 619
412 1266
412 983
412 540
412 1118
413 448
413 1187
413 811
413 1010
413 947
413 1195
413 1080
413 1081
413 827
413 765
414 698
414 1148
414 914
414 590
415 834
415 615
415 620
415 691
415 572
416 1219
416 1003
416 702
416 798
417 1090
417 1191
417 498
417 978
417 726
417 696
417 1243
418 1131
418 943
418 847
419 609
419 751
419 973
419 1109
419 431
420 802
420 1059
420 1029
420 1283
420 585
420 466
420 948
420 1077
420 634
420 1231
421 579
421 1033
421 1047
421 1132
421 1102
421 1019
421 1069
421 919
421 443
421 734
422 1248
422 483
422 1119
422 1260
422 782
422 1051
422 826
422 539
422 767
423 1250
423 900
423 1093
423 1223
423 490
423 1070
423 1014
423 906
423 767
424 1024
424 739
424 1084
424 588
424 559
424 979
424 1110
424 887
424 952
424 1209
424 911
425 929
425 870
425 749
425 881
425 758
425 637
425 639
426 545
426 798
426 1189
426 808
426 1229
426 1022
426 592
426 468
426 950
426 975
426 606
427 706
427 868
427 585
427 1028
427 1180
428 579
428 740
428 498
428 1072
428 1233
428 786
428 659
428 537
429 576
429 615
429 587
429 629
429 1272
429 1183
429 447
430 1091
430 551
430 681
430 1232
430 792
431 962
431 453
431 935
431 681
431 1282
431 433
431 1139
431 629
431 822
431 1048
431 1265
432 675
432 1165
432 1073
432 1257
432 633
432 980
433 584
433 1033
433 491
433 1073
433 563
433 984
434 611
434 458
434 935
434 652
434 846
434 885
434 1014
434 1194
434 1210
434 763
434 796
434 477
434 1278
435 640
435 1248
435 997
435 941
435 757
435 484
435 509
436 978
436 461
436 1200
436 466
436 1023
437 982
437 488
437 1133
437 1104
437 814
437 758
437 1259
437 639
438 1261
438 654
438 591
438 947
438 1011
439 778
439 812
439 1071
439 732
440 523
440 1227
440 492
440 636
441 1185
441 806
441 713
441 1226
441 1070
441 463
441 509
441 895
442 1057
442 968
442 1175
442 1162
443 961
443 579
443 617
443 1294
443 783
443 1298
443 1231
444 695
444 844
444 765
444 1105
444 1208
445 1063
445 1021
445 466
445 462
445 819
445 1082
445 938
445 799
446 1222
446 812
446 921
447 864
447 1187
447 612
447 492
447 1166
447 690
447 668
447 733
448 644
448 1130
448 781
448 590
448 1213
448 946
448 661
448 1241
448 1212
448 1221
449 1184
449 1280
449 743
449 1197
449 1074
449 987
450 737
450 642
450 827
450 886
450 652
450 1033
450 1142
450 1278
451 869
451 519
451 1127
451 1293
451 723
451 1238
451 569
451 473
452 775
452 1106
452 1043
452 1177
452 760
452 601
452 1274
452 1148
453 577
453 975
453 459
453 1232
453 496
453 488
453 783
453 478
453 1045
454 549
454 967
454 1256
454 906
454 1168
454 530
455 1152
455 947
455 852
455 889
455 729
456 800
456 939
456 621
456 533
456 1272
456 1212
456 574
457 771
457 1094
457 1191
457 1036
457 879
457 824
457 636
457 543
458 513
458 1136
458 498
458 880
458 1041
458 959
459 865
459 1000
459 1035
459 1105
459 1046
459 731
460 1287
460 529
460 538
460 507
461 651
461 1164
461 1167
461 660
462 716
462 722
462 1117
462 861
462 468
462 984
462 732
463 577
463 594
463 1174
463 804
463 888
464 714
464 554
464 501
464 853
465 545
465 582
465 1292
465 1002
465 1184
465 940
465 1102
465 1039
465 1104
465 926
465 636
465 574
466 1075
466 581
466 860
466 971
466 802
466 531
466 732
467 1144
467 1187
467 583
467 1164
467 780
467 623
467 1237
467 985
467 847
467 476
468 707
468 869
468 1001
468 1132
468 923
468 1244
469 1255
469 937
469 787
469 758
469 1076
470 857
470 619
471 1120
471 932
471 646
471 1256
471 585
471 522
471 1163
471 535
471 508
471 741
472 1280
472 995
472 902
472 711
472 559
472 542
472 863
473 583
473 1160
473 1104
473 1009
473 906
473 511
474 715
474 748
474 1005
474 1076
474 952
474 1291
475 525
476 1196
476 815
477 672
477 1208
477 510
478 736
478 1034
478 844
478 1236
478 665
478 933
478 767
479 1194
479 782
479 1053
479 1297
479 791
479 969
479 1180
479 509
480 724
480 1107
480 644
480 735
481 740
481 551
481 1034
481 857
481 698
481 858
481 862
482 777
482 882
482 1227
482 1156
483 706
483 776
483 871
483 661
483 670
483 1087
484 515
484 749
484 817
484 1053
485 1049
485 1074
486 641
486 546
486 1051
486 808
486 809
486 719
486 507
486 1247
487 740
487 677
487 978
487 815
487 959
488 906
488 786
488 565
488 599
489 674
489 969
489 1165
489 944
489 756
489 1231
489 604
490 1282
490 643
490 772
490 717
490 1087
491 865
491 1009
491 882
491 1017
491 945
491 929
492 673
492 1161
492 1131
492 691
493 1161
493 1098
493 781
493 625
493 916
493 1053
494 520
494 626
494 852
494 698
494 701
495 1149
495 901
495 998
495 616
495 1062
495 811
495 1132
495 829
495 1190
495 693
495 951
495 507
495 508
495 634
496 801
497 934
497 879
498 748
498 989
498 863
499 704
499 581
499 811
499 500
499 761
500 1294
500 881
501 930
501 1219
501 681
501 881
501 1234
501 988
501 798
502 1216
502 754
502 691
502 564
502 1144
502 1147
502 957
502 1215
503 685
503 525
503 690
503 595
503 813
504 873
504 985
505 608
505 609
505 586
505 619
505 815
505 529
505 1277
505 1183
506 835
506 775
506 656
506 1265
506 759
506 1246
507 772
507 590
507 532
507 1060
507 730
508 744
509 1029
509 843
509 973
509 1261
509 917
509 983
510 1074
510 1047
511 801
511 1059
511 1034
511 821
511 1212
511 1117
512 1216
512 1280
512 1245
513 877
513 625
513 670
514 1280
514 517
514 945
514 1198
514 888
514 1175
514 959
514 1181
514 862
514 805
515 1127
515 648
515 874
515 815
515 867
515 1148
515 1242
516 1281
516 642
516 931
516 1256
516 876
516 881
517 969
517 748
517 1070
517 1237
517 1210
518 1058
518 739
518 644
518 870
518 1257
518 1231
518 1295
518 1243
518 888
518 772
518 883
518 830
519 549
519 966
519 1138
519 701
520 1098
520 709
520 1109
520 526
520 1055
520 669
520 638
521 800
521 803
521 712
521 728
522 828
523 1026
523 1284
523 1221
523 653
524 875
524 617
524 587
524 1123
524 1012
524 826
524 668
524 957
525 1024
525 1089
525 777
525 620
525 1264
525 925
525 752
525 822
525 890
525 702
526 866
526 1019
526 1057
526 673
526 871
526 967
527 1195
527 1064
527 811
527 1037
527 846
527 591
527 1055
528 992
528 1286
528 648
528 586
528 1064
528 858
528 1084
529 773
529 1234
529 857
529 597
530 898
530 1188
530 549
530 1278
530 886
530 1016
531 994
531 984
531 891
532 1055
532 584
532 1037
532 593
532 786
532 648
532 537
532 570
532 533
533 736
533 992
533 1250
533 1131
533 555
533 1048
533 1019
533 927
534 549
534 934
534 1001
534 623
534 1201
534 883
534 693
534 759
534 541
535 1025
535 1198
535 1149
536 1286
536 1285
536 727
536 794
537 897
537 706
537 1181
538 1283
538 1095
538 620
538 845
538 593
538 1013
538 790
539 1257
539 557
539 686
539 1137
539 630
539 728
539 794
539 959
540 1217
540 899
540 708
540 1266
540 1276
540 1079
540 770
540 933
541 1250
541 663
541 1229
541 1102
541 976
541 855
541 1013
541 823
541 1181
542 1027
542 711
542 873
542 669
543 577
543 770
543 747
543 600
543 922
543 894
544 963
544 743
544 654
544 592
544 1059
544 820
544 725
544 1052
545 707
545 967
545 745
546 1167
546 1199
546 1136
546 690
546 1272
546 828
547 712
547 592
547 1265
547 857
547 1182
548 609
548 899
548 708
548 673
548 649
548 1041
548 767
549 775
549 1049
549 666
550 1043
550 1001
551 998
551 1063
551 1228
551 812
551 561
551 1272
551 761
551 1210
551 639
552 772
552 553
552 812
552 882
552 692
552 1236
552 777
552 1092
553 1058
553 1004
553 945
553 979
553 596
553 1078
553 1116
553 1034
554 944
554 778
554 651
554 684
554 1226
554 1034
555 871
555 681
555 723
555 825
556 1139
556 654
556 595
556 627
556 1049
558 704
558 961
558 611
558 711
558 1076
558 632
558 1268
558 1246
559 1125
559 883
559 1175
559 915
560 1296
560 572
561 1088
561 1199
561 626
561 1043
562 931
562 650
562 596
562 1238
562 857
563 1252
563 1093
563 714
563 1058
564 1083
564 811
564 1164
564 1172
564 633
564 703
565 1145
565 978
565 1051
566 1025
566 1189
566 617
566 1168
566 967
566 1201
566 848
566 632
566 1225
566 1178
567 642
567 930
567 943
568 833
568 1092
568 1029
568 1197
568 1086
568 954
568 863
569 1026
569 1134
569 789
569 891
569 1022
570 676
570 1128
570 721
570 723
570 1015
570 984
570 1245
570 607
571 930
571 1230
571 1297
571 846
571 1240
571 574
572 933
572 1259
572 728
572 1183
573 1220
573 806
573 1227
573 693
573 1177
573 699
574 1122
574 1271
574 696
574 1276
575 1282
575 1139
575 1203
575 754
575 819
575 826
576 978
576 1152
576 787
577 644
577 1162
577 844
577 1290
578 628
578 1030
579 930
580 897
580 1030
580 902
580 705
580 1233
580 844
580 1112
580 1023
581 1154
581 1131
581 908
581 749
581 984
581 856
581 1148
581 1183
582 1090
582 1060
582 997
582 1271
582 972
582 1076
582 828
582 893
583 1159
583 842
583 1205
583 1098
584 1243
585 838
585 1000
585 906
585 1197
585 787
585 1210
585 636
586 1217
586 964
587 886
587 1087
588 928
588 1261
588 669
588 1200
588 1288
588 628
588 1016
589 1069
589 1261
589 657
589 658
589 922
590 1286
590 660
590 916
591 1248
591 1192
591 973
591 795
591 1087
592 1190
592 1081
592 917
592 868
592 1182
592 1209
593 1167
593 1296
593 1276
594 886
594 687
594 854
594 1272
595 1122
595 963
596 680
596 1298
596 602
596 959
597 771
597 1190
597 905
597 746
597 687
597 1219
597 662
598 1195
598 1005
598 1009
598 985
598 858
598 923
598 1276
599 769
599 977
599 681
599 944
599 1299
599 969
599 957
599 927
600 1010
600 985
600 703
601 1141
602 640
602 995
602 716
602 1277
602 721
602 918
602 605
603 905
603 1010
603 1229
603 805
603 1199
604 1126
604 1094
604 975
604 631
605 964
605 1129
605 843
605 655
605 1232
605 1080
605 891
606 1167
606 890
607 739
607 869
607 905
607 1133
607 1078
607 1124
607 1221
608 673
608 1186
608 646
608 973
608 1180
609 627
609 1257
609 1111
609 940
609 1200
609 1138
609 1086
609 804
610 1228
610 1011
610 1013
610 1019
611 1091
611 875
611 1132
611 1018
611 634
612 1225
612 957
613 961
613 770
613 963
613 869
613 838
613 782
613 1272
613 1126
613 952
613 1274
614 1024
614 715
614 696
615 1248
615 875
615 884
615 857
615 1060
616 842
616 734
617 1196
617 1071
617 847
617 1011
617 1018
618 963
618 1202
618 696
618 1093
618 863
619 1120
619 714
619 1067
619 940
619 1296
619 946
619 628
619 1150
620 1163
620 932
620 865
620 1139
620 983
620 1061
620 926
621 1196
621 947
621 820
622 1084
622 731
622 892
622 1126
623 1251
623 1071
623 1291
623 1289
623 667
623 860
624 650
624 655
624 1104
624 792
624 1199
625 1261
625 1238
626 896
626 1063
626 1192
626 682
626 1103
626 1299
627 642
627 803
627 805
627 1032
627 809
627 884
627 1141
628 1258
628 1262
628 853
628 854
628 700
629 1250
629 1195
629 1137
629 1146
630 932
630 946
630 1018
631 891
631 943
632 1149
632 1045
632 855
633 848
633 964
633 781
634 846
634 656
634 1110
634 1049
634 996
634 1115
634 925
635 848
635 856
636 832
636 1251
636 708
636 966
636 1096
636 786
637 1252
637 852
637 1092
638 643
638 645
638 833
638 811
638 754
638 1007
638 1082
638 894
639 716
639 1125
639 1163
639 850
639 1267
640 1282
640 805
640 678
640 725
640 696
641 738
641 710
641 1058
641 1261
642 643
642 925
642 944
643 1126
643 1265
643 658
643 787
643 1044
643 1242
643 1148
644 871
644 1234
645 1025
645 1192
645 877
645 1071
645 785
646 1218
646 654
646 921
646 1080
646 1055
647 867
647 1252
647 686
647 1013
647 1112
647 957
647 995
648 1168
648 932
648 726
648 1214
649 937
650 801
650 874
650 748
650 1203
650 726
650 1112
650 1275
651 1096
651 1291
651 944
651 722
651 952
651 860
652 1041
652 1212
652 920
652 922
653 837
653 846
653 1179
654 1218
654 893
654 972
654 783
654 817
654 1289
654 829
654 1086
655 1149
655 1265
655 1202
655 987
656 1028
656 1073
656 756
656 821
656 726
656 1047
656 700
656 1246
657 834
657 772
657 805
657 1095
657 1176
657 1084
657 1214
658 675
658 1050
658 1275
659 896
659 912
659 1004
659 1227
660 1121
660 1223
660 872
661 673
661 1250
661 869
661 1290
661 1171
661 892
661 1117
662 1280
662 1229
662 974
662 756
662 1206
662 695
662 1172
662 1242
663 929
664 928
664 1092
664 1137
664 1266
664 1124
665 743
665 750
665 1277
665 720
665 1076
665 927
666 1283
666 752
666 913
666 1299
667 837
667 1257
667 1203
667 955
667 895
668 738
668 807
668 826
669 1174
669 1287
669 1103
669 1000
669 1271
669 952
669 923
670 1026
670 901
670 874
670 684
670 1173
670 730
670 1055
671 1195
671 999
671 1293
671 1241
672 742
672 1033
672 1263
672 1289
673 1255
673 748
674 1226
674 1103
674 764
675 837
675 1257
675 1013
675 1145
676 854
676 936
676 822
676 1247
677 1039
677 756
677 793
677 891
678 1288
678 1195
678 686
678 694
678 1117
679 767
679 751
680 1026
680 742
681 976
681 1089
681 748
681 1294
681 1278
681 1145
681 1086
682 838
682 1163
682 690
682 729
682 1082
683 1056
683 1292
683 1264
683 1209
684 806
684 1063
684 1069
684 913
684 1261
684 1125
685 928
685 1115
685 728
686 1142
686 806
686 1153
686 972
686 909
686 1037
686 690
686 851
686 1053
687 737
687 1059
687 929
687 807
687 999
687 1039
687 1075
688 1299
688 906
688 1105
688 1106
688 1267
688 796
689 1101
689 915
689 695
689 1095
689 924
689 1242
689 991
690 1235
690 1195
690 1126
690 1127
690 1000
690 1047
690 1208
690 1234
690 1171
690 726
690 702
691 897
691 1098
691 1249
691 778
691 780
691 948
691 957
692 743
692 779
692 943
692 1183
693 745
693 1050
694 906
694 1114
695 1026
695 935
695 1035
695 1167
695 1095
696 1248
696 724
697 769
697 760
697 698
697 1083
698 1167
698 821
698 1148
698 1119
699 741
699 1259
699 1106
699 878
700 962
700 1236
700 826
701 1184
701 772
701 1106
701 757
701 1048
702 1156
702 1227
702 1075
703 1197
703 1234
704 804
704 1290
704 1293
704 1181
704 1109
704 861
705 1032
705 814
705 1169
705 1225
705 1275
706 1063
706 1035
706 855
706 1208
706 931
707 825
707 794
707 833
708 776
708 1298
708 1166
709 768
709 896
709 854
709 892
709 990
710 1280
710 1159
710 713
710 1071
710 1264
711 1202
712 1290
712 1230
712 1081
713 1024
713 825
713 714
713 1299
713 781
713 957
713 930
714 1043
714 1149
714 925
714 1291
714 861
715 1217
715 932
715 1162
715 764
715 979
716 995
716 1192
716 1071
716 1051
717 775
717 844
717 787
717 1236
717 1023
718 1025
718 1092
718 871
718 780
718 1199
718 1015
719 1124
719 837
719 935
719 1198
719 1116
719 831
720 1095
721 1219
721 741
721 1260
721 782
721 1299
721 1023
722 800
722 1122
722 928
722 740
722 1281
722 1164
722 973
722 1251
722 868
722 890
722 1023
722 860
722 864
723 1249
723 1189
723 899
723 1109
723 830
724 1037
724 787
724 820
724 767
725 1075
725 905
725 906
725 1248
725 911
725 979
726 823
726 924
726 746
726 1247
727 999
727 1226
727 1166
727 1176
727 1241
727 889
728 891
728 828
728 1084
728 1204
729 835
729 1062
729 1168
729 1234
729 810
730 1265
730 1066
730 910
730 1256
730 1294
731 842
731 1247
732 1282
732 813
732 1165
732 1214
733 837
733 1222
733 1293
734 904
734 1288
734 757
735 1088
735 1218
735 1159
735 1165
735 913
735 955
736 1058
736 958
736 1064
736 758
737 1090
737 1013
738 867
738 740
738 1217
738 969
738 859
739 964
739 774
739 923
740 853
741 1153
741 1159
741 1128
741 1191
742 1187
742 938
742 1166
742 1245
742 1073
742 979
742 1081
742 1021
743 866
743 1240
744 787
744 810
744 1014
745 769
745 1296
745 1074
745 919
746 896
746 871
746 1101
747 964
747 773
747 967
748 1170
748 1270
748 791
749 835
749 1196
749 822
749 987
750 1154
750 970
750 971
750 844
750 1207
750 1085
751 1097
751 907
751 1077
751 980
752 1187
752 873
752 920
752 861
753 1088
753 1202
753 1268
753 1270
753 797
753 1055
754 899
754 1258
754 763
755 1220
755 1266
756 1072
756 962
756 1111
756 891
756 1277
757 1098
757 1231
758 1067
758 1151
759 1062
759 882
759 988
760 1096
760 1289
760 1004
760 986
760 1242
761 1282
761 1030
761 1260
761 781
761 974
761 1104
762 896
762 1101
762 1134
763 803
763 1298
763 1036
763 787
763 1145
763 1114
764 779
764 786
765 966
765 1053
765 945
766 1251
766 1286
766 906
766 844
766 794
767 985
767 1272
767 906
768 1223
768 1000
768 1228
768 1106
768 1182
768 933
769 1088
769 1266
769 1268
770 1121
770 1132
770 1075
771 1194
771 1230
771 1114
771 1147
771 797
772 996
772 789
772 799
773 875
773 830
773 865
774 801
774 838
774 1299
774 1037
774 915
774 1012
774 1149
774 862
775 842
775 951
775 921
775 1143
775 1246
776 975
776 903
776 899
776 1022
776 1155
776 964
776 1085
777 992
777 1037
777 1171
777 854
777 1144
777 1151
777 959
778 1017
778 1194
778 1095
778 1173
778 893
779 908
779 1045
780 1253
780 930
780 1039
781 1025
781 1094
782 1133
782 1164
782 1174
783 810
784 898
784 1011
785 1290
785 1068
785 851
785 1047
786 875
786 1261
786 1084
786 985
787 1249
787 1106
787 873
787 1173
788 1052
789 864
789 1224
789 814
789 916
790 845
790 1138
790 1011
791 1154
791 1201
791 1193
791 817
791 1018
791 1279
792 1186
792 1102
792 1070
793 999
794 1122
794 1188
794 1123
795 1285
795 869
795 1067
795 984
795 892
795 1190
796 1289
796 1039
797 930
797 1019
798 1081
798 858
799 802
799 1221
799 872
799 1033
799 813
799 857
799 824
800 941
800 1199
800 1169
800 918
800 1143
801 1006
802 961
802 867
802 1057
802 1231
802 1139
803 864
803 1226
803 1069
803 1134
803 922
804 1282
804 1228
804 1296
804 1040
804 1140
804 911
805 899
805 961
805 921
805 850
806 1254
806 836
806 1163
806 1189
807 869
807 1204
807 958
808 1106
808 1118
809 1220
809 916
809 853
810 963
810 1102
810 829
810 959
811 1283
811 1262
811 1074
812 1283
812 1267
812 1257
812 1145
812 919
812 1171
812 1077
812 886
813 1251
813 1078
813 1025
813 872
813 1144
814 851
814 1286
814 1226
814 978
814 826
815 1167
815 1086
815 893
816 917
816 841
817 1088
817 902
817 1166
817 1259
817 847
817 1008
817 1070
817 1144
817 1274
818 1085
818 845
818 1029
819 1051
819 989
820 1075
820 946
820 885
820 1149
821 1119
821 1165
821 1023
822 839
822 1160
822 1079
822 1131
823 1152
823 1025
823 839
823 977
823 979
823 932
823 1050
823 1119
824 1210
824 1113
825 960
825 1252
825 1075
825 854
825 858
827 964
827 1259
827 1037
827 1038
827 911
827 1293
827 1262
828 941
829 1077
829 1115
830 903
830 1172
830 857
830 894
831 964
831 1247
831 1060
832 1274
832 1219
833 1056
833 1290
833 980
834 1139
834 1144
834 1247
835 902
836 1075
836 1218
836 1027
836 1003
836 883
836 1191
837 912
837 990
837 862
838 972
838 1202
838 1278
838 921
838 923
839 1191
839 904
839 1170
840 1193
840 948
840 1262
840 1265
841 972
841 949
842 1024
842 997
842 943
842 1171
843 1017
843 1094
844 1173
845 1106
845 908
845 959
846 1284
846 1291
846 1201
846 989
846 852
846 981
846 1194
846 1221
847 1197
848 867
848 1161
848 1199
848 1243
848 1276
849 1058
850 1185
850 1247
851 1040
851 1220
851 1031
851 1186
851 912
851 1174
852 1190
852 1063
853 961
853 1286
853 1258
853 1259
853 1260
853 1299
854 931
854 1259
854 913
854 1203
854 1225
855 1171
855 934
855 971
855 1017
855 1247
855 1214
855 1087
856 1201
857 1217
857 1159
857 1163
857 1209
857 1191
858 1061
858 1039
858 1149
859 1062
860 1074
860 1126
860 1251
860 884
860 1240
861 1159
861 1112
861 974
862 1006
862 942
862 1148
862 1180
862 883
862 981
862 1144
862 1179
863 871
863 979
864 1253
864 1192
864 1034
864 1162
864 1019
865 888
866 929
866 1031
867 1232
867 1097
867 1164
867 1251
867 989
868 1225
868 944
868 1195
869 1257
869 1146
870 1255
870 1287
870 1176
871 965
871 1299
871 1008
871 963
871 885
872 1281
872 898
872 1283
872 1202
873 1163
873 1048
873 1205
874 928
874 886
874 1297
874 1039
874 949
874 1055
874 1077
875 1026
875 1220
875 1172
875 1082
875 1083
875 882
875 914
876 1074
876 990
876 1103
877 995
877 1062
877 894
878 1287
878 1000
878 945
878 1237
879 1175
879 910
879 917
879 985
879 1052
880 1191
880 1202
880 1012
881 1121
881 997
881 938
881 1232
881 1017
882 942
883 1175
884 1166
884 1182
884 1119
885 1036
885 975
885 888
885 1215
886 1227
886 1060
886 1138
886 913
886 1102
886 1178
886 987
887 947
887 1125
888 995
888 1284
888 1200
888 947
888 1140
888 924
888 1281
889 1004
889 916
889 926
889 895
890 1152
890 1025
890 1143
891 1283
891 983
892 1198
893 1008
894 1093
894 1000
894 975
895 1089
895 1058
895 1052
896 905
896 1039
896 1012
897 998
897 1000
897 1231
897 1237
897 1182
898 995
898 1290
898 946
898 1283
899 1031
899 937
899 1035
900 1250
900 1181
900 1296
900 1277
900 1045
901 1288
901 918
901 983
901 1241
903 1280
903 1287
903 1228
903 1115
904 1152
905 1287
906 1041
907 1230
907 1233
907 952
908 1263
908 1179
909 1006
909 1232
909 1178
910 1253
910 934
910 1109
911 1194
911 1263
911 1119
912 1032
912 1003
912 1052
912 1118
913 914
914 1203
917 963
917 1104
917 1177
918 1134
918 1011
918 1048
918 1054
919 1225
919 1017
920 978
921 931
921 1117
921 1267
922 1152
922 1012
922 1111
924 999
924 1293
924 1081
925 1255
925 1178
925 1142
926 1186
926 1211
926 1000
926 949
926 1147
927 1185
927 1259
927 1143
927 1215
927 976
928 1220
928 1189
928 1116
928 1151
929 1030
929 1063
929 1218
929 1081
929 1047
930 1254
930 1290
930 941
931 1184
931 974
932 1256
932 959
933 1125
933 988
933 1009
933 1202
933 1108
934 1186
934 1072
935 1191
935 944
935 1235
936 1214
936 1135
937 1121
937 963
937 1115
938 1254
938 1050
939 1293
939 1266
939 1290
940 1159
940 1043
940 1214
941 968
941 1067
941 1000
941 1269
942 1040
942 1109
943 1252
944 1128
944 1068
944 1265
944 1237
945 1249
945 1092
945 1285
945 1238
945 1055
948 1074
948 1239
949 1135
949 1009
949 1074
949 1274
950 1008
950 980
950 1147
951 1136
951 1268
952 1137
952 1232
953 1134
955 1130
956 1074
956 1135
957 1127
957 1260
957 1092
957 1018
957 975
957 1244
958 1076
959 1047
961 1083
961 990
962 1107
962 1268
963 1152
963 1002
963 1052
964 1068
964 1169
965 1065
966 1067
967 987
968 1098
968 1275
968 1181
969 1285
969 998
969 1288
969 1090
971 1231
971 979
972 1194
972 1268
972 1014
973 1062
973 1068
973 1147
973 1268
974 1216
974 1125
976 1233
976 1035
977 1192
977 1234
978 1078
978 1212
979 1261
980 1085
980 989
980 1109
981 999
981 1175
982 1155
982 1195
982 1292
982 1044
982 1054
983 1233
983 1041
983 1297
983 990
984 1167
984 1151
985 1015
985 1149
986 1041
986 1198
986 1168
987 1024
987 1055
987 1084
988 1024
988 1205
988 1052
989 1212
989 1099
990 1281
991 1217
991 1126
991 1096
991 1237
991 1238
992 1195
992 1068
992 1176
993 1246
994 1019
996 1107
997 1281
997 1273
997 1183
997 1258
999 1175
999 1128
1000 1124
1000 1205
1001 1128
1002 1105
1002 1153
1002 1162
1002 1102
1003 1206
1003 1213
1004 1272
1004 1106
1005 1248
1005 1190
1005 1201
1005 1160
1006 1061
1006 1234
1006 1291
1006 1238
1006 1111
1007 1254
1007 1171
1007 1118
1008 1264
1008 1016
1008 1051
1009 1124
1009 1102
1010 1066
1010 1099
1011 1232
1011 1292
1012 1027
1012 1260
1012 1041
1012 1138
1013 1153
1013 1197
1013 1139
1013 1045
1014 1099
1014 1035
1014 1115
1015 1262
1015 1077
1017 1082
1017 1149
1018 1056
1018 1121
1018 1231
1018 1112
1019 1152
1019 1291
1019 1114
1020 1282
1020 1233
1020 1097
1020 1105
1020 1044
1020 1147
1021 1155
1021 1118
1021 1083
1022 1229
1022 1277
1023 1151
1024 1206
1025 1270
1025 1065
1026 1257
1026 1269
1027 1207
1027 1113
1028 1044
1029 1249
1030 1093
1031 1060
1031 1200
1033 1290
1033 1195
1033 1114
1033 1275
1035 1073
1035 1175
1036 1038
1036 1278
1037 1292
1037 1197
1038 1112
1040 1265
1040 1241
1041 1266
1042 1270
1042 1147
1043 1166
1044 1203
1046 1242
1047 1066
1047 1068
1047 1141
1047 1226
1048 1202
1048 1278
1049 1154
1049 1139
1050 1136
1050 1137
1050 1299
1050 1115
1051 1163
1051 1221
1052 1096
1052 1060
1053 1202
1054 1271
1054 1274
1054 1189
1055 1061
1056 1251
1056 1190
1056 1197
1056 1170
1056 1277
1056 1242
1057 1136
1058 1290
1059 1186
1059 1282
1059 1168
1059 1203
1060 1164
1060 1199
1060 1230
1060 1298
1060 1213
1062 1162
1062 1149
1063 1235
1063 1209
1064 1138
1064 1265
1065 1098
1065 1164
1065 1233
1066 1250
1066 1195
1066 1113
1067 1222
1067 1296
1068 1138
1070 1230
1072 1160
1072 1165
1072 1080
1072 1231
1073 1184
1074 1170
1074 1260
1075 1081
1075 1127
1075 1210
1076 1265
1076 1152
1076 1205
1077 1155
1077 1258
1077 1295
1078 1108
1079 1299
1079 1150
1079 1279
1081 1123
1081 1200
1081 1117
1081 1192
1082 1176
1083 1086
1085 1296
1085 1269
1085 1204
1086 1090
1087 1218
1087 1220
1087 1247
1089 1123
1089 1165
1090 1282
1090 1242
1091 1218
1093 1196
1095 1191
1095 1299
1096 1293
1098 1272
1099 1230
1107 1110
1109 1241
1110 1155
1110 1262
1110 1174
1110 1144
1111 1144
1112 1283
1112 1258
1113 1124
1114 1177
1115 1230
1116 1223
1118 1149
1119 1167
1119 1276
1119 1146
1121 1259
1122 1226
1122 1272
1123 1286
1124 1206
1125 1207
1125 1172
1125 1147
1126 1170
1127 1191
1127 1237
1129 1184
1129 1254
1129 1192
1129 1226
1129 1229
1129 1198
1129 1262
1129 1206
1130 1185
1130 1197
1132 1191
1132 1264
1132 1273
1134 1185
1136 1228
1136 1231
1137 1286
1139 1205
1140 1172
1140 1275
1141 1189
1141 1146
1142 1271
1143 1284
1143 1158
1143 1232
1144 1189
1146 1228
1147 1189
1148 1238
1149 1214
1150 1286
1150 1234
1151 1274
1152 1280
1152 1236
1152 1274
1156 1244
1157 1218
1159 1235
1162 1268
1163 1227
1163 1257
1163 1208
1163 1242
1164 1284
1165 1269
1165 1200
1166 1265
1167 1254
1169 1221
1170 1298
1172 1210
1174 1189
1175 1248
1175 1289
1175 1228
1179 1292
1180 1280
1181 1185
1181 1200
1182 1248
1183 1243
1184 1270
1187 1267
1187 1228
1188 1247
1188 1278
1189 1236
1191 1198
1191 1201
1191 1220
1192 1205
1193 1268
1193 1231
1195 1263
1195 1241
1195 1209
1195 1226
1196 1218
1196 1197
1198 1256
1198 1238
1201 1284
1211 1291
1216 1248
1216 1286
1217 1245
1218 1294
1221 1243
1223 1278
1224 1260
1228 1245
1229 1280
1231 1252
1232 1259
1234 1235
1238 1268
1239 1299
1240 1274
1243 1268
1250 1257
1251 1263
1254 1265
1259 1285
1259 1288
1274 1296
1282 1299
1283 1284
