4 250
5 274
6 370
7 11
10 177
10 133
10 30
11 66
13 258
13 398
14 312
15 392
15 73
16 63
17 396
19 344
19 165
19 279
21 139
23 162
23 266
24 135
25 362
25 279
26 274
26 182
26 54
27 216
27 201
28 364
30 272
36 150
40 137
41 373
41 174
42 80
42 95
44 99
47 227
48 321
49 379
49 177
49 307
49 213
50 286
52 387
53 159
54 256
54 292
54 254
56 289
58 138
61 307
62 314
67 204
70 340
76 253
77 86
79 151
81 306
83 194
83 156
85 287
86 88
94 345
98 364
101 146
102 352
104 363
106 142
106 110
106 205
108 314
108 277
108 390
110 396
110 301
113 347
114 301
115 395
116 239
121 212
122 232
125 221
126 277
126 349
126 263
128 166
131 290
132 343
135 330
137 377
138 379
139 272
139 396
141 237
142 234
143 353
143 315
143 391
144 181
145 173
148 355
149 259
149 374
152 344
158 375
158 279
161 228
161 237
162 339
163 250
164 210
164 323
164 230
165 362
167 185
172 388
172 199
173 211
174 306
175 305
176 384
179 398
181 210
182 381
185 237
185 366
187 373
188 322
188 261
188 383
193 328
194 398
197 393
201 335
207 285
207 247
209 356
210 276
213 326
219 262
222 354
223 249
224 290
232 240
234 362
235 272
235 384
236 373
242 283
245 345
245 389
247 361
249 280
249 320
249 317
250 305
251 366
254 334
271 281
271 301
272 302
276 361
279 367
281 306
289 398
292 332
293 334
299 341
304 306
307 347
307 399
308 395
313 367
315 329
318 372
323 370
327 371
328 376
335 371
341 377
344 384
351 378
352 366
376 392
385 388
