0 504
0 1433
0 1882
0 1243
1 992
1 1264
1 915
1 1459
1 311
2 154
3 1096
3 233
3 494
3 1543
4 864
4 1140
4 198
4 527
5 1728
5 200
5 1682
5 498
5 23
5 218
6 192
6 1411
6 455
6 296
6 1739
6 977
6 596
6 601
6 281
7 856
7 497
7 881
7 929
7 751
8 1760
8 228
8 278
8 711
8 1167
8 1555
8 790
8 985
8 602
9 1867
9 1156
9 1397
9 511
10 1444
10 1116
10 1609
11 281
11 1339
11 101
11 1861
12 488
12 348
12 1463
12 1160
12 1180
12 407
12 696
12 572
12 447
13 176
13 1288
13 1810
13 470
14 294
14 1385
14 1387
14 1112
14 1181
14 1246
15 1714
15 908
16 1761
16 780
16 1358
17 811
17 1250
17 403
17 196
17 1445
18 1300
19 321
19 1363
19 1637
19 950
19 1899
20 90
20 1460
21 1601
21 68
21 713
21 235
21 1484
21 1165
21 1238
22 970
22 195
22 228
22 1355
23 1539
24 296
24 1388
24 1611
24 1516
24 695
24 1082
25 1689
25 594
25 1589
25 759
26 809
26 267
26 36
27 442
27 355
27 1163
27 1606
28 1601
28 675
28 133
28 651
28 1774
28 127
29 612
29 1845
29 46
30 1281
30 1221
30 203
30 1581
30 1724
30 1118
31 1068
31 845
31 1198
31 1325
31 340
31 571
31 1693
31 1645
32 160
32 1283
32 1737
32 1070
32 979
32 831
33 906
33 663
33 536
33 1084
33 1533
33 1023
34 1554
34 1789
34 998
35 908
35 172
35 311
36 451
36 1769
36 939
36 335
36 1433
36 1564
36 1439
37 1098
38 1503
39 1186
39 1639
39 205
39 398
39 438
39 477
39 1311
40 100
40 940
40 140
40 52
40 1188
40 314
41 1481
41 235
41 946
41 948
41 1269
41 663
41 255
42 1731
42 379
42 638
42 207
43 1475
43 1030
43 1678
43 724
43 1688
43 575
44 169
44 754
44 1500
44 1118
45 1081
45 1479
45 1833
45 807
46 120
46 1329
46 1554
46 1633
47 608
47 1828
47 1420
48 1674
48 1749
48 750
49 1041
49 68
49 1209
50 1465
50 52
50 302
51 1152
51 1543
51 619
51 980
51 405
51 1852
52 420
52 714
52 1549
52 528
53 491
53 555
53 1038
53 594
53 1899
53 891
54 1682
54 1331
54 1366
55 962
55 614
55 742
55 465
55 595
55 919
56 1436
56 491
56 643
56 1054
56 1255
57 1315
57 274
57 531
57 701
57 1698
58 1593
58 1671
58 846
58 1647
59 1536
59 345
59 397
60 760
60 729
60 722
60 1667
60 245
61 530
61 1509
61 1186
61 1798
61 383
62 1196
63 867
63 549
63 1766
64 1704
64 369
64 404
64 1449
65 994
65 486
65 1320
65 650
65 527
65 1559
65 1817
65 508
66 1772
66 932
66 1189
66 502
66 575
67 800
67 1833
67 1258
67 315
67 228
68 1696
68 737
68 233
68 1715
68 506
69 554
70 802
70 869
70 1388
70 140
70 1090
70 1581
70 400
70 785
70 658
70 502
70 410
71 1134
71 654
71 1127
72 1528
72 1562
72 1022
73 1122
73 1075
73 1605
73 526
74 1121
74 1233
74 241
74 1074
74 1432
74 859
74 1116
75 928
75 1177
75 1090
75 1856
76 1035
76 1716
76 1501
77 1292
77 1196
77 1521
78 229
78 1286
78 1449
78 1387
78 861
78 1053
78 414
79 1520
79 806
79 1482
79 1104
79 81
79 1269
79 759
79 1785
79 1598
80 612
80 1670
80 839
80 1226
80 107
80 1837
80 1648
80 1013
81 646
81 1704
81 906
81 1483
81 86
81 344
82 1867
82 1276
82 311
83 1201
83 218
83 164
83 1050
83 1682
84 1632
84 1728
84 397
84 213
84 1050
84 764
85 1555
85 204
85 797
85 861
86 324
86 1717
86 1494
86 615
87 1881
87 1562
87 460
88 1318
88 234
88 270
88 1200
88 1779
88 889
88 541
89 1323
89 621
89 741
90 1208
90 484
90 1126
90 876
91 450
91 986
91 279
92 467
92 933
92 206
92 207
93 1084
93 1430
93 398
93 1151
94 1728
94 1899
94 1624
94 696
94 1785
94 954
95 1774
95 1175
96 208
96 567
98 1064
98 985
98 1013
98 167
99 580
99 1226
99 1104
99 1386
99 516
99 1053
99 1118
100 816
100 1259
100 1472
101 297
101 1026
101 1415
101 873
102 897
102 395
102 1782
103 289
103 1467
103 1629
104 1321
104 156
104 517
104 118
105 1595
105 1317
105 590
106 689
106 994
106 1082
106 981
107 1088
107 1154
107 1493
107 214
107 767
108 1161
108 623
108 341
108 557
109 1616
109 859
109 445
109 549
110 752
110 1665
111 473
111 1810
111 1669
112 1346
112 456
112 268
112 975
112 1011
112 1209
112 1755
113 609
113 1346
113 1187
113 1573
113 1065
113 1491
113 860
114 1016
115 1733
115 1351
115 1417
115 172
115 593
115 1001
115 1449
115 1599
116 1244
116 603
116 340
116 1221
117 1544
117 1026
118 1569
118 644
118 485
118 395
118 269
118 177
118 1589
118 887
118 1540
119 1851
119 1677
120 1014
120 1847
120 149
120 269
121 1616
121 1028
121 1385
121 942
121 783
121 1456
121 1074
122 832
122 153
122 750
122 607
123 516
123 670
123 583
124 1122
124 1179
124 1868
124 799
125 856
125 1688
126 1312
126 708
126 230
126 646
126 1035
126 1070
126 1076
127 709
127 198
127 1035
127 1361
127 956
127 893
127 479
128 868
128 486
128 839
128 1706
128 1146
128 1405
129 425
129 713
129 963
129 681
130 1385
130 458
131 1890
131 1269
131 686
131 831
132 1512
132 1540
132 1044
132 1630
133 404
133 950
134 1608
134 314
134 413
135 1564
135 217
135 260
135 166
136 544
136 274
136 1491
137 1099
137 915
137 244
138 416
138 785
138 634
138 332
138 1044
139 548
139 614
139 1708
139 663
139 1636
139 379
139 605
139 158
140 1451
140 1470
141 681
141 371
141 1116
141 1549
141 1515
142 1596
142 1164
142 1757
142 446
142 1015
143 1344
143 1424
143 932
144 352
144 1168
144 715
144 1876
144 1456
145 998
145 1095
145 1292
145 941
145 1203
145 1591
146 664
146 1689
146 1322
146 1705
146 535
147 168
147 232
148 1616
148 900
148 1131
148 660
148 993
149 416
149 929
149 743
149 1005
149 343
149 987
149 735
150 465
150 954
150 1355
150 463
151 1305
151 1266
151 974
151 862
152 160
152 1209
152 1679
152 1528
152 1127
153 320
153 194
153 547
153 1382
153 1597
154 1307
154 1793
154 1107
154 1125
155 736
155 1569
155 903
156 930
156 1828
156 1068
156 1166
156 858
156 1019
156 1212
157 1729
157 1829
157 470
157 751
158 1283
158 1765
158 1256
158 978
158 963
159 1802
159 652
159 717
159 221
159 344
159 1882
159 1757
160 750
160 495
160 1780
160 572
161 1421
162 1164
162 525
162 414
162 581
163 1346
163 1638
163 881
163 1007
163 529
163 374
163 1785
164 1319
164 1482
164 434
164 502
164 447
165 186
165 379
165 1428
165 1694
165 1523
166 623
166 1532
166 485
166 1022
167 820
167 507
167 772
167 1767
168 320
168 177
168 1408
168 1578
169 1092
169 1841
169 490
169 753
169 1403
169 541
170 1569
171 672
171 611
171 197
171 329
171 881
171 1812
171 1019
171 316
171 1309
172 1795
172 1519
172 455
173 889
173 1419
174 1442
174 1221
174 712
174 297
174 1160
174 1854
175 1712
175 1521
175 1259
175 422
176 370
176 563
176 1747
177 1166
177 1365
178 1490
178 1100
178 557
179 740
179 974
179 497
179 1138
179 819
179 822
179 1240
179 947
180 1138
180 1716
180 661
180 1750
181 889
181 1612
181 943
182 720
182 1017
182 1677
182 1056
183 1096
183 1896
183 235
183 1507
184 258
184 1862
184 616
184 1218
184 690
184 1491
185 1592
185 218
185 229
186 993
186 947
186 1388
186 1311
187 1712
187 572
188 1157
188 1478
188 1671
188 880
188 639
188 773
189 1168
189 802
189 1844
189 501
189 1213
190 453
190 1319
190 1820
190 391
190 1741
190 1271
190 1625
190 956
191 1003
191 1013
192 1187
192 1005
192 1269
192 1882
192 763
193 281
193 1698
193 297
194 586
194 749
194 1106
194 340
194 1084
195 505
195 1275
195 380
195 1071
196 344
196 268
196 726
196 1113
197 1055
197 1737
197 726
197 607
198 964
198 1695
198 693
199 883
199 1154
199 379
199 1013
199 1054
201 608
201 433
201 1486
201 590
201 542
202 576
202 848
202 902
202 1065
202 778
202 557
202 688
202 1424
202 1534
203 1402
204 1155
204 1252
204 598
204 269
205 1208
205 1283
205 740
205 478
206 292
206 1797
206 969
206 364
206 280
207 1648
207 1796
207 882
208 488
208 1820
208 725
208 1110
209 420
209 1222
209 332
209 1329
209 563
209 1046
209 857
210 512
210 769
210 1731
210 1709
211 1059
211 1865
211 267
211 1358
211 559
211 1458
211 377
211 604
211 1663
212 444
212 526
213 1650
213 1107
213 1747
214 1176
214 1488
214 317
214 1830
215 1383
215 1160
215 1101
215 1422
215 1358
215 1750
215 823
216 969
216 307
216 1391
217 827
217 1225
217 503
217 782
218 1433
219 400
219 267
219 756
219 1230
220 876
220 1823
221 512
221 291
221 484
221 1830
221 621
221 1502
221 1182
222 1872
222 1271
223 556
223 1776
223 1873
223 437
223 1144
223 1661
224 996
224 328
224 683
224 782
224 1021
224 625
224 1604
224 989
224 607
225 1315
225 322
225 251
225 1518
225 895
226 666
226 324
226 1730
226 318
227 1504
227 1576
227 550
228 1352
228 929
228 261
228 1329
228 557
228 494
228 432
228 529
228 595
229 802
229 826
229 1783
230 609
230 1858
230 1481
230 1227
230 1855
231 1216
231 1059
231 1046
232 1536
232 1505
232 1203
232 1014
232 1463
232 959
233 896
233 1573
233 648
233 1806
233 368
233 1009
233 1052
234 1617
234 1292
234 341
234 1713
235 739
235 580
235 266
235 1300
235 535
235 506
235 1244
236 353
236 1572
236 806
236 1481
236 592
236 977
236 339
236 1209
237 762
237 1714
238 241
238 292
238 473
239 544
239 1697
239 1545
239 877
239 623
239 1552
239 1592
240 1080
240 1502
240 379
240 1174
240 494
241 779
241 485
242 563
242 261
242 591
243 1424
243 562
243 1402
243 1527
245 1027
245 1125
245 552
245 969
245 1747
245 1269
245 731
245 1765
246 669
246 847
247 995
247 420
247 1094
247 266
247 408
247 344
247 1563
248 1312
248 581
248 1577
248 916
248 1865
248 1733
249 288
249 1604
249 300
249 269
249 1647
249 671
250 737
250 1316
251 259
251 1108
251 1717
251 1561
252 1504
252 963
252 540
252 1030
253 519
253 842
253 785
253 851
253 342
253 1258
254 1116
254 861
254 1798
255 1826
255 1459
255 1894
256 1883
256 1419
256 1300
257 1560
257 1005
257 1206
258 1665
258 475
258 437
259 1013
259 701
259 671
260 512
260 1286
260 1064
260 939
260 1812
260 824
261 417
261 1800
261 1489
261 895
262 1664
262 738
262 1525
262 1406
263 570
263 667
264 1321
264 1485
264 1783
265 1256
265 1214
265 871
266 904
266 307
266 1209
266 1791
267 419
267 743
267 625
267 918
267 408
267 861
267 1247
268 904
268 780
268 365
268 1773
268 1429
268 823
268 888
269 1088
269 1410
269 356
269 468
269 1818
270 1754
270 1436
271 803
271 1543
271 652
271 302
271 1742
271 1239
271 925
272 1108
272 1135
273 1025
273 915
273 1843
274 1474
274 714
274 779
274 492
274 1116
275 1506
275 870
275 1383
275 872
275 278
275 923
276 1536
276 1465
276 891
277 800
277 992
277 937
277 1293
277 626
277 372
277 1052
278 960
278 483
278 1866
278 1105
278 1117
279 1739
279 530
279 1574
279 1510
280 1474
280 1539
280 1668
280 1287
280 717
280 1807
280 1463
280 1018
280 442
281 806
281 849
281 1844
281 703
282 320
282 1473
283 327
283 1801
283 556
283 1171
283 698
283 767
284 1096
284 505
285 1697
285 1394
286 1236
286 1613
287 1657
287 814
288 1209
288 673
289 1110
289 774
290 577
290 1314
290 1548
290 1110
290 807
291 802
291 492
292 992
292 548
292 677
292 555
292 1868
292 1497
292 637
293 1216
293 370
293 707
294 1378
294 1743
294 1394
294 1049
294 731
295 1888
295 562
295 1164
295 1386
296 327
296 1244
296 366
296 572
296 511
297 1318
297 1351
297 1224
297 1810
297 1266
297 1560
298 1796
298 1387
298 1532
298 591
299 376
299 1656
299 957
299 998
299 1471
300 1570
300 1828
300 1652
300 1236
300 701
301 1131
301 779
301 1891
301 318
301 1823
302 843
302 1025
302 487
303 416
303 1876
303 1798
304 1840
304 1193
304 1349
304 951
305 1664
305 1460
305 413
305 566
306 808
306 1288
306 1396
306 1532
306 734
307 1187
307 1286
307 1287
307 1895
307 1263
307 1443
308 1107
308 931
308 1044
308 1203
309 1227
309 1003
309 492
309 941
309 1871
309 1494
309 1403
310 1632
310 1728
310 427
310 1676
310 1359
310 1652
310 312
310 1018
311 1833
311 570
311 412
311 1853
311 383
312 818
312 716
312 846
313 485
314 1258
314 336
314 914
314 761
315 1027
315 835
315 412
315 1517
316 473
316 381
316 1521
317 736
317 1061
317 972
317 1262
317 1744
317 602
317 892
318 1696
318 1153
318 1187
318 1605
318 769
318 785
318 820
319 1528
319 1852
319 1114
319 772
319 1170
320 960
320 548
320 360
320 564
320 1046
320 567
320 1822
321 376
321 1650
321 981
321 1722
322 1752
322 989
322 825
323 828
323 571
323 700
324 1019
324 1164
324 429
324 690
324 507
325 544
325 1457
325 1826
325 1726
325 494
326 769
326 356
326 396
326 1130
326 364
326 1549
326 464
326 885
327 860
327 1878
327 383
328 1669
328 1479
328 522
328 1767
328 1235
328 1245
329 481
329 653
329 374
329 1621
330 1016
330 1616
330 379
330 1548
330 1007
331 1489
331 562
331 787
331 770
332 1506
332 973
332 761
332 1020
333 1347
333 1035
333 977
333 1259
333 1355
333 1823
334 769
334 378
334 1769
334 676
334 820
335 416
335 1346
335 1701
335 812
335 1432
336 1808
336 657
336 1164
336 1580
337 1041
337 1115
337 909
337 1110
337 895
338 1050
338 603
338 1258
338 723
338 1621
339 865
339 1507
339 1235
339 1460
339 1309
340 791
340 1162
341 1472
341 802
341 1348
341 1186
341 529
341 890
342 1258
342 1571
342 1404
342 1302
344 1667
344 597
345 1363
345 1550
346 553
346 1750
346 1478
346 1087
347 802
347 1447
347 1808
347 1873
347 565
347 1565
348 929
348 1200
348 1075
348 1588
348 1530
348 412
349 896
349 1027
349 1884
349 1033
349 786
349 1815
349 1272
349 1500
349 575
350 1504
350 1712
350 803
350 1679
350 1047
351 1624
351 1153
351 844
351 783
352 1466
352 1163
352 1356
353 956
353 819
353 1508
353 1638
354 393
354 803
354 684
354 926
354 1049
355 1812
355 1318
355 1247
355 679
356 1304
356 798
356 1492
357 608
357 964
357 1474
357 716
357 1490
358 643
358 1221
358 1224
358 977
358 787
358 1080
358 1081
359 1080
359 1728
359 1082
359 1107
360 608
360 1154
360 454
361 616
361 1761
361 1818
361 1379
362 548
362 1261
362 1565
363 1272
363 1751
364 1856
364 1323
364 1874
364 1267
365 1018
365 1466
366 729
366 1355
366 959
367 998
367 745
367 1360
367 1141
367 1819
367 1278
368 932
368 1086
368 1815
369 1156
369 1285
369 870
369 1256
369 1197
370 417
370 1887
370 902
370 716
370 1035
370 1004
370 1456
370 1691
370 1830
371 1473
371 963
371 1479
371 690
371 1459
372 1012
373 1762
373 995
373 490
373 1519
373 597
373 668
373 765
373 606
374 1504
375 844
375 412
375 983
376 1315
376 1130
376 847
376 1470
376 511
377 1648
378 424
378 745
378 1386
378 1260
378 1145
378 1498
379 1319
379 1796
379 559
380 738
380 1802
380 429
380 751
380 1393
380 757
380 630
380 1433
381 1604
381 773
381 1407
382 896
382 1776
382 1786
383 964
383 967
383 1052
384 816
384 1480
384 1509
384 838
384 431
385 1672
385 505
385 1138
385 811
386 672
386 1204
386 1541
386 1630
387 1571
387 1778
387 587
387 774
388 1603
388 1797
388 751
388 1368
388 1430
388 408
388 1787
388 957
389 1559
389 1087
390 1501
390 526
391 659
392 903
392 1290
392 839
392 1455
392 464
392 945
392 594
392 758
393 1191
393 840
393 1706
393 882
393 792
393 1180
394 513
394 749
394 1166
394 1200
394 405
394 1174
395 506
396 465
396 402
396 1301
396 1529
398 1142
398 1126
398 682
398 1202
398 854
398 1431
398 1082
398 923
399 441
399 1428
399 1853
399 1879
400 1082
400 1198
401 1436
402 1090
402 1349
402 1258
402 972
402 762
402 763
403 1208
403 741
404 1648
404 1398
405 1218
405 1252
405 1605
405 1780
405 1047
405 1764
406 1025
406 1232
406 1552
406 1114
406 1595
406 1055
407 550
407 1031
407 1068
407 1005
407 1684
407 956
407 733
408 1701
408 1518
408 1246
409 1568
409 513
409 1291
409 846
409 1268
409 1148
410 1150
411 1826
411 1252
411 839
411 808
411 1234
411 1240
411 1700
411 1018
412 576
412 1315
412 1028
412 1606
412 653
413 1064
413 1699
414 448
414 1350
414 1460
414 1205
415 811
415 1711
416 995
416 1321
416 1884
416 1642
417 1870
418 864
418 569
418 506
419 1019
419 1801
419 1802
419 995
419 1559
419 539
420 1765
420 493
420 787
420 1656
421 613
421 1254
421 1807
422 1544
422 1263
422 1052
423 993
423 1324
423 1756
423 1655
424 1604
424 1270
424 1062
425 1576
425 491
425 1772
425 1267
426 537
426 1783
426 991
427 1120
427 925
427 792
427 1725
427 895
428 784
428 997
428 455
429 1668
429 1849
429 632
429 1435
430 1610
430 908
431 738
431 971
431 684
431 1869
431 1710
431 1848
431 920
431 793
432 576
432 700
432 1645
433 1898
433 964
433 575
434 1572
434 466
434 1546
434 1530
435 448
435 616
435 978
435 1110
436 1112
436 1795
436 611
436 734
437 1545
437 630
437 1623
437 1342
438 640
438 484
438 1846
439 1456
439 1009
439 1114
439 939
439 1482
440 960
440 1073
440 611
440 701
440 1478
441 1362
441 923
441 1794
441 1710
442 930
442 1048
442 1526
442 823
443 762
443 1778
444 745
444 1290
444 717
444 880
444 1014
445 1153
445 1506
445 707
446 769
446 837
446 903
446 970
446 1805
446 754
446 1332
447 692
447 1429
447 1503
447 1823
448 1221
448 1615
448 1842
448 1007
449 1609
449 1564
449 1221
450 1240
450 1594
451 1344
451 851
451 1005
452 1185
452 1353
452 720
452 562
452 1235
452 1532
453 1036
453 1326
453 1651
453 1845
453 1722
453 891
454 1895
454 1394
454 1652
454 472
454 1780
455 1286
455 1096
455 1325
455 533
455 728
456 457
456 624
456 737
459 616
459 924
459 1101
459 1652
459 1685
459 1436
459 1567
460 1865
460 1070
460 1652
460 890
460 1498
461 576
461 736
461 1357
461 886
461 1785
462 880
462 1760
462 884
463 1104
463 1832
463 738
463 1597
464 1089
464 594
464 557
465 1120
465 1157
465 1724
466 918
466 1544
466 1424
466 629
466 854
466 952
466 569
467 1881
468 1399
468 1119
468 1639
468 821
469 1146
469 1578
469 1310
469 542
469 1743
470 1536
470 884
470 764
470 1469
470 1247
471 1733
471 788
471 1565
471 663
472 646
472 1197
473 1862
473 1291
473 1717
473 1022
473 1471
474 1005
475 1057
475 701
475 1613
476 1248
476 1675
476 1509
476 1799
476 1259
476 493
477 823
477 663
478 694
479 505
479 836
480 1362
481 1540
481 1615
482 1265
482 1271
483 910
483 1623
484 902
485 1189
485 1331
485 1624
485 986
486 645
486 592
486 1359
487 1117
487 644
487 717
487 1111
488 1821
489 1377
489 1115
489 1441
489 1453
489 1103
490 896
490 1573
490 913
490 814
490 1425
490 1722
490 1786
491 1604
491 616
491 723
491 979
491 1855
492 974
492 559
492 1625
492 889
493 1173
493 1557
493 1039
494 1776
494 1032
494 823
494 601
494 1882
494 1125
495 961
495 645
495 840
495 1198
495 975
495 607
496 1042
496 1187
496 1534
496 1763
497 1217
497 1091
497 1897
497 1298
497 1686
497 1053
498 705
498 1862
498 1223
498 1068
498 1846
498 1145
498 1209
498 1406
499 664
499 1016
499 1148
499 1789
499 590
500 1808
500 579
500 1662
501 861
501 1197
501 815
501 883
501 597
501 1598
502 720
502 674
503 724
503 1189
504 505
504 1740
505 1866
505 1619
505 511
506 960
506 835
506 1084
506 1621
507 1113
507 1207
507 1437
508 1607
508 1319
508 836
508 991
509 1243
509 1495
510 1027
510 1351
510 1002
510 1228
510 526
510 732
510 991
511 578
511 780
511 1522
512 681
512 1834
512 1028
512 1242
513 987
513 1742
514 928
514 1146
514 1714
514 1686
515 800
515 1280
515 1719
515 1516
515 1329
516 1586
517 1035
517 1302
517 1046
518 865
519 1366
521 976
522 1328
523 1853
523 1334
523 647
524 1703
524 1460
524 1751
524 935
525 1671
525 1076
525 629
525 1477
526 1513
526 1211
526 1887
528 995
528 1650
528 1588
528 890
528 669
529 585
529 556
529 621
530 1696
530 1387
530 1611
530 1878
531 1778
531 788
532 1378
533 682
533 1035
533 1743
534 1811
534 733
535 561
535 1242
536 1706
536 659
536 1654
537 612
537 1169
537 1481
537 1195
537 561
538 971
538 892
539 1169
540 1068
540 939
540 885
541 839
542 1645
542 956
542 917
543 1208
543 643
543 605
544 1838
545 1765
545 839
545 1613
545 815
545 1041
545 1661
546 1359
547 1137
547 745
548 1647
548 919
548 1080
549 1795
549 1505
549 1785
550 1344
550 937
550 1472
551 595
552 715
552 1391
552 1360
552 1171
552 1076
552 1558
553 756
553 645
554 1360
554 954
554 1276
555 996
555 1766
555 1833
555 1776
555 1784
556 1281
556 1779
556 1462
557 684
557 1711
557 788
557 841
557 1610
558 1353
558 1419
558 1668
558 1467
559 1793
559 1126
559 1356
559 1003
559 1205
559 1847
559 1749
560 1793
560 1220
561 1624
561 1052
561 809
562 1896
562 1006
562 1842
563 1780
564 1570
564 1105
564 711
564 1072
564 657
564 1395
564 1016
565 969
565 1202
565 1324
565 766
566 1451
566 1525
566 1526
566 1743
567 1254
567 816
567 753
567 729
567 1338
567 1851
569 969
570 1449
570 1778
570 1545
571 825
571 1461
571 1390
572 1443
572 964
572 1736
572 1554
572 1603
573 1082
573 1778
573 1646
574 1157
574 1001
574 1710
574 1555
574 917
574 1454
575 1839
575 1365
575 959
576 1894
576 1814
576 1147
577 1472
577 1672
577 764
578 1401
578 1260
579 1729
579 1626
579 986
579 636
579 893
579 1182
580 1504
580 650
581 1288
581 829
581 1239
582 1846
582 1246
582 694
582 1454
583 616
583 1636
583 1787
584 1361
584 1714
584 1863
585 1634
585 1823
586 1442
586 1873
586 1653
586 1848
586 859
588 1542
589 1264
589 1673
589 990
589 831
590 1654
591 643
591 1814
591 794
591 827
592 1120
592 817
593 1424
593 1720
593 1471
594 1595
594 1767
594 941
594 955
595 868
595 1001
595 1547
595 1074
595 1499
596 1033
596 1730
597 1896
597 918
597 1662
598 1533
598 791
599 1752
599 1323
599 739
599 908
600 1784
600 1418
600 1893
600 1174
601 1058
601 1191
601 1197
601 1263
601 760
601 1343
602 837
602 1687
602 760
602 1465
602 1308
603 1856
603 770
604 903
604 791
605 976
605 1411
605 957
606 1536
606 1288
606 1097
606 1130
606 858
606 1660
606 1546
606 1663
607 1586
607 1076
607 822
608 1772
608 1141
608 853
609 966
609 1447
609 1006
609 1532
609 1279
610 949
611 1889
611 731
611 1333
611 1467
613 640
613 1639
613 1128
613 1608
613 1650
613 1023
614 1514
615 912
615 1481
615 1194
615 1315
616 1217
616 1588
616 630
616 1891
617 1073
617 1754
617 901
618 1013
619 1058
619 1867
619 1890
621 746
621 1421
621 1179
622 1696
622 1494
622 742
623 1314
623 1176
623 954
623 733
625 704
625 1032
625 1681
626 716
626 1837
626 889
626 1177
626 1085
628 722
628 970
628 687
629 1656
630 833
630 697
630 700
630 1727
631 1616
631 1537
631 1307
632 1578
632 1454
632 1743
632 1236
632 1309
633 1804
633 1114
633 1811
633 916
633 1671
634 1480
634 807
635 1411
635 1828
635 917
635 1145
635 1594
635 731
636 857
636 1820
637 1347
637 742
637 1584
637 1046
637 1470
638 1482
639 1704
639 1371
639 975
640 1440
640 1899
640 1663
641 1798
641 1095
641 1896
641 1065
641 1898
641 845
641 1422
641 1274
642 1571
642 907
642 1809
643 1741
643 857
644 1159
644 715
644 1332
644 1212
644 1629
645 1598
646 1882
646 753
647 1668
647 1648
647 1045
647 1438
647 1877
648 780
648 1021
648 983
649 1122
649 871
649 819
649 1748
649 1686
649 1403
651 778
651 1035
651 1103
652 1547
653 1865
654 832
654 1872
654 1360
654 950
654 1207
654 799
655 800
655 832
655 935
655 718
655 1140
655 733
655 1023
656 984
656 1579
656 1244
657 808
657 1701
657 1190
658 1518
658 1107
658 661
658 1069
659 1827
659 1239
659 1204
660 1713
660 1222
661 1188
661 1631
662 1492
663 1036
663 1584
663 1105
663 1146
664 1345
664 1096
664 681
664 969
665 961
665 1148
665 1334
665 1455
666 1536
666 1381
667 1077
668 1666
668 1617
668 1522
668 916
668 918
670 1765
670 797
670 1605
670 861
671 1127
671 1671
671 1038
671 978
671 1141
671 824
671 1082
671 1342
672 1634
672 1090
672 1802
672 1328
674 1184
674 1600
674 1384
674 1078
674 926
675 1773
676 1860
676 1766
677 1745
678 1066
678 1266
678 1391
679 929
679 802
679 1447
679 1898
679 762
680 1355
680 1035
680 1292
682 1065
683 1756
683 1157
683 1847
684 750
684 1176
684 1662
685 1080
685 709
685 981
686 1744
686 1683
686 1135
687 973
687 757
687 1333
687 1657
687 1471
688 960
688 1877
689 1538
689 1094
689 1165
689 1437
689 1802
690 1097
690 814
690 1041
690 1116
691 1713
691 1849
691 885
691 878
691 1573
692 1032
692 1571
692 826
692 895
693 1843
693 1427
694 1760
694 1867
694 1291
695 1145
695 1133
696 1456
697 760
697 1601
697 1451
697 847
698 945
698 1347
699 857
699 1498
699 835
700 1225
700 1581
700 718
701 1006
701 1311
702 928
702 1176
702 1703
702 1247
703 1604
704 1824
704 1246
705 1508
705 827
705 1468
706 1321
706 1452
706 836
706 1671
706 1143
707 1699
707 1778
707 1235
708 1762
708 1717
708 1725
710 1460
710 1749
711 1831
711 1695
712 1235
713 1580
713 1170
713 761
713 892
714 960
714 1491
714 1785
714 1087
715 1163
715 1281
716 1795
716 1265
717 769
717 1859
717 972
718 1319
718 876
718 1742
718 942
719 984
719 1380
719 1164
720 1387
720 1164
720 1114
721 1321
721 1179
721 1391
722 1253
722 1159
722 1648
722 1404
723 1232
723 1308
723 813
724 1131
724 1604
724 1222
724 1833
724 1551
724 982
724 889
725 936
725 731
725 1857
725 1663
726 1546
726 1830
727 1329
727 1082
727 1372
728 1216
728 1179
728 1284
729 1241
729 1439
730 1005
730 1263
731 1774
731 1329
731 1507
731 1430
732 1039
733 1100
734 1557
734 838
735 1829
735 1238
735 1149
736 1735
736 1161
736 883
737 1184
737 1428
737 1791
738 1098
738 1278
739 1389
739 1380
739 933
740 1770
740 1389
740 1845
740 1785
740 1403
740 797
741 1858
741 1130
741 1629
741 1178
741 1405
741 1087
742 1505
742 1417
742 1007
742 1202
742 1309
743 1752
743 1764
743 1294
744 885
744 1583
745 1418
745 1723
746 1182
746 1756
746 1174
746 1805
747 1193
747 1827
747 1623
748 1120
748 1153
748 1817
749 1380
749 1159
749 1304
749 1050
750 929
750 901
750 926
751 1652
751 932
752 957
753 1670
753 1874
753 1368
753 799
754 1502
754 862
755 840
755 1177
755 1250
756 1479
756 877
756 1431
756 793
756 1372
756 1279
757 1316
758 977
758 1713
759 1505
759 1607
759 1640
759 1517
759 915
760 933
760 828
761 1361
761 999
762 928
762 1552
763 1781
763 1855
764 765
764 1415
765 876
765 930
765 1593
766 1496
766 1475
767 800
767 1032
768 1602
768 917
768 1798
769 1121
770 1328
770 1571
770 1189
772 1254
773 1045
774 1786
774 860
775 1773
775 1734
776 1458
777 888
777 1548
777 1573
777 1757
778 1516
779 1294
780 879
782 1251
782 875
782 1077
782 1691
782 1884
782 1247
783 1633
783 805
783 1774
784 1489
784 1256
784 810
784 1419
784 1263
784 1008
784 1384
785 1694
786 1815
786 1489
786 1027
786 1197
787 1546
787 1462
788 1585
788 1323
788 1553
788 1011
788 892
789 1072
789 1540
789 1542
790 1594
791 1348
792 899
792 1519
792 850
792 1715
793 1399
794 1632
794 1595
794 810
794 1295
795 1824
795 1764
795 1365
796 1114
796 1653
796 1666
797 841
797 1561
798 1753
799 1093
799 999
799 1833
799 1204
800 1893
800 1400
800 1336
801 1817
802 833
802 970
802 959
803 1287
803 842
803 1365
803 1339
804 1155
804 1133
805 927
805 1509
805 1350
806 1626
806 1799
807 1825
807 1482
807 985
808 1692
809 1541
810 829
812 1332
812 1398
813 1102
813 902
813 1191
814 1795
814 1003
815 1854
815 983
816 1569
816 1832
816 1714
816 1747
817 1546
817 1179
817 1511
817 959
818 1801
818 934
820 1365
820 1294
821 1418
821 822
822 975
822 880
822 1659
823 1685
823 1343
824 1440
824 1647
824 1757
825 1444
825 1378
825 1519
825 944
825 1556
825 1337
826 1840
826 1075
827 1171
827 919
827 1372
828 1173
828 1190
829 1001
830 914
831 1734
831 1684
831 1397
832 1152
832 1774
832 1366
833 1275
834 1592
834 970
834 1425
834 1590
834 1272
834 1177
834 1434
835 1061
835 1837
835 1678
835 1203
835 1686
836 933
836 1058
836 1520
836 1634
836 1567
837 1240
837 894
838 1540
838 1575
838 904
838 1618
838 1238
839 1587
840 931
840 1637
840 1671
840 1288
840 1390
840 1489
841 1377
841 1413
841 936
841 1579
841 941
841 1304
841 1144
842 1859
842 1598
843 1109
844 1115
844 1038
845 1152
846 1058
846 1347
846 1802
846 914
846 1881
847 1851
847 1886
848 1897
848 1405
848 1239
849 1736
849 1306
849 1679
850 1872
850 1740
850 1349
851 880
851 1489
851 1043
852 1412
852 1375
853 1643
853 1219
853 964
853 1427
854 904
854 1199
854 1203
854 1176
856 1698
856 1509
856 1547
856 1390
856 1403
856 1245
856 1023
857 1152
857 1410
858 1671
859 1024
859 1378
859 1490
859 1527
860 966
860 1897
860 1899
860 1551
860 1174
861 1035
861 1176
861 1179
862 1560
862 945
862 1115
863 925
864 1413
864 1234
864 1365
864 1276
864 1525
865 1795
865 1838
865 1493
865 1046
865 1850
866 1859
866 1133
867 1394
867 893
868 932
868 1417
868 1196
868 1625
868 1412
868 1402
869 1449
869 1461
870 1101
870 1501
871 1191
871 922
871 1690
871 1086
872 1004
872 996
873 1840
873 1641
874 1695
874 1359
875 1289
875 1393
876 1574
876 1852
876 1257
876 1194
876 985
876 1406
877 1604
877 1447
878 1043
878 1346
879 1153
879 1164
879 1682
879 1316
880 1295
880 1513
882 1115
882 1030
883 1065
884 1740
884 1458
884 1181
884 1343
885 929
885 1404
885 1869
887 1724
887 1508
888 1643
888 1068
889 1377
889 1283
889 1642
890 1350
891 1523
892 1612
892 1399
893 1282
893 1686
893 1884
894 1698
894 1315
894 1470
895 963
895 1444
895 1619
895 1080
895 1332
895 1355
896 1014
896 1546
897 1531
897 1861
898 1184
899 938
899 1108
899 1374
900 1872
900 1829
901 953
902 1160
902 1886
902 958
903 1790
905 920
905 930
905 1772
905 1381
905 1191
906 1512
907 1216
907 1041
907 1736
907 1453
908 964
908 1392
908 1075
908 1813
909 957
909 1637
910 993
910 1870
910 1321
911 976
911 1662
913 1142
913 1823
914 1042
915 989
916 994
916 1029
916 1637
916 1873
916 1631
917 1228
917 942
917 1330
917 1051
919 1123
919 1097
919 1707
920 1229
921 1035
921 1292
922 1744
922 1497
923 1747
923 1523
925 1476
925 1802
925 1458
925 1108
926 1799
926 1421
926 1427
927 1228
928 1741
928 1264
928 1044
929 1504
929 1155
929 1672
929 1324
929 1266
930 1492
931 1446
931 973
931 1160
931 1786
932 1360
933 1227
933 1116
933 1483
934 1744
934 1705
934 958
935 1136
935 1244
937 1424
938 1391
938 980
938 1368
938 1562
938 1341
939 1632
939 1495
939 1107
939 1141
939 1182
940 1455
941 1329
941 1840
941 1270
941 1625
941 1722
941 1309
941 1246
942 1387
942 1615
942 1104
942 1714
942 1786
942 1525
943 1176
944 1392
944 1229
944 1118
945 1355
945 1156
945 1163
945 1612
945 1719
946 1248
946 1690
946 1091
947 1072
947 1507
948 1218
949 952
949 1010
950 1825
950 1711
950 1151
951 1584
951 965
951 1031
951 1384
951 1355
951 1239
951 1278
952 1274
952 1317
953 1393
953 1645
953 1532
953 1561
954 1867
954 1101
954 1855
955 1644
955 1751
956 1297
956 1874
957 1616
958 1824
958 1228
958 1383
959 1874
960 999
960 1293
960 1047
961 966
961 1263
961 1339
961 1597
962 1009
962 1075
962 1086
963 1420
963 1068
963 1843
963 1040
963 1081
964 1253
964 1379
964 1430
964 1114
965 1169
965 1186
966 1320
966 1820
966 1228
966 1526
966 983
967 1714
967 1171
969 1485
969 1020
969 1022
970 1068
970 1333
970 1855
972 1448
973 1103
974 1255
974 1586
974 1785
976 1317
977 1508
977 1144
978 1129
978 1455
979 1769
979 1206
980 1272
980 1404
980 1661
981 1579
981 1878
982 1609
982 1439
983 1383
983 1703
984 1202
984 1483
986 1433
986 1076
987 1572
988 1469
989 1089
989 1765
989 998
989 999
989 1705
989 1295
989 1598
990 1157
990 1190
990 1646
990 1687
990 1758
991 1040
993 1720
994 1709
994 1555
994 1625
995 1304
996 1891
997 1410
997 1883
998 1157
998 1438
999 1703
1001 1120
1001 1844
1002 1504
1002 1806
1003 1159
1003 1169
1003 1649
1003 1247
1004 1538
1004 1543
1005 1798
1005 1219
1005 1107
1005 1685
1006 1678
1007 1039
1007 1298
1007 1750
1007 1817
1008 1488
1008 1896
1008 1577
1009 1256
1009 1305
1010 1440
1010 1668
1010 1783
1011 1664
1011 1098
1011 1796
1012 1490
1012 1061
1013 1846
1014 1114
1015 1864
1015 1614
1016 1058
1016 1091
1016 1423
1017 1150
1018 1225
1019 1645
1019 1842
1020 1266
1021 1752
1021 1169
1022 1157
1022 1720
1022 1274
1023 1312
1023 1322
1023 1591
1023 1434
1023 1181
1024 1226
1024 1643
1024 1740
1024 1490
1024 1854
1025 1794
1025 1623
1026 1399
1026 1308
1026 1038
1027 1679
1027 1306
1027 1887
1029 1044
1029 1062
1029 1492
1030 1098
1030 1265
1030 1144
1031 1312
1031 1573
1031 1243
1032 1334
1032 1593
1033 1664
1033 1891
1033 1100
1033 1651
1034 1792
1034 1801
1034 1894
1034 1606
1035 1451
1036 1354
1038 1412
1038 1231
1038 1367
1039 1201
1040 1211
1042 1097
1042 1642
1042 1694
1043 1187
1043 1101
1043 1585
1043 1468
1044 1582
1044 1809
1044 1525
1044 1723
1045 1684
1045 1468
1045 1805
1046 1309
1046 1793
1047 1222
1047 1201
1047 1812
1047 1142
1048 1129
1048 1412
1048 1681
1049 1411
1049 1294
1049 1199
1049 1531
1049 1502
1050 1110
1050 1748
1050 1115
1050 1310
1051 1776
1052 1657
1053 1285
1054 1593
1054 1197
1054 1591
1054 1529
1054 1531
1055 1410
1055 1725
1056 1602
1057 1838
1057 1310
1058 1347
1058 1358
1058 1342
1058 1695
1059 1295
1060 1240
1060 1627
1060 1878
1061 1857
1061 1478
1062 1798
1062 1805
1062 1074
1062 1811
1062 1439
1063 1330
1063 1827
1063 1466
1064 1274
1064 1357
1065 1232
1066 1100
1066 1525
1067 1125
1068 1705
1068 1808
1068 1563
1069 1598
1071 1640
1071 1516
1072 1127
1073 1182
1073 1695
1074 1761
1075 1091
1076 1355
1077 1883
1078 1720
1078 1442
1078 1445
1079 1410
1079 1811
1079 1732
1079 1813
1080 1098
1080 1101
1080 1150
1081 1114
1082 1792
1082 1221
1082 1804
1082 1529
1082 1722
1083 1480
1083 1600
1084 1548
1084 1437
1084 1308
1085 1275
1085 1498
1085 1655
1086 1865
1088 1572
1089 1384
1089 1788
1089 1301
1090 1415
1090 1513
1091 1793
1091 1882
1092 1122
1092 1555
1092 1542
1093 1513
1093 1398
1094 1153
1095 1697
1095 1317
1096 1868
1097 1472
1099 1638
1100 1116
1101 1492
1102 1665
1102 1158
1102 1137
1102 1624
1102 1661
1102 1471
1104 1394
1104 1527
1104 1247
1108 1813
1108 1244
1109 1355
1109 1334
1110 1121
1110 1679
1110 1715
1110 1779
1110 1694
1112 1393
1112 1806
1112 1254
1113 1520
1113 1114
1113 1535
1115 1322
1115 1520
1115 1403
1118 1776
1119 1151
1120 1808
1120 1894
1120 1546
1120 1834
1120 1855
1122 1751
1123 1356
1124 1726
1125 1465
1126 1703
1126 1270
1126 1851
1127 1494
1127 1626
1128 1410
1129 1566
1130 1190
1130 1227
1130 1615
1130 1556
1131 1506
1131 1843
1132 1296
1132 1155
1133 1384
1134 1744
1134 1835
1135 1154
1135 1484
1136 1505
1136 1796
1136 1774
1136 1583
1136 1183
1138 1440
1138 1358
1138 1520
1138 1464
1138 1274
1139 1450
1140 1232
1140 1858
1140 1221
1141 1482
1141 1646
1141 1400
1142 1324
1143 1419
1143 1668
1143 1194
1143 1755
1145 1571
1145 1637
1145 1512
1146 1618
1148 1310
1149 1305
1150 1219
1150 1841
1150 1875
1151 1857
1151 1802
1151 1292
1151 1197
1152 1619
1152 1556
1153 1604
1154 1344
1154 1427
1154 1887
1155 1178
1157 1268
1157 1466
1158 1510
1159 1517
1159 1405
1160 1729
1160 1620
1161 1582
1163 1577
1163 1240
1163 1597
1164 1323
1164 1791
1165 1167
1165 1586
1165 1812
1165 1883
1166 1795
1166 1771
1166 1623
1168 1324
1169 1324
1169 1870
1170 1747
1170 1582
1171 1477
1171 1223
1171 1230
1172 1442
1173 1719
1174 1300
1175 1282
1175 1652
1176 1259
1177 1443
1179 1647
1179 1467
1180 1523
1180 1509
1182 1377
1182 1767
1182 1678
1182 1718
1183 1826
1183 1382
1183 1862
1183 1256
1183 1493
1183 1887
1184 1746
1184 1870
1185 1821
1186 1860
1187 1414
1187 1683
1188 1724
1189 1745
1189 1714
1191 1891
1191 1611
1191 1650
1192 1338
1193 1648
1193 1359
1193 1618
1193 1460
1193 1563
1193 1310
1196 1770
1196 1315
1198 1755
1198 1444
1198 1733
1198 1413
1200 1347
1200 1576
1200 1453
1200 1647
1200 1832
1200 1308
1202 1242
1202 1594
1203 1428
1203 1470
1204 1270
1204 1581
1204 1842
1204 1237
1204 1462
1204 1659
1205 1619
1205 1717
1206 1846
1207 1355
1207 1885
1208 1731
1209 1776
1209 1251
1210 1499
1211 1488
1211 1509
1212 1530
1214 1296
1214 1432
1214 1685
1215 1632
1215 1655
1216 1672
1216 1327
1216 1521
1217 1268
1218 1475
1219 1381
1219 1287
1220 1746
1220 1858
1220 1789
1220 1846
1221 1380
1221 1387
1221 1292
1221 1359
1221 1875
1222 1546
1222 1853
1223 1897
1223 1412
1224 1598
1225 1531
1225 1255
1225 1795
1225 1339
1225 1338
1226 1501
1227 1424
1227 1330
1228 1889
1228 1833
1228 1572
1228 1321
1228 1421
1228 1458
1228 1463
1229 1499
1229 1231
1231 1233
1233 1637
1233 1614
1234 1399
1238 1745
1238 1810
1239 1736
1240 1261
1240 1655
1240 1882
1240 1565
1241 1601
1243 1836
1244 1380
1245 1850
1245 1336
1247 1466
1248 1748
1248 1538
1248 1314
1249 1808
1250 1460
1250 1758
1250 1479
1251 1674
1251 1389
1251 1558
1251 1527
1252 1664
1252 1352
1252 1673
1254 1581
1254 1584
1256 1680
1257 1759
1259 1290
1259 1644
1260 1619
1260 1533
1261 1634
1261 1540
1261 1524
1261 1493
1261 1860
1262 1472
1262 1734
1263 1592
1264 1450
1264 1321
1265 1625
1265 1867
1266 1285
1266 1425
1266 1557
1266 1693
1267 1372
1267 1719
1270 1705
1270 1785
1271 1568
1273 1355
1273 1787
1274 1688
1276 1342
1276 1333
1277 1601
1277 1759
1278 1399
1278 1500
1280 1730
1281 1452
1281 1727
1281 1759
1282 1824
1283 1448
1283 1783
1284 1372
1284 1654
1285 1298
1287 1808
1288 1676
1288 1541
1288 1325
1288 1448
1288 1524
1288 1865
1288 1509
1289 1884
1289 1525
1290 1671
1292 1607
1292 1593
1293 1437
1294 1812
1296 1766
1296 1319
1297 1464
1297 1856
1298 1802
1298 1795
1299 1377
1299 1639
1299 1645
1299 1359
1300 1798
1300 1644
1300 1877
1302 1424
1302 1576
1302 1411
1303 1417
1304 1811
1304 1399
1305 1638
1305 1621
1306 1360
1307 1609
1307 1599
1307 1706
1308 1473
1308 1397
1309 1360
1310 1568
1311 1503
1313 1378
1313 1542
1314 1697
1314 1883
1316 1698
1316 1679
1318 1691
1318 1633
1319 1737
1319 1866
1320 1782
1321 1469
1322 1326
1323 1718
1325 1478
1326 1480
1326 1497
1326 1875
1327 1696
1330 1459
1330 1570
1331 1778
1331 1655
1331 1627
1331 1565
1333 1338
1333 1823
1334 1813
1335 1400
1335 1890
1337 1702
1340 1707
1340 1341
1341 1564
1341 1578
1342 1502
1346 1875
1347 1446
1350 1528
1351 1605
1351 1766
1351 1418
1351 1740
1352 1706
1353 1608
1353 1834
1353 1519
1354 1714
1354 1531
1355 1632
1355 1782
1355 1725
1356 1715
1359 1526
1359 1798
1363 1731
1363 1610
1363 1710
1364 1714
1365 1701
1366 1890
1368 1606
1368 1406
1369 1549
1371 1617
1371 1628
1372 1436
1373 1523
1373 1828
1373 1726
1374 1395
1374 1500
1374 1775
1376 1857
1377 1789
1377 1726
1378 1572
1378 1778
1381 1881
1382 1395
1383 1579
1383 1686
1384 1414
1385 1899
1385 1558
1386 1876
1386 1428
1386 1722
1387 1590
1389 1658
1389 1874
1390 1563
1391 1474
1391 1865
1391 1867
1392 1545
1392 1570
1392 1856
1393 1543
1393 1405
1394 1473
1395 1505
1395 1692
1396 1589
1397 1583
1399 1487
1399 1519
1400 1599
1400 1621
1401 1889
1401 1871
1403 1654
1404 1552
1406 1419
1406 1650
1406 1486
1406 1744
1406 1531
1407 1530
1407 1466
1407 1877
1408 1532
1409 1875
1409 1646
1411 1421
1411 1869
1413 1808
1414 1419
1414 1704
1414 1586
1414 1475
1417 1816
1418 1785
1419 1555
1422 1868
1423 1730
1424 1523
1424 1705
1425 1861
1425 1706
1425 1738
1425 1808
1427 1452
1428 1433
1428 1834
1429 1548
1430 1774
1433 1730
1434 1513
1435 1704
1435 1865
1435 1500
1437 1710
1438 1611
1439 1442
1442 1536
1442 1555
1449 1898
1451 1891
1452 1501
1453 1597
1453 1591
1455 1477
1455 1830
1455 1671
1455 1871
1456 1812
1459 1870
1461 1827
1462 1730
1462 1873
1462 1656
1466 1492
1467 1685
1467 1624
1469 1608
1469 1503
1470 1853
1470 1656
1470 1694
1470 1502
1471 1898
1472 1735
1472 1508
1473 1475
1474 1526
1474 1836
1474 1779
1474 1654
1476 1777
1476 1867
1477 1757
1478 1857
1478 1820
1481 1632
1481 1505
1481 1791
1484 1648
1485 1530
1485 1704
1485 1817
1487 1506
1487 1855
1489 1877
1491 1778
1492 1846
1493 1877
1494 1532
1498 1549
1500 1764
1502 1619
1503 1646
1503 1780
1506 1893
1506 1624
1509 1754
1510 1624
1511 1779
1513 1798
1515 1775
1519 1547
1519 1839
1520 1575
1521 1704
1523 1755
1524 1636
1527 1648
1528 1812
1528 1850
1530 1732
1533 1816
1533 1821
1534 1789
1535 1785
1536 1668
1539 1799
1542 1716
1543 1680
1545 1620
1546 1779
1547 1870
1549 1898
1549 1782
1552 1669
1554 1736
1555 1889
1555 1671
1555 1786
1557 1645
1557 1565
1558 1609
1560 1612
1563 1803
1564 1703
1565 1817
1565 1589
1567 1689
1567 1754
1570 1596
1570 1630
1571 1690
1573 1886
1574 1884
1574 1689
1574 1859
1575 1864
1575 1781
1576 1796
1577 1733
1579 1680
1580 1818
1580 1699
1581 1584
1584 1879
1586 1635
1586 1674
1587 1705
1587 1645
1589 1640
1591 1600
1591 1683
1592 1600
1593 1616
1595 1669
1595 1620
1596 1890
1599 1850
1599 1865
1601 1665
1601 1783
1603 1687
1610 1731
1611 1868
1612 1820
1612 1874
1613 1649
1614 1662
1615 1880
1619 1662
1620 1764
1620 1686
1620 1655
1622 1877
1625 1870
1626 1895
1627 1688
1627 1666
1627 1890
1630 1799
1633 1868
1635 1859
1635 1661
1635 1798
1636 1811
1640 1851
1641 1682
1642 1792
1642 1773
1642 1846
1642 1881
1649 1883
1651 1773
1654 1807
1655 1710
1660 1846
1664 1735
1666 1819
1670 1732
1670 1869
1670 1785
1677 1764
1680 1847
1680 1683
1684 1747
1688 1757
1693 1870
1695 1723
1697 1769
1697 1720
1700 1701
1706 1717
1710 1882
1712 1714
1713 1827
1716 1759
1719 1802
1721 1849
1724 1893
1725 1730
1725 1738
1728 1756
1731 1814
1731 1751
1734 1843
1738 1814
1739 1892
1743 1840
1746 1765
1749 1840
1749 1878
1749 1786
1753 1815
1761 1882
1763 1847
1765 1870
1769 1830
1769 1857
1780 1793
1782 1783
1788 1875
1791 1870
1792 1852
1794 1848
1795 1819
1799 1861
1799 1850
1802 1829
1805 1886
1808 1812
1808 1882
1811 1847
1817 1878
1820 1831
1820 1869
1830 1842
1831 1880
1840 1872
1845 1889
1857 1898
1866 1889
1868 1885
1879 1881
