0 1
0 39
0 331
0 238
0 435
0 405
0 277
1 576
1 199
1 296
1 407
1 626
1 691
1 214
1 375
1 696
2 512
2 226
2 651
2 145
2 51
2 282
2 667
3 576
3 345
3 186
3 592
3 143
4 289
4 199
4 233
4 587
4 593
4 595
4 155
5 615
5 425
5 560
5 469
5 58
5 250
5 126
6 353
6 260
6 109
6 591
6 17
6 115
6 87
6 94
7 554
8 545
8 689
8 392
8 395
8 206
8 520
8 658
8 477
8 511
9 518
9 295
9 620
9 402
9 149
9 663
9 379
9 477
9 318
10 616
10 554
10 214
10 59
10 508
10 223
11 544
11 643
11 164
11 38
11 198
11 657
11 652
11 621
11 272
11 593
11 658
11 675
11 182
11 197
12 570
12 419
12 268
12 405
12 541
13 128
13 258
13 163
13 230
13 135
13 39
13 51
13 244
13 277
13 184
13 543
14 627
14 491
14 612
14 267
14 208
14 307
14 502
14 23
14 314
14 477
14 222
15 187
15 229
15 134
15 525
16 33
16 548
16 390
16 104
16 42
16 524
16 468
17 19
17 612
17 679
17 425
17 663
17 82
17 51
17 438
17 503
17 122
17 605
18 97
18 685
18 268
18 77
18 463
18 338
18 189
18 190
19 559
19 84
19 85
19 54
19 668
19 437
20 580
20 359
20 135
20 463
20 120
20 511
20 287
21 608
21 552
21 200
21 619
21 622
21 401
21 563
21 442
22 385
22 566
22 489
22 395
22 492
22 622
22 654
22 374
22 23
22 472
22 189
23 515
23 137
23 394
23 429
23 145
23 504
24 162
24 679
24 650
24 587
24 492
24 615
25 235
25 613
25 390
25 617
25 299
25 80
25 52
25 218
25 348
25 378
25 459
26 192
26 622
26 430
27 304
27 35
27 28
27 309
27 631
28 357
28 360
28 239
28 90
28 655
28 442
28 127
29 89
29 467
29 500
29 357
30 610
30 395
30 104
30 587
30 652
30 237
30 112
30 318
31 162
31 70
31 106
31 184
31 501
31 151
31 120
31 572
31 509
32 672
32 485
32 343
32 695
32 686
32 118
32 375
32 319
33 90
33 358
34 387
34 324
34 41
34 523
34 620
34 141
34 79
35 388
35 458
35 689
35 274
35 500
35 284
36 368
36 649
36 538
36 357
37 483
37 484
37 243
37 451
37 335
37 83
37 566
38 323
38 298
38 270
38 143
38 246
38 92
38 330
39 225
39 355
39 71
39 617
39 267
39 528
39 109
39 359
39 384
39 659
39 150
39 635
40 377
40 387
40 197
40 461
41 289
41 168
41 42
41 680
41 635
41 351
42 304
42 67
42 214
42 425
42 637
43 644
43 667
43 396
43 415
45 297
45 436
45 302
45 270
45 287
46 192
46 544
46 553
46 559
46 144
46 244
46 60
46 446
47 231
47 488
47 233
47 428
47 49
47 182
47 379
48 417
48 187
48 135
48 520
48 201
48 680
48 496
48 337
48 245
48 630
48 425
48 159
48 191
49 128
49 160
49 76
49 172
49 464
49 544
49 479
50 544
50 242
50 436
50 370
50 686
51 290
51 237
51 146
51 510
51 159
52 161
52 613
52 615
52 563
52 534
52 447
53 452
53 76
53 389
53 607
54 512
54 230
54 683
54 115
54 55
54 605
55 64
55 699
55 596
55 390
56 672
56 356
56 489
56 76
56 534
56 314
56 222
57 432
57 161
57 484
57 358
58 160
58 544
58 679
58 267
58 428
58 592
58 119
59 161
59 581
59 359
59 369
59 370
60 385
60 423
60 136
60 167
60 367
60 598
60 567
60 696
61 257
61 67
61 325
61 614
61 423
61 572
61 515
61 440
61 601
61 252
61 670
62 585
62 458
62 268
62 686
62 405
62 697
62 346
62 221
63 320
63 448
63 195
63 545
63 104
63 553
63 212
63 278
64 418
64 584
64 333
64 338
64 180
64 286
65 441
65 604
65 501
65 609
66 225
66 347
66 325
66 168
66 685
66 239
66 304
66 616
66 627
66 468
66 123
67 587
67 331
67 365
67 562
67 170
68 232
68 265
68 655
68 360
68 663
68 380
68 125
69 305
69 292
69 133
70 330
70 459
70 507
70 442
71 131
71 516
71 646
71 616
71 428
71 441
72 104
72 352
72 546
73 513
73 482
73 451
73 650
73 87
73 461
73 335
73 244
73 247
74 560
74 325
75 132
75 265
75 267
75 484
75 271
75 527
75 153
75 283
76 291
76 237
76 176
76 242
76 594
76 345
76 120
77 451
77 556
77 559
77 531
77 382
78 352
78 297
78 174
78 576
79 673
79 163
79 551
79 130
79 367
79 528
79 403
80 568
80 690
80 537
80 199
81 641
81 398
81 254
81 118
81 301
82 137
82 194
82 456
82 89
83 232
83 541
83 112
83 115
83 310
83 281
83 157
83 287
84 99
84 230
84 243
84 106
84 407
84 697
84 380
84 317
84 574
85 505
85 460
85 394
85 396
85 144
85 279
85 600
85 345
86 297
86 109
86 141
86 340
86 150
86 408
86 251
86 412
86 222
87 545
87 167
87 171
87 498
87 505
88 450
88 487
88 681
88 578
88 400
88 371
89 358
89 104
89 623
89 122
90 129
90 360
90 334
90 400
90 533
90 566
90 410
91 577
91 547
91 171
91 365
91 272
91 346
92 576
92 481
92 458
92 568
92 285
93 336
93 688
93 615
93 303
94 388
94 646
94 585
94 300
94 557
94 337
94 604
95 324
95 363
95 653
95 177
95 310
95 156
96 320
96 508
96 589
97 233
97 652
97 333
97 366
97 345
97 123
98 675
98 588
98 406
98 312
98 540
98 414
99 512
99 418
99 323
99 580
99 369
99 374
100 168
100 489
100 586
100 497
100 658
100 563
100 180
100 310
100 503
100 313
100 253
101 569
101 337
101 628
101 181
101 121
101 409
102 464
102 571
102 455
102 233
102 336
102 595
102 502
102 607
102 347
102 447
103 136
103 638
103 534
104 226
104 135
104 404
104 276
104 663
104 284
105 448
105 385
105 131
105 310
106 360
107 528
107 258
107 357
107 646
107 682
107 642
107 654
107 335
107 176
107 310
107 122
107 581
108 193
108 246
108 673
108 617
108 606
108 438
108 153
108 156
108 510
109 547
109 612
109 367
109 176
109 145
109 275
109 473
109 380
110 548
110 264
110 365
110 350
110 253
110 382
110 511
111 490
111 235
111 210
111 659
111 156
111 670
112 553
112 305
112 658
112 408
113 386
113 419
113 197
113 360
113 586
113 435
113 413
114 588
114 579
114 327
114 393
114 331
114 492
114 626
114 307
114 181
115 640
115 387
115 396
115 339
115 319
116 560
116 451
116 458
116 495
116 400
116 689
117 592
117 419
117 329
117 623
117 336
117 122
117 670
117 607
118 576
118 357
118 522
118 207
118 178
118 468
118 245
118 408
119 513
119 662
119 214
119 575
120 581
120 397
120 559
120 593
120 570
120 287
121 161
121 593
121 616
121 458
121 145
121 243
121 298
121 575
122 449
122 228
122 453
122 392
122 561
122 398
122 241
122 274
122 615
122 575
123 311
124 641
124 386
124 520
124 618
124 235
124 346
124 699
124 351
125 176
125 292
125 448
125 446
126 640
126 353
126 548
126 526
126 401
126 150
126 633
126 217
126 351
127 384
127 621
127 239
127 659
127 439
127 442
127 207
127 511
128 195
128 197
128 552
128 169
128 270
128 573
128 563
128 375
128 665
128 541
129 577
129 290
129 197
129 682
129 216
130 483
130 228
130 333
130 500
130 248
131 672
131 547
131 362
131 204
131 365
131 274
131 595
131 633
131 524
132 487
132 396
132 206
132 528
132 599
132 344
132 538
133 635
133 595
133 340
133 301
134 316
134 268
134 529
134 372
134 569
134 156
134 575
135 615
135 269
135 566
135 441
135 527
136 368
136 490
136 176
136 658
136 406
137 304
137 463
137 272
137 689
137 211
137 696
138 608
138 324
138 329
138 236
138 398
138 599
138 541
138 415
139 641
139 293
139 171
139 460
139 208
139 535
139 411
139 549
140 672
140 642
140 604
141 320
141 484
141 485
141 241
141 306
141 408
141 444
142 258
142 166
142 299
142 152
142 249
142 250
142 187
143 386
143 581
143 670
143 565
143 407
143 667
143 606
143 677
144 184
144 393
144 571
145 452
145 677
145 187
145 220
145 222
145 511
146 558
146 623
146 436
146 245
146 220
147 656
147 661
147 325
147 590
147 455
148 400
148 153
148 362
148 172
148 585
149 509
149 406
149 529
150 193
150 646
150 262
150 521
150 650
150 651
150 240
151 256
151 457
151 235
151 268
151 303
151 495
151 470
151 215
151 505
151 251
151 284
152 542
153 461
153 477
154 614
154 522
154 684
154 270
154 368
154 568
154 572
154 477
155 264
155 581
155 287
156 417
156 227
156 269
156 375
156 184
157 640
157 354
157 643
157 498
157 574
158 614
158 263
158 424
158 489
158 504
158 596
158 408
159 353
159 323
159 557
159 622
159 563
159 400
159 664
159 414
160 691
160 173
160 242
161 484
161 616
161 617
161 684
161 495
161 309
161 662
161 216
162 419
162 326
162 365
162 430
162 271
162 688
162 562
162 438
162 495
163 434
163 375
163 510
164 627
164 355
164 550
164 615
164 238
164 611
164 692
165 480
165 476
165 300
165 596
165 612
166 640
166 427
166 329
166 395
166 268
166 643
166 430
166 510
167 596
167 537
167 601
168 648
168 414
169 484
169 268
169 446
169 584
170 683
170 173
170 189
171 370
171 631
171 188
172 582
172 276
173 584
173 691
173 628
173 568
173 315
173 234
174 504
175 677
175 527
175 464
175 499
175 566
175 503
175 282
175 379
176 590
176 563
176 281
177 544
177 289
177 295
177 302
177 272
177 597
177 656
177 315
177 189
178 352
178 324
178 229
178 521
178 586
178 630
178 238
178 573
178 594
178 558
178 477
179 320
179 642
179 420
179 669
179 307
179 691
179 220
179 573
180 480
180 355
180 231
180 271
180 467
180 410
181 520
181 490
181 688
181 343
182 480
182 672
182 277
182 541
183 611
183 639
183 591
183 436
183 383
184 196
184 406
185 193
185 614
185 513
185 425
185 369
185 415
186 354
186 413
186 227
187 481
187 593
187 553
187 404
188 645
188 680
188 558
188 624
188 370
188 598
189 288
189 356
189 406
189 653
189 531
189 597
189 251
190 552
190 437
190 454
191 286
192 448
192 512
192 234
192 491
192 667
192 477
193 662
193 651
193 559
193 467
193 659
193 663
193 443
193 446
194 515
194 296
194 266
194 656
194 234
194 319
195 512
195 532
195 302
196 649
196 696
196 438
196 279
197 546
197 292
197 416
197 404
197 468
198 387
198 362
198 686
198 401
198 276
198 437
198 566
198 663
198 632
198 602
198 412
199 226
199 549
199 304
199 336
199 591
200 416
200 474
200 622
201 331
201 485
202 225
202 675
202 212
202 346
202 283
202 570
203 240
203 490
203 524
203 606
204 361
204 657
205 608
205 664
205 250
205 659
205 326
206 262
206 562
206 531
206 629
206 662
206 699
206 444
206 381
207 396
207 430
207 337
207 663
207 569
208 260
208 498
208 564
208 662
208 249
209 506
209 615
210 609
210 294
210 425
210 363
210 688
210 309
210 601
210 508
211 236
211 628
211 533
211 344
211 413
211 383
212 416
212 388
212 261
212 556
212 332
212 453
213 438
213 246
213 654
214 652
214 467
215 577
215 515
215 455
215 396
215 278
215 222
215 351
216 540
216 333
216 623
216 690
216 348
217 420
217 427
217 686
217 467
217 505
217 284
217 415
218 224
218 338
218 384
218 643
219 613
219 296
219 650
219 364
219 269
219 463
219 343
220 611
220 387
220 533
220 278
220 632
220 569
220 446
221 298
221 331
221 303
221 690
221 696
221 330
222 424
222 271
222 697
222 477
222 255
223 264
223 653
223 272
223 691
223 663
223 476
224 676
224 569
224 651
224 334
224 601
224 473
224 284
225 291
225 629
225 304
225 565
225 505
225 597
226 579
226 258
226 367
226 546
226 538
226 303
227 461
227 590
227 564
227 502
227 414
228 331
228 589
228 558
228 606
229 647
229 234
229 332
229 243
229 310
230 581
230 262
230 678
230 461
230 691
230 623
231 453
231 360
231 329
231 432
231 502
231 670
232 452
232 450
232 491
233 668
233 679
233 392
233 623
233 494
233 400
233 475
233 604
233 543
234 385
234 673
234 258
234 622
234 656
234 658
234 537
234 640
235 320
235 354
235 612
235 423
235 284
235 594
235 312
235 573
236 513
236 300
236 240
236 339
236 667
237 482
238 602
239 324
239 261
239 476
239 490
239 505
239 415
240 409
240 319
240 575
241 515
241 696
241 337
241 568
241 382
242 289
242 584
242 401
242 468
243 673
243 518
243 509
244 427
244 501
244 438
245 325
245 406
245 598
246 305
246 410
246 252
247 579
247 569
247 412
247 286
247 415
248 441
248 266
248 590
248 607
249 688
249 591
249 467
249 601
249 542
250 458
250 566
251 562
251 567
251 315
252 688
252 557
252 407
253 673
253 690
253 639
254 449
254 549
254 497
254 364
254 336
254 603
255 640
255 521
255 466
255 538
255 445
256 331
256 303
256 588
257 295
257 429
257 368
257 469
257 598
257 444
257 383
258 385
258 517
258 680
258 265
258 621
258 272
258 307
258 311
258 343
258 665
258 687
259 346
259 418
260 616
260 403
260 501
261 640
261 491
261 588
261 318
262 323
262 460
262 341
262 698
262 654
263 577
263 486
263 620
263 271
263 435
263 414
263 542
264 451
264 429
264 282
265 420
265 518
265 432
265 446
266 630
266 395
266 504
266 310
266 281
267 640
267 353
268 622
268 310
268 377
268 283
268 317
269 322
269 684
269 572
269 524
269 533
270 320
270 698
270 308
270 407
270 605
271 301
271 654
271 624
271 500
272 438
272 617
272 633
272 282
273 515
273 597
273 382
273 647
274 584
274 529
274 404
274 407
274 350
275 513
275 507
275 534
276 394
276 488
276 474
277 580
277 406
277 691
277 599
277 318
278 352
278 553
278 615
278 521
278 650
278 335
278 529
278 306
278 569
279 513
279 493
279 496
279 337
279 562
279 662
279 508
280 683
280 496
280 628
280 309
280 601
280 313
281 464
281 521
281 620
281 342
281 506
282 292
282 595
282 696
282 541
283 647
283 536
283 404
283 472
283 571
284 646
284 521
284 620
284 661
285 316
285 668
285 541
286 673
286 610
286 586
286 656
286 434
286 435
286 661
287 323
287 531
287 561
287 629
287 441
288 600
288 556
288 526
289 448
289 335
289 660
289 309
289 632
290 528
290 624
290 647
291 578
291 643
291 673
291 683
291 463
291 596
291 566
292 452
292 558
293 428
293 420
293 589
293 671
294 417
294 420
294 686
294 630
294 572
295 427
295 695
295 563
295 309
295 343
296 654
297 459
297 687
298 681
298 619
298 693
298 575
299 410
299 405
300 321
300 324
300 652
300 633
300 667
300 453
301 567
301 685
301 527
301 471
302 358
303 326
303 524
304 483
304 584
304 507
305 632
305 324
306 338
306 589
306 439
307 526
307 435
307 601
307 569
308 676
308 454
308 531
308 692
308 415
308 479
309 483
309 557
309 521
309 330
309 338
309 686
309 495
309 528
309 668
309 522
309 447
310 475
310 586
311 477
311 527
312 351
313 487
313 664
313 332
313 568
313 452
314 449
314 578
314 651
314 344
314 404
314 474
315 485
315 428
315 572
316 644
316 532
316 469
316 632
316 474
317 506
317 459
317 699
319 604
319 484
319 329
319 686
319 437
319 345
319 380
319 607
320 612
320 549
320 571
321 629
321 549
321 511
322 568
322 379
322 476
323 578
323 338
323 579
323 532
323 350
324 545
324 371
324 538
325 625
326 544
326 358
326 682
326 693
326 409
327 448
327 456
327 457
327 371
327 681
327 345
328 601
328 628
329 501
329 406
329 347
329 606
330 681
331 518
331 681
332 492
332 690
332 440
332 412
333 605
334 344
334 533
335 509
335 477
336 688
336 341
337 524
337 492
337 442
337 637
338 514
338 462
338 529
338 438
338 686
339 515
339 625
339 530
340 386
340 615
340 605
340 693
340 374
340 375
340 410
340 539
340 477
341 628
342 512
342 395
342 364
342 401
342 378
342 699
343 475
343 636
344 609
344 390
344 555
344 504
345 617
345 554
345 688
345 571
345 477
346 616
347 642
347 406
347 671
348 631
348 357
348 409
349 696
349 569
349 451
349 493
349 459
350 641
350 388
350 559
350 369
350 504
350 569
351 372
351 438
351 637
352 644
352 558
352 568
352 382
352 629
353 586
353 529
353 536
354 667
354 678
354 496
354 501
354 411
355 607
356 415
357 621
357 388
358 617
358 495
358 595
358 440
359 527
359 537
359 477
360 387
360 444
360 368
360 586
360 585
360 522
361 377
361 422
361 439
362 583
362 451
362 502
362 377
362 571
363 609
363 578
363 522
363 536
364 642
364 621
364 467
364 505
364 474
364 476
364 669
365 449
365 586
365 491
365 402
365 381
366 625
366 513
366 397
366 375
367 636
367 526
367 542
368 387
368 436
368 437
368 509
368 639
369 577
369 494
369 378
369 607
370 490
371 613
371 524
371 433
371 434
371 382
372 386
372 428
373 590
374 449
374 555
374 460
374 427
374 428
374 521
374 634
374 492
375 595
376 379
377 519
377 566
378 493
378 397
379 420
379 557
379 606
380 544
381 428
381 438
382 513
383 679
383 456
383 554
383 493
383 527
383 528
384 602
384 462
384 561
384 695
384 410
385 640
385 575
386 480
386 455
386 599
386 607
387 388
387 485
388 611
388 585
388 684
388 561
389 668
389 628
390 566
391 547
393 560
393 515
393 532
393 415
394 416
394 652
394 496
394 403
395 636
395 521
395 497
395 410
395 604
396 627
396 680
396 489
396 403
396 415
397 587
397 569
397 511
398 690
398 563
398 503
399 498
400 544
400 593
400 464
400 433
400 666
401 518
401 431
401 663
402 544
402 586
402 652
402 405
402 446
403 424
403 631
403 510
404 641
404 499
404 596
404 661
406 487
406 430
406 503
407 493
407 589
407 447
408 492
408 511
409 427
409 473
410 535
410 505
411 576
411 647
411 686
411 530
412 679
412 652
412 698
413 484
413 507
415 610
415 663
416 418
416 524
416 623
416 441
416 458
416 479
417 617
417 523
418 503
418 567
419 681
419 468
421 594
421 579
422 509
423 573
425 661
426 696
426 490
426 563
427 672
427 435
428 449
428 611
428 536
429 602
429 647
430 641
430 483
430 561
430 695
430 655
431 688
431 694
431 601
432 607
432 653
433 533
433 438
434 650
434 662
435 541
435 447
436 687
436 699
437 485
437 439
438 695
439 685
439 526
439 564
441 681
441 653
443 464
443 634
443 476
443 553
444 587
444 518
444 555
444 695
444 475
445 591
445 684
445 622
445 582
446 512
446 485
446 649
447 546
447 692
448 651
448 660
448 630
448 681
448 633
448 508
449 610
449 645
449 556
450 610
450 606
451 666
451 613
452 581
452 677
453 647
453 590
453 472
454 621
454 526
454 589
455 590
455 531
455 676
456 483
456 477
456 639
457 510
458 467
459 686
459 476
460 518
460 463
460 464
460 498
460 559
460 639
461 628
461 603
462 693
462 679
463 676
465 581
465 550
465 630
465 526
465 534
465 473
465 638
465 549
466 547
466 487
466 623
466 625
466 693
466 669
467 480
467 640
467 477
467 634
468 556
468 593
468 659
470 525
471 520
471 668
471 653
472 591
472 573
473 564
474 537
475 614
475 498
476 641
476 488
476 654
476 688
476 535
477 556
477 597
478 607
478 637
478 502
478 543
479 482
479 600
480 674
480 666
481 588
481 493
482 515
484 685
484 693
484 636
486 515
486 508
486 502
487 564
488 638
489 502
489 699
491 554
491 668
492 688
492 534
492 496
493 575
494 557
494 550
495 552
495 596
496 536
497 609
497 682
497 587
497 540
497 607
498 545
498 611
498 581
498 635
498 699
499 520
499 688
500 610
500 686
502 666
502 509
503 577
503 560
504 613
504 570
506 644
507 651
507 541
508 591
510 683
511 611
511 589
512 641
512 584
512 596
513 671
516 689
517 655
518 537
518 542
519 523
520 618
520 684
521 576
521 542
522 622
522 603
522 669
523 678
524 564
524 619
524 542
525 619
525 614
526 672
526 645
526 589
526 660
526 661
527 656
531 566
532 615
532 602
533 687
533 632
534 545
534 550
534 620
535 644
535 555
535 556
537 548
537 567
538 645
538 695
538 572
539 603
539 653
541 550
541 680
542 609
542 612
543 629
543 569
544 595
545 691
546 610
547 644
547 649
547 661
547 569
548 648
548 650
549 597
551 666
551 679
553 644
554 600
554 607
555 619
556 686
557 672
557 636
557 685
558 573
559 642
559 669
559 637
561 693
564 585
565 585
566 654
567 684
567 630
568 645
568 646
568 598
568 635
568 677
571 592
571 578
571 646
571 680
571 591
572 632
573 583
576 645
576 688
577 650
579 697
579 607
582 619
584 685
585 679
585 688
586 690
587 613
588 650
589 689
590 626
591 594
591 634
592 608
592 672
593 699
593 692
594 615
594 668
595 598
596 641
596 627
599 601
600 654
601 676
602 652
603 668
605 625
605 682
606 609
611 647
613 623
614 650
615 646
615 627
619 637
621 651
621 647
623 654
624 675
626 680
626 638
627 629
627 667
628 648
628 670
629 690
630 641
630 643
631 685
631 658
633 687
636 688
637 694
638 652
638 686
638 688
640 679
641 645
643 654
643 668
645 683
651 682
651 655
658 666
660 677
663 698
667 676
667 678
669 676
669 682
674 679
679 693
690 698
690 693
