0 575
1 313
1 540
1 486
1 567
2 209
2 658
2 573
3 168
3 377
3 426
3 617
3 481
4 443
4 229
4 158
5 354
5 259
5 140
5 302
5 400
5 53
5 85
6 146
6 662
7 172
8 168
8 354
8 61
8 166
9 635
9 108
10 48
10 579
11 617
11 36
11 653
11 366
11 591
12 41
12 196
13 168
13 513
13 648
13 422
14 392
14 388
14 541
14 287
15 545
15 483
15 84
15 151
16 404
16 550
16 478
17 680
17 73
17 318
17 134
17 621
18 171
19 292
19 614
19 390
19 455
19 40
19 405
19 406
19 344
19 91
20 608
20 513
20 82
21 237
22 668
22 666
22 52
22 469
23 651
23 525
23 205
23 342
23 409
23 669
23 95
24 32
24 320
24 98
24 674
24 376
25 545
25 322
25 291
26 507
26 444
27 120
27 531
27 202
27 483
27 678
28 183
28 174
28 528
28 563
28 117
28 663
29 47
29 31
30 336
30 108
30 477
30 350
31 65
31 52
32 581
33 432
33 625
33 550
34 69
34 463
35 186
35 677
36 561
36 390
37 328
37 415
38 396
38 86
39 97
40 525
41 295
41 425
41 340
41 309
41 457
41 216
41 697
42 142
42 54
43 394
43 323
44 560
44 174
45 416
45 488
45 234
45 109
46 640
47 658
47 597
48 51
48 644
48 55
49 165
50 687
50 163
50 389
50 477
51 697
51 146
51 189
52 134
52 77
53 239
54 636
54 658
54 342
55 66
55 259
55 524
56 512
56 348
57 556
57 284
58 92
58 91
58 68
58 628
58 233
59 416
59 573
59 494
60 368
60 70
60 159
61 108
61 159
62 675
63 138
64 331
64 257
64 266
64 195
64 434
66 668
66 663
66 660
67 513
67 443
67 172
68 628
68 428
68 349
68 695
69 657
69 675
69 629
69 697
70 328
70 587
70 255
71 194
72 256
72 508
72 148
72 561
73 232
73 467
73 271
74 609
74 587
74 395
74 118
74 279
75 337
75 158
76 672
76 324
76 197
76 518
76 690
76 471
77 387
77 134
77 429
77 180
77 376
79 281
79 319
80 494
81 497
81 460
81 565
82 576
82 666
82 198
83 620
84 160
84 303
84 605
85 233
85 370
85 115
86 557
86 583
86 238
86 407
87 575
88 448
88 102
88 391
88 599
88 199
88 311
88 93
88 606
88 479
89 288
89 561
89 314
89 214
89 591
90 405
91 448
91 334
91 240
91 276
91 570
92 200
92 633
92 381
92 605
93 226
93 535
93 310
93 423
94 593
94 539
94 437
95 272
95 576
95 379
95 573
96 434
97 512
97 130
97 589
97 561
97 469
97 447
98 467
98 148
99 583
99 343
99 111
102 661
103 631
103 245
103 135
104 189
104 413
105 424
105 466
106 371
106 285
106 670
106 247
107 200
108 234
108 457
108 265
110 226
110 163
110 278
110 150
110 597
111 563
111 550
112 208
112 650
113 422
113 615
114 193
114 660
114 644
114 326
115 315
116 377
117 481
118 123
119 458
120 522
120 654
120 126
120 693
121 501
121 243
121 628
121 357
121 423
122 562
122 323
122 535
123 240
123 656
123 549
124 626
124 642
124 637
124 254
124 335
125 555
126 196
126 254
128 248
128 353
128 482
128 333
128 373
129 368
129 484
130 522
130 261
131 243
132 209
132 294
132 207
133 515
133 539
133 330
133 331
133 442
134 219
135 506
135 548
136 473
138 152
138 412
138 245
139 227
140 621
141 538
141 310
142 387
142 660
142 406
143 543
144 312
144 666
144 627
144 686
145 691
145 522
145 259
145 149
146 400
146 596
147 288
147 154
147 179
147 285
147 638
148 435
149 425
150 577
150 258
150 268
150 691
150 502
150 379
151 241
151 341
151 693
152 193
152 583
152 263
152 653
152 273
152 474
153 683
154 479
155 461
155 646
156 280
156 451
156 676
156 598
157 184
158 573
158 581
159 565
159 447
159 175
160 180
160 291
160 441
161 258
161 508
161 429
161 495
162 658
162 166
163 213
164 522
165 226
165 251
165 665
166 236
166 567
167 569
167 174
168 438
168 662
168 287
169 549
170 683
170 365
171 548
171 261
172 288
172 649
172 492
173 600
173 680
173 269
173 286
174 552
174 556
174 371
175 635
175 334
176 358
176 265
176 593
176 692
176 504
176 468
177 516
178 546
178 692
179 489
179 372
179 654
180 581
180 654
180 698
180 254
180 261
182 233
182 590
183 568
183 265
183 235
183 678
184 589
185 381
185 455
186 363
186 266
186 454
187 465
187 195
187 358
188 265
189 253
189 621
190 216
190 274
190 394
191 226
191 364
191 655
191 624
191 309
191 663
192 448
192 643
192 684
193 689
193 534
194 210
194 403
194 647
195 298
195 581
196 617
196 591
196 663
196 669
197 615
197 427
197 471
198 607
198 511
198 247
199 441
199 334
199 254
199 593
200 274
200 499
200 214
200 412
202 488
202 553
202 282
202 268
203 664
203 209
203 355
203 558
204 315
204 540
204 342
204 583
205 288
205 265
205 496
205 597
206 315
206 583
209 256
209 415
210 328
210 311
210 228
210 255
211 433
211 593
212 384
212 545
212 577
213 320
213 326
215 290
215 518
215 621
215 436
215 440
215 255
216 582
217 635
217 420
217 453
218 698
219 298
219 542
219 228
219 357
220 338
220 363
223 360
224 417
224 487
225 256
226 352
226 359
226 370
226 344
226 542
227 246
228 282
228 499
229 393
229 358
230 482
230 331
230 573
231 241
231 554
231 396
232 324
233 612
233 527
233 338
234 692
234 674
234 255
235 503
237 557
237 451
237 594
237 255
238 390
238 592
238 497
238 530
238 415
239 530
240 326
240 656
240 436
240 340
241 538
241 511
241 647
242 648
243 580
243 373
243 390
244 650
244 247
245 368
245 626
247 290
247 517
247 491
247 558
248 611
248 422
248 414
249 604
249 566
250 320
250 419
250 390
250 681
250 592
250 595
251 466
251 692
252 272
253 359
255 502
256 497
256 421
257 617
257 290
257 627
257 351
259 475
259 329
260 593
260 522
260 435
260 453
261 288
261 643
261 298
261 499
261 341
261 286
262 474
262 343
263 329
263 339
266 618
266 562
267 384
267 473
267 430
267 487
268 454
268 493
269 619
270 323
270 638
270 367
271 603
271 329
272 332
272 546
272 374
273 466
273 684
273 598
273 574
274 388
274 648
274 344
274 575
275 322
275 540
276 618
276 599
277 538
277 445
279 376
279 576
279 591
280 523
281 300
281 306
281 557
281 689
281 626
281 603
282 671
284 434
284 483
284 569
285 321
285 356
285 636
286 461
286 497
286 498
286 446
287 320
287 648
289 625
289 643
290 521
291 671
292 298
292 452
292 566
293 369
293 394
293 671
294 517
295 443
296 422
297 440
297 674
298 692
298 570
300 469
300 542
300 391
301 357
302 631
302 419
302 623
303 683
304 684
305 627
307 546
307 531
307 668
307 431
309 647
310 548
310 326
310 652
310 691
311 327
312 424
313 561
313 335
314 325
316 376
316 689
316 620
317 584
317 587
318 340
318 609
319 479
319 692
320 577
320 578
320 325
320 694
320 463
320 438
321 496
321 682
321 605
322 403
324 492
324 371
325 512
325 689
325 553
326 683
326 446
327 634
327 559
327 477
328 692
328 537
328 639
329 480
329 649
329 694
330 624
330 650
330 606
331 649
331 554
331 660
331 635
332 409
332 616
333 521
333 335
334 459
334 491
334 412
335 584
335 374
336 494
337 485
337 398
338 512
338 429
339 588
339 375
339 428
340 693
340 568
341 605
342 431
344 587
344 363
344 655
344 504
344 350
345 665
345 396
347 426
347 555
347 431
348 677
349 584
349 594
351 641
352 531
353 376
354 385
354 693
354 389
355 696
356 557
357 696
358 474
358 535
359 607
359 643
359 479
360 523
361 436
362 480
363 667
364 519
364 412
364 669
365 380
367 398
369 453
369 430
369 383
370 622
370 381
371 430
372 419
373 392
373 687
374 553
375 391
376 387
376 413
377 635
378 682
378 635
378 437
380 576
380 564
382 529
382 612
382 679
383 514
383 660
385 688
385 660
385 495
388 515
388 392
388 557
388 643
389 609
389 674
391 564
392 636
392 583
394 594
394 658
396 450
396 445
397 641
397 517
397 542
397 621
398 414
400 663
402 496
403 618
403 638
405 410
405 518
406 472
406 674
408 496
408 423
410 647
410 436
410 605
412 665
412 698
413 587
414 490
414 669
414 604
414 605
415 615
416 657
416 473
416 545
417 456
417 485
418 539
418 519
419 474
422 582
422 690
423 563
423 502
427 675
429 506
430 567
433 437
433 463
434 668
434 690
437 608
437 543
438 595
439 482
440 648
440 458
440 635
441 512
442 487
444 582
445 558
446 624
446 615
449 656
450 532
450 522
450 609
451 521
451 522
452 664
454 682
455 558
458 687
458 548
459 613
460 636
462 492
462 478
463 553
464 600
464 562
464 573
464 574
465 648
465 658
465 524
465 566
466 522
467 479
468 694
470 644
474 670
477 566
477 514
478 570
478 623
479 644
479 519
479 493
480 616
481 520
482 649
482 671
483 699
485 640
485 651
486 588
487 666
488 668
488 684
488 516
490 541
491 545
491 659
493 659
494 634
495 625
496 518
497 626
498 644
498 685
499 681
499 694
500 683
501 614
501 590
502 684
502 688
502 568
504 589
506 585
507 627
507 668
510 669
513 551
514 521
514 647
514 662
515 551
517 602
518 575
519 524
520 588
520 633
521 622
522 672
523 687
524 542
525 589
527 622
527 697
528 624
529 560
529 684
531 541
533 640
533 575
534 594
535 540
536 556
538 582
538 616
538 690
538 633
539 638
542 587
542 642
542 633
543 580
544 592
544 595
544 587
545 578
545 602
549 592
552 661
555 655
557 623
557 665
560 696
561 611
561 645
561 582
562 675
564 601
566 683
566 638
567 662
569 665
571 573
572 628
574 627
575 587
576 587
578 635
580 635
580 643
584 622
585 611
586 657
587 634
588 673
592 669
597 613
599 640
602 648
604 697
606 677
609 691
613 638
615 622
622 644
624 660
626 647
626 671
630 693
635 641
637 692
639 657
639 659
640 663
643 652
652 670
664 685
672 699
675 689
