0 452
0 1004
0 556
0 1138
0 849
0 818
0 985
0 123
0 637
1 1417
1 174
1 658
1 1015
1 952
1 604
1 734
2 416
2 3
2 997
2 1094
2 39
2 1321
2 76
2 79
2 1269
2 567
2 1082
2 252
3 4
3 69
3 297
3 1545
3 1555
3 1109
3 694
3 873
3 1306
3 478
4 833
4 1302
4 438
4 1512
4 818
4 1374
4 1141
4 150
4 282
4 1020
4 254
5 1505
5 1346
5 1318
5 465
5 523
5 701
5 1328
5 273
5 1521
5 1012
5 1469
5 221
6 704
6 424
6 624
6 1080
6 120
6 218
6 1288
7 32
7 1360
7 260
7 263
7 557
7 175
7 1072
7 1456
7 1113
7 1400
7 836
7 250
7 975
7 1583
7 826
7 1535
8 706
8 1091
8 1156
8 773
8 614
8 1328
8 404
8 508
8 511
9 1382
9 806
9 1257
9 236
9 1585
9 1043
9 1498
9 860
9 1118
10 33
10 130
10 1253
10 201
10 1002
10 258
10 1581
10 850
10 371
10 1282
10 1310
10 1366
10 1080
10 731
10 1354
10 894
10 1349
11 96
11 1090
11 355
11 1318
11 1094
11 456
11 41
11 1003
11 684
11 1282
11 1169
11 1011
11 532
11 1001
11 505
11 1387
11 381
12 675
12 1030
12 1483
12 1484
12 109
12 758
12 1207
12 280
12 281
12 1019
12 412
12 286
13 482
13 200
13 1520
13 1334
13 567
13 921
13 1180
13 574
14 736
14 417
14 1509
14 902
14 577
14 520
14 1545
14 1088
14 1067
14 1426
14 1104
14 146
14 1588
14 21
14 599
14 24
14 729
15 162
15 657
15 236
15 1506
15 221
15 48
15 369
15 246
15 472
15 570
15 827
15 93
16 1173
16 1074
16 1046
16 211
16 1225
16 210
16 110
16 1198
16 689
16 178
16 371
16 404
16 691
16 1014
16 535
16 1049
16 1307
16 1084
16 765
16 981
17 1155
17 1380
17 76
17 527
17 627
17 723
17 922
17 975
17 540
17 447
18 192
18 1448
18 36
18 40
18 269
18 1517
18 113
18 1106
18 724
18 248
18 350
19 160
19 384
19 1243
19 832
19 769
19 712
19 460
19 1482
19 204
19 288
19 752
19 936
19 852
19 1470
19 1594
19 215
19 57
19 762
19 1179
19 797
19 1438
20 35
20 371
20 628
20 1014
20 695
20 218
20 1022
21 1184
21 1029
21 523
21 1356
21 463
21 978
21 661
21 791
21 158
21 1567
22 497
22 1384
22 714
22 1579
22 849
22 341
22 57
22 604
22 1322
22 1502
23 1472
23 164
23 966
23 876
23 1226
23 780
23 336
23 818
23 1236
23 121
23 1164
23 1596
23 94
23 671
24 251
24 871
24 712
24 75
24 528
24 1399
24 342
24 215
24 856
24 922
24 123
24 543
25 1249
25 770
25 911
25 645
25 105
25 1263
25 332
25 941
25 1117
25 847
25 240
25 1041
25 755
25 1301
25 728
25 703
25 1500
25 573
25 543
26 896
26 353
26 835
26 714
26 654
26 1177
26 476
26 1245
26 542
27 1326
27 834
27 835
27 420
27 517
27 454
27 776
27 1261
27 430
27 1009
27 1586
27 51
27 404
27 789
27 1486
27 954
27 1468
27 733
28 1187
28 968
28 956
28 235
28 269
28 1006
28 943
28 1458
28 1491
28 948
28 1134
28 892
28 830
29 1237
29 1539
29 1061
29 1225
29 1164
29 1325
29 846
29 1198
29 240
29 596
29 318
29 470
29 1289
29 249
29 638
29 885
30 102
30 711
30 616
30 1451
30 1580
30 1554
30 1428
30 1112
30 701
30 1247
31 896
31 737
31 194
31 667
31 230
31 1002
31 747
31 364
31 724
31 726
31 379
32 96
32 256
32 1346
32 1318
32 1126
32 1033
32 842
32 780
32 621
32 1326
32 1491
32 341
32 694
32 759
32 1530
32 447
33 640
33 289
33 259
33 705
33 1582
33 1238
33 1239
34 992
34 356
34 133
34 391
34 1540
34 878
34 657
34 1075
34 884
34 153
34 1469
35 1571
35 1092
35 197
35 743
35 1288
35 1322
35 395
35 1230
35 1093
35 634
35 1086
35 1023
36 1419
36 900
36 1477
36 774
36 1256
36 777
36 651
36 556
36 429
36 879
36 1108
36 246
36 1140
36 1275
37 771
37 1349
37 1095
37 236
37 941
37 1363
37 246
37 731
37 1212
38 384
38 1217
38 354
38 259
38 1258
38 845
38 1475
38 79
38 339
38 691
38 739
38 216
38 638
38 1023
39 1120
39 1383
39 555
39 813
39 1070
39 112
39 1521
39 51
39 603
39 253
39 1502
40 416
40 450
40 1307
40 324
40 1546
40 1103
40 1551
40 1207
40 920
40 890
40 1231
40 254
40 863
41 425
41 107
41 301
41 749
41 1165
41 1201
41 771
41 502
41 505
41 507
41 1052
41 491
42 352
42 865
42 163
42 519
42 1032
42 1257
42 1197
42 846
42 340
42 309
42 665
42 734
42 1141
43 193
43 1124
43 1318
43 1577
43 618
43 299
43 1164
43 688
43 1178
44 1250
44 1155
44 646
44 1511
44 1042
44 176
44 786
44 340
44 53
44 1494
44 148
44 154
44 415
45 1537
45 709
45 422
45 202
45 652
45 1491
45 53
45 283
45 1354
45 157
45 1445
46 896
46 162
46 1476
46 773
46 841
46 138
46 523
46 1359
46 401
46 342
46 1157
46 1375
46 157
46 901
47 1056
47 1520
47 1027
47 1477
47 902
47 1259
47 271
47 336
47 114
47 277
47 1366
47 343
47 281
47 1562
47 379
47 799
48 1059
48 555
48 877
48 1489
48 1300
48 663
48 603
49 97
49 1243
49 644
49 709
49 1190
49 993
49 521
49 1149
49 1429
49 1025
49 1057
49 893
49 1349
50 321
50 343
50 1419
50 900
50 1593
50 1543
50 1258
50 875
50 855
50 569
50 1566
51 67
51 1189
51 1132
51 237
51 1051
51 1010
51 692
51 1270
51 1111
51 1340
51 477
51 1118
52 1281
52 1346
52 837
52 1478
52 714
52 1210
52 603
53 960
53 578
53 231
53 1448
53 878
53 1488
53 1198
53 1110
53 60
54 481
54 1442
54 839
54 585
54 782
54 1103
54 1232
54 990
54 1023
55 320
55 805
55 552
55 456
55 1289
55 1514
55 647
55 270
55 1214
55 112
55 145
55 1489
55 277
55 1096
55 654
55 1173
56 1440
56 1346
56 522
56 463
56 467
56 94
56 158
57 1392
57 997
57 1420
57 1197
57 1552
57 176
57 952
57 1237
57 600
57 251
57 958
58 1408
58 161
58 904
58 1481
58 877
58 526
58 1261
58 821
58 470
58 1389
58 890
58 1339
58 348
58 1247
59 801
59 1031
59 523
59 1377
59 1432
59 564
59 1049
59 1080
59 633
59 1051
60 913
60 1123
60 261
60 327
60 106
60 334
60 561
60 948
60 1467
60 988
60 1173
61 935
61 808
61 336
61 1256
61 82
61 1342
61 477
61 798
62 1154
62 1027
62 1508
62 422
62 616
62 586
62 1453
62 1288
62 387
63 484
63 357
63 967
63 74
63 779
63 1405
63 273
63 1012
63 826
63 282
63 284
63 797
63 479
64 102
64 119
64 1459
64 1431
64 987
64 447
65 1536
65 1122
65 483
65 1191
65 841
65 1386
65 780
65 1485
65 847
65 1507
65 1519
65 154
65 1455
66 1056
66 1226
66 602
66 646
66 422
66 327
66 1257
66 1194
66 1004
66 1134
66 726
66 246
66 950
66 248
66 122
66 1468
66 1404
66 314
66 927
67 674
67 195
67 1412
67 1509
67 1074
67 1491
67 754
67 1334
67 187
67 995
68 289
68 1124
68 817
68 392
68 201
68 1493
68 1234
68 1104
68 625
68 1106
68 147
68 691
68 1143
68 799
69 610
69 1308
69 396
69 270
69 1391
69 1040
69 1015
69 154
69 1084
70 1184
70 611
70 101
70 1129
70 1326
70 84
70 1045
70 1115
70 1020
70 1119
71 352
71 484
71 582
71 714
71 683
71 1260
71 1166
71 656
71 1494
71 892
71 509
72 513
72 1059
72 1542
72 647
72 711
72 748
72 1383
72 1456
72 593
72 626
72 1521
72 1397
72 118
72 983
72 1336
72 1338
72 1501
72 1086
72 607
73 355
73 1414
73 1455
73 849
73 116
73 246
73 184
73 1144
73 156
74 1480
74 1270
74 200
74 1229
74 1518
74 93
74 1018
74 1396
74 982
74 1335
74 472
74 218
74 1407
74 90
74 254
75 1312
75 1253
75 1417
75 171
75 942
75 1013
75 1545
75 1502
76 609
76 1020
76 171
76 738
76 984
76 345
76 378
76 955
76 444
77 192
77 610
77 1061
77 1161
77 878
77 1008
77 1553
77 1107
77 890
77 539
77 1375
78 704
78 99
78 1073
78 358
78 231
78 1226
78 461
78 1446
78 561
78 1588
78 1334
78 1560
78 122
78 571
78 349
78 318
79 548
79 614
79 330
79 1405
79 1018
79 981
79 1014
79 90
79 1002
79 126
80 674
80 1477
80 518
80 743
80 432
80 917
80 312
80 474
80 1500
80 125
81 581
81 587
81 1138
81 1134
81 623
81 1200
81 946
81 276
81 1429
81 854
81 1017
81 700
82 1184
82 834
82 1155
82 807
82 1320
82 365
82 176
82 1107
82 1494
82 1113
82 217
83 176
83 940
83 228
83 838
83 775
84 416
84 261
84 359
84 200
84 1354
84 431
84 1137
84 530
84 1271
84 122
84 933
85 1248
85 100
85 389
85 647
85 105
85 779
85 688
85 149
85 1526
85 797
85 159
86 1450
86 203
86 1037
86 367
86 120
86 94
87 581
87 1063
87 1032
87 1483
87 1040
87 529
87 532
87 1369
87 1332
87 1599
88 352
88 770
88 1219
88 204
88 236
88 1485
88 559
88 1105
88 367
89 129
89 1155
89 484
89 1426
89 1468
89 1106
89 1102
89 1165
89 1074
89 340
89 1078
89 887
89 1146
89 252
90 653
90 258
90 925
90 1484
90 362
90 939
90 1324
90 557
90 728
90 210
90 936
90 120
90 866
90 830
91 608
91 1506
91 138
91 941
91 469
91 778
92 256
92 417
92 898
92 809
92 1322
92 1484
92 792
93 989
93 1188
93 613
93 1094
93 954
93 1232
93 145
93 851
93 565
93 1110
93 888
93 122
93 1276
93 586
93 1434
94 864
94 387
94 881
94 458
94 1227
94 271
94 1425
94 465
94 1595
94 476
94 157
95 931
95 1546
95 590
95 241
95 852
95 1118
96 289
96 523
96 1348
96 1542
96 1136
96 1133
96 1549
96 656
96 1272
97 1024
97 454
97 232
97 848
97 531
97 1143
97 1498
97 989
98 516
98 1316
98 1127
98 808
98 1004
98 1582
98 1267
98 1301
98 121
98 1276
98 1149
99 609
99 1219
99 1284
99 872
99 267
99 879
99 274
99 595
99 1460
99 723
99 1247
100 672
100 240
100 1513
100 1381
100 1212
100 1193
100 908
100 1134
100 526
100 911
100 144
100 401
100 562
100 1043
100 1463
100 1519
100 1084
101 354
101 867
101 647
101 1451
101 941
101 922
101 669
101 466
101 340
101 734
101 1497
101 281
101 282
101 1263
101 1084
101 349
101 478
101 223
102 1030
102 682
102 717
102 1176
102 758
102 312
102 537
102 1149
103 1056
103 929
103 1099
103 1097
103 683
103 1515
103 1206
103 983
103 217
103 859
103 1308
103 1401
103 1271
104 1216
104 130
104 1028
104 1029
104 514
104 1263
104 1106
104 1079
104 345
104 826
104 123
104 319
105 352
105 1537
105 1378
105 1333
105 1067
105 845
105 1490
105 401
105 1138
105 1171
105 629
105 822
105 695
105 799
105 446
106 192
106 1313
106 194
106 1578
106 1358
106 881
106 1558
106 636
107 513
107 610
107 771
107 933
107 138
107 1584
107 497
107 722
107 179
107 116
107 183
107 1290
107 894
107 1439
108 768
108 1507
108 965
108 1201
108 276
108 149
108 1369
108 148
108 186
108 189
108 1503
109 259
109 1299
109 1388
109 151
109 1232
109 1480
109 114
109 1219
109 1045
109 1143
109 1211
109 1483
110 677
110 1340
110 1164
110 1106
110 1486
110 1585
110 351
110 1305
110 293
110 571
110 956
110 607
111 1046
111 807
111 1005
111 147
111 692
111 565
111 918
111 660
111 223
112 516
112 1479
112 393
112 119
112 376
112 1017
112 602
112 443
113 512
113 1488
113 1095
113 780
113 240
113 753
113 499
113 1559
113 1592
113 345
113 635
113 733
114 1381
114 262
114 977
114 822
114 1400
114 121
114 571
114 1276
114 125
115 1515
115 1289
115 1303
115 780
115 816
115 726
115 567
115 1560
115 666
115 251
115 858
115 1342
116 802
116 395
116 811
116 1479
116 423
116 1154
116 532
116 1553
116 434
116 1091
116 212
116 503
116 468
117 1312
117 1078
117 518
117 1360
117 1332
117 1014
117 982
117 863
118 995
118 1578
118 267
118 172
118 1264
118 466
118 1492
118 282
119 544
119 994
119 774
119 360
119 1455
119 689
119 1108
119 1527
119 1465
119 509
120 642
120 1219
120 1415
120 359
120 1097
120 363
120 403
120 1245
120 850
120 339
120 1331
120 669
121 741
121 359
121 1452
121 1292
121 1588
121 143
121 179
121 1428
121 918
121 313
121 911
121 1580
122 897
122 715
122 197
122 651
122 1346
122 706
122 757
122 310
122 443
122 1397
123 1088
123 130
123 1473
123 1518
123 1331
123 438
123 151
123 602
123 476
123 285
124 258
124 1222
124 1516
124 1486
124 474
124 1053
124 1374
124 991
125 864
125 1249
125 1394
125 1350
125 1537
125 456
125 524
125 1330
125 1352
125 926
125 1434
125 671
125 478
125 127
126 448
126 1152
126 482
126 1061
126 1521
126 696
126 1210
126 924
126 639
127 1376
127 1402
127 163
127 424
127 336
127 600
127 131
127 1502
127 440
127 1370
127 798
128 419
128 1095
128 1166
128 879
128 1363
128 660
128 566
128 1519
129 1475
129 1576
129 1190
129 327
129 424
129 1002
129 400
129 913
129 306
129 502
129 1290
129 1279
130 288
130 779
130 1117
130 1021
130 497
130 1044
130 857
130 665
130 970
131 800
131 1030
131 1095
131 394
131 1133
131 942
131 1149
131 1296
131 1426
131 951
131 1080
131 938
132 929
132 482
132 835
132 1136
132 1066
132 299
132 173
132 1040
132 564
132 373
132 182
132 951
132 1161
132 1023
133 677
133 1260
133 525
133 1489
133 824
133 1051
133 1373
134 867
134 1224
134 714
134 1005
134 1549
134 210
134 755
134 1143
134 344
134 281
135 928
135 770
135 1414
135 905
135 403
135 1298
135 211
135 1449
135 1356
135 537
136 784
136 962
136 229
136 625
136 1335
136 782
136 303
136 720
136 305
136 854
136 1145
136 689
136 1018
136 1039
136 1305
137 604
137 1001
137 1311
137 1585
137 1176
137 1497
137 1436
137 639
137 860
137 477
137 927
138 1472
138 1030
138 486
138 748
138 554
138 268
138 1037
138 1214
138 528
138 1170
138 846
138 874
138 382
138 287
139 1349
139 165
139 796
139 935
139 713
139 339
139 1204
139 1097
139 1018
139 860
139 1114
139 166
140 579
140 198
140 679
140 265
140 1485
140 1522
140 630
140 1321
140 859
141 1409
141 1547
141 1188
141 1577
141 198
141 297
141 1515
141 624
141 1011
141 756
141 982
141 1015
141 984
141 1050
141 1339
141 958
142 929
142 354
142 517
142 358
142 1085
142 400
142 1555
142 1363
142 439
142 824
142 1593
142 1466
142 829
142 997
143 353
143 355
143 296
143 617
143 407
143 808
143 728
143 1365
143 345
143 664
143 378
143 251
143 541
143 1375
144 994
144 204
144 1357
144 274
144 1075
144 1589
144 1014
144 1499
145 512
145 609
145 262
145 550
145 1575
145 1226
145 944
145 659
145 1082
146 384
146 641
146 674
146 1443
146 865
146 1320
146 1385
146 716
146 781
146 1389
146 340
146 1209
146 1370
146 447
147 166
147 1415
147 1514
147 1543
147 1420
147 942
147 976
147 819
147 468
147 1045
147 820
147 1437
147 697
147 218
147 1308
147 1018
148 194
148 900
148 294
148 898
148 1518
148 1010
148 628
148 1176
148 1434
149 438
149 1267
149 1341
149 1149
149 659
149 532
149 405
149 150
149 191
149 637
149 319
150 1312
150 1090
150 1381
150 1223
150 1321
150 202
150 747
150 492
150 432
150 722
150 660
150 567
150 921
150 1564
150 938
150 1406
150 1429
151 1253
151 1382
151 168
151 867
151 1199
151 624
151 467
151 342
151 443
152 960
152 610
152 1571
152 420
152 1169
152 1322
152 461
152 753
152 756
152 727
152 728
152 1210
152 1308
153 673
153 1203
153 710
153 1319
153 332
153 270
153 1245
153 1137
153 403
153 174
153 1531
153 1117
153 1310
154 1028
154 262
154 220
154 749
154 1134
154 1041
154 599
154 348
155 1152
155 386
155 390
155 1163
155 482
155 1552
155 1011
155 535
155 892
155 990
156 388
156 394
156 1458
156 1585
156 1074
156 734
156 159
157 193
157 1475
157 420
157 389
157 647
157 1224
157 1159
157 749
157 277
157 951
157 1327
157 1180
157 285
158 1218
158 1508
158 680
158 696
158 812
158 429
158 432
158 600
158 1399
158 1401
158 1115
158 1468
158 925
158 949
159 960
159 939
159 411
159 838
159 455
159 972
159 428
159 715
159 300
159 173
159 987
159 178
159 963
159 1336
159 857
159 187
159 253
159 1247
160 578
160 677
160 550
160 551
160 681
160 459
160 684
160 435
160 815
160 177
160 665
160 1435
160 1126
161 1281
161 1386
161 235
161 1232
161 1140
161 727
161 795
161 1020
162 321
162 1257
162 428
162 1456
162 1394
162 371
162 756
162 1435
162 1052
162 1247
163 867
163 1575
163 302
163 1264
163 1331
163 1454
163 1078
163 567
163 798
164 1529
164 1517
164 1224
164 812
164 587
164 556
164 435
164 1422
164 1167
164 1327
164 755
164 1049
164 379
165 1504
165 260
165 391
165 1326
165 1201
165 953
165 1469
165 1119
166 768
166 1029
166 1559
166 654
166 276
166 1239
166 990
166 1471
167 1316
167 487
167 522
167 1323
167 620
167 1298
167 1357
167 818
167 1269
167 247
167 697
167 988
167 414
168 1220
168 392
168 745
168 685
168 1552
168 794
168 1407
168 732
168 1342
168 351
169 608
169 1380
169 550
169 508
169 427
169 748
169 178
169 884
169 344
169 1436
169 540
169 638
170 1552
170 675
170 360
170 1328
170 1565
170 1023
171 1314
171 1014
171 1094
171 1543
171 616
171 1022
171 330
171 1070
171 808
171 1034
171 1374
171 757
171 374
171 183
171 761
171 522
171 926
171 981
172 544
172 1504
172 1547
172 1095
172 1320
172 1131
172 1490
172 918
172 1477
173 1184
173 1384
173 585
173 458
173 779
173 1425
173 345
173 701
174 416
174 972
174 403
174 1460
174 1592
174 921
174 314
175 896
175 1497
175 1161
175 1239
175 494
175 305
175 279
175 1433
176 801
176 1347
176 293
176 1095
176 810
176 1323
176 558
176 1085
176 560
176 1428
176 884
176 1593
176 698
176 1231
176 1050
177 1474
177 1447
177 456
177 206
177 1039
177 1176
177 1139
177 404
177 182
177 632
177 1305
177 730
177 604
177 858
178 770
178 1060
178 1386
178 303
178 1458
178 981
178 631
178 767
178 540
179 1521
179 482
179 547
179 1476
179 263
179 424
179 583
179 877
179 1453
179 1297
179 1395
179 1556
179 1494
179 663
179 892
180 1479
180 484
180 1446
180 423
180 843
180 1398
180 695
180 504
180 729
180 475
181 1217
181 1317
181 1239
181 1552
181 404
181 1175
181 372
181 1210
181 1051
181 668
181 1053
182 933
182 232
182 1463
182 234
182 567
182 744
182 1540
182 560
182 503
182 856
182 313
182 1435
182 926
183 290
183 962
183 878
183 591
183 1010
183 404
183 1526
183 1207
183 285
184 1026
184 963
184 1335
184 1421
184 398
184 317
184 664
184 1214
184 343
184 216
184 189
184 670
184 319
185 992
185 1281
185 1563
185 870
185 1505
185 427
185 1144
185 667
185 1596
185 1310
186 1382
186 1167
186 1106
186 948
186 538
186 1407
187 482
187 582
187 1159
187 1395
187 1411
187 910
187 1232
187 739
187 728
187 415
188 1030
188 1227
188 1586
188 699
188 1212
188 253
188 511
189 1312
189 487
189 317
189 1425
189 1490
189 1108
189 917
189 790
189 701
189 894
190 1124
190 1157
190 493
190 629
190 214
190 772
190 763
191 705
191 1539
191 862
191 263
191 968
191 1176
191 750
191 401
191 1530
191 1590
191 567
191 408
191 1018
191 1277
191 734
192 744
192 1052
192 367
192 627
192 1432
192 1465
192 1517
192 284
192 541
193 669
193 1313
193 1250
193 773
193 893
193 1481
193 270
193 573
193 596
193 1434
193 1455
193 510
194 448
194 864
194 1029
194 1057
194 1429
194 585
194 1271
194 1589
194 878
194 591
194 1102
194 649
194 1498
194 219
194 298
195 677
195 487
195 840
195 1162
195 1169
195 501
195 983
195 1178
195 349
196 609
196 1573
196 1382
196 1159
196 1288
196 1258
196 723
196 855
196 1081
196 282
196 1343
197 485
197 839
197 616
197 204
197 1073
197 1283
197 1146
197 216
197 570
197 767
198 1217
198 354
198 359
198 494
198 403
198 1049
198 215
198 217
198 539
198 1497
199 324
199 774
199 1167
199 1393
199 1178
199 987
199 1210
200 1188
200 1288
200 848
200 915
200 1366
200 951
200 953
200 1482
200 734
200 735
201 1211
201 232
201 363
201 1292
201 1456
201 1393
201 661
201 1448
201 663
201 729
201 1179
201 1564
202 963
202 1422
202 749
202 1593
203 321
203 675
203 801
203 906
203 891
203 464
203 787
203 731
203 1340
204 1536
204 961
204 1155
204 1540
204 1158
204 743
204 1363
204 684
204 536
204 787
204 1405
205 352
205 737
205 585
205 682
205 1527
205 912
205 1344
205 1302
205 983
205 953
206 1223
206 1352
206 940
206 1070
206 670
206 1438
206 894
206 1493
207 577
207 644
207 325
207 1128
207 585
207 1164
207 341
207 857
207 251
207 964
207 741
208 1569
208 1189
208 295
208 712
208 489
208 967
208 592
208 722
208 436
208 1336
208 1127
208 1021
209 930
209 965
209 615
209 649
209 842
209 935
209 876
209 750
209 656
209 529
209 1016
209 856
209 1529
209 1211
210 354
210 1596
210 684
210 333
210 860
210 765
211 418
211 1251
211 1573
211 1063
211 1068
211 1410
211 1073
211 818
211 1521
211 1244
211 766
212 1568
212 964
212 933
212 1292
212 845
212 1549
212 277
212 311
212 252
212 1021
213 1349
213 326
213 775
213 1580
213 913
213 403
213 1553
213 757
213 439
213 987
214 1220
214 1095
214 1575
214 331
214 1548
214 622
214 1458
214 606
214 654
214 1306
214 1370
214 1207
214 862
214 1247
215 932
215 677
215 1297
215 392
215 746
215 1406
215 1557
215 1581
215 431
215 369
215 468
215 789
215 888
215 343
215 1078
215 1085
215 1182
215 1157
216 393
216 1547
216 908
216 269
216 1272
216 275
217 1188
217 1221
217 524
217 1325
217 367
217 1107
217 1590
217 348
217 703
218 1217
218 1383
218 676
218 1268
218 647
218 1510
218 1255
218 369
218 1335
218 441
218 990
218 1349
219 353
219 387
219 838
219 1420
219 1019
219 1375
219 404
219 629
219 249
219 409
219 891
219 1181
219 991
220 288
220 896
220 1035
220 1224
220 299
220 624
220 1074
220 915
220 988
220 1085
221 1584
221 642
221 1091
221 550
221 1263
221 720
221 916
221 534
221 1460
221 1083
222 1403
222 982
222 870
222 1097
222 304
222 886
222 377
222 703
222 895
223 1505
223 898
223 227
223 996
223 1511
223 1448
223 1581
223 1010
223 243
223 1174
223 1071
223 1021
224 1408
224 1026
224 1419
224 1348
224 811
224 368
224 402
224 820
224 280
224 921
224 316
224 733
225 609
225 1351
225 580
225 1029
225 1105
225 1127
225 652
225 1487
225 753
225 503
225 825
225 1082
225 1191
225 868
225 383
226 613
226 907
226 268
226 815
226 403
226 951
226 1053
226 1054
227 1376
227 1122
227 1124
227 1445
227 1591
227 1421
227 1014
227 1559
227 1055
228 384
228 1187
228 518
228 657
228 234
228 300
228 241
228 1362
228 596
228 535
228 859
228 479
229 1569
229 674
229 1516
229 523
229 1228
229 1361
229 1050
229 415
230 578
230 699
230 1320
230 1545
230 1325
230 1486
230 594
230 532
230 662
230 439
230 696
230 1402
230 1150
230 447
231 1376
231 1220
231 296
231 651
231 815
231 1491
231 534
231 1444
231 731
231 988
232 1570
232 835
232 1254
232 588
232 1167
232 1207
232 1567
233 577
233 1595
233 1286
233 778
233 1070
233 1073
233 338
233 373
233 1243
234 429
234 786
234 1203
234 376
234 1595
235 384
235 801
235 1480
235 1130
235 1216
235 719
235 688
235 1362
235 1363
235 917
235 1303
235 376
235 698
235 1167
235 1466
236 1030
236 268
236 818
236 405
236 855
236 249
236 1531
236 1541
236 255
237 1478
237 1030
237 904
237 617
237 685
237 659
237 696
238 1570
238 454
238 605
238 272
238 1071
238 1341
239 1259
239 614
239 651
239 556
239 305
239 1458
239 1173
239 922
239 1242
239 1535
240 1411
240 1201
240 1161
240 747
240 1297
240 1556
240 1117
240 1104
240 1425
240 1428
240 1207
240 1115
241 1056
241 845
241 728
241 703
242 256
242 1280
242 866
242 615
242 301
242 559
242 626
242 435
242 1302
242 825
242 1146
242 493
242 1406
243 1377
243 1062
243 330
243 413
243 976
243 1143
243 536
243 829
244 1284
244 1069
244 303
244 1076
244 981
244 606
245 452
245 810
245 1455
245 914
245 597
245 1054
246 864
246 624
246 307
246 341
246 694
246 964
246 828
246 1183
247 327
247 329
247 1330
247 336
247 1234
247 1406
247 1527
247 635
247 894
248 384
248 1168
248 1060
248 1357
248 400
248 721
248 375
248 344
248 671
249 1537
249 1356
249 1355
249 1230
249 751
249 464
249 1083
249 1145
249 986
249 763
249 1247
250 257
250 418
250 1226
250 1580
250 782
250 1168
250 817
250 1045
250 1239
250 1209
250 636
251 441
251 1059
251 943
251 774
251 1116
251 951
251 1297
251 402
251 404
251 311
251 980
252 1280
252 1187
252 358
252 1297
252 1396
252 1399
252 1168
252 881
252 437
252 503
252 1341
252 533
253 1536
253 1281
253 899
253 377
253 1275
253 574
254 1218
254 740
254 1574
254 1001
254 1538
254 910
254 1491
254 727
254 1311
255 512
255 353
255 1250
255 1093
255 1581
255 334
255 1138
255 1582
255 1048
255 732
255 543
256 1120
256 355
256 998
256 902
256 1484
256 428
256 594
256 401
256 276
257 847
257 995
257 325
257 1256
257 457
257 458
257 1058
257 495
257 1384
257 1411
257 1176
257 603
257 1533
257 415
258 736
258 1440
258 707
258 715
258 1164
258 1008
258 753
258 1267
258 1520
258 1174
258 1337
258 1017
259 930
259 452
259 1362
259 846
259 624
259 914
259 307
259 1044
259 600
259 1599
260 800
260 290
260 1595
260 516
260 422
260 267
260 1100
260 1485
260 1142
260 376
260 423
260 895
260 325
261 1584
261 1154
261 1163
261 555
261 1250
261 1102
261 1423
261 1392
261 403
261 1558
261 1367
261 1112
261 697
261 1339
261 860
262 544
262 401
262 808
262 1246
263 1088
263 929
263 997
263 428
263 879
263 598
263 1560
263 633
263 891
264 385
264 1282
264 899
264 545
264 552
264 1417
264 1147
264 604
264 639
265 571
265 549
265 616
265 1075
265 597
265 1527
265 856
265 667
265 1533
266 641
266 1448
266 1193
266 311
266 1485
266 1174
266 919
266 1528
266 1593
266 1598
267 420
267 1593
267 749
267 729
267 605
267 414
268 647
268 809
268 1043
268 983
268 1149
268 351
269 1010
269 1310
269 451
269 1125
269 486
269 1319
269 444
269 1418
269 466
269 312
269 403
269 693
269 502
269 1118
270 386
270 1324
270 1454
270 281
270 1116
270 1567
271 417
271 581
271 390
271 973
271 349
271 784
271 1369
271 509
272 833
272 290
272 550
272 1449
272 713
272 1395
272 1118
272 430
272 335
272 563
272 371
272 1078
272 937
272 1135
272 894
273 1153
273 1450
273 1335
273 780
273 910
273 1245
273 1553
273 1589
273 695
273 927
273 285
274 288
274 640
274 610
274 836
274 833
274 1033
274 706
274 1198
274 1042
274 948
274 1577
274 731
274 930
274 926
274 383
275 653
275 1248
275 1282
275 805
275 390
275 1447
275 810
275 1228
275 557
275 366
275 463
275 1296
275 1176
275 979
275 397
275 1370
275 1423
276 833
276 1413
276 1056
276 873
276 1387
276 371
276 916
276 1045
276 1172
276 573
277 450
277 394
277 913
277 434
277 408
277 596
278 1506
278 906
278 1160
278 746
278 653
278 462
278 889
278 571
278 476
278 381
279 1351
279 1196
279 1427
279 793
279 731
279 1180
279 701
280 322
280 786
280 484
280 901
280 1382
280 1544
280 460
280 610
280 1500
280 434
280 1433
280 346
280 891
280 1435
280 1181
280 556
281 1026
281 900
281 904
281 778
281 785
281 1563
281 1453
281 1462
281 1088
281 450
281 1222
281 462
281 1108
281 726
281 1495
281 879
281 1277
282 321
282 908
282 1559
282 844
282 1068
282 1006
282 463
282 1225
282 900
282 604
283 705
283 330
283 369
283 402
283 499
283 308
283 413
284 577
284 772
284 1249
284 1480
284 427
284 430
284 1233
284 1441
284 1084
284 734
285 1155
285 1411
285 1236
285 376
286 1093
286 1450
286 1387
286 527
286 562
286 436
286 1311
287 992
287 976
287 452
287 1319
287 840
287 1065
287 1447
287 752
287 1107
287 504
288 1184
288 1568
288 1283
288 1252
288 808
288 649
288 1234
288 1160
288 788
288 541
289 867
289 1450
289 400
289 1106
289 1283
289 693
289 1016
289 1188
289 315
289 1118
290 736
290 592
290 896
290 485
290 832
290 424
290 1308
290 471
290 365
290 1358
290 879
290 1434
290 959
290 1244
290 415
291 720
291 1163
291 741
291 774
291 873
291 1035
291 461
291 528
291 819
292 993
292 900
292 1393
292 339
292 729
292 1028
293 416
293 482
293 451
293 903
293 843
293 782
293 1242
293 917
294 933
294 969
294 989
294 655
294 594
294 599
294 957
295 928
295 1378
295 1291
295 841
295 1035
295 887
295 411
296 1409
296 1283
296 580
296 1290
296 1255
296 812
296 686
296 980
296 1497
296 857
296 1499
296 892
296 1546
296 959
297 456
297 363
297 1004
297 1326
297 914
297 724
297 1558
297 472
297 413
297 1439
298 484
298 1478
298 681
298 1326
298 445
299 1451
299 1351
299 1228
299 339
299 1036
299 1293
299 595
299 1428
299 1206
299 1495
299 1208
299 1252
299 602
299 1322
299 445
300 834
300 1414
300 720
300 625
300 722
300 1503
300 1053
300 607
301 832
301 1024
301 901
301 1160
301 557
301 974
301 1344
301 1110
301 668
301 1565
301 863
302 1479
302 1352
302 1229
302 980
302 1374
302 413
302 990
303 1538
303 932
303 553
303 528
303 821
303 1353
303 1044
303 474
303 1535
303 1276
303 890
303 447
304 516
304 677
304 1585
304 975
304 401
304 500
304 1182
304 1278
304 1156
305 645
305 937
305 1523
305 853
305 1321
305 697
305 1594
305 956
305 1341
305 927
306 1243
306 357
306 1546
306 1591
306 1517
306 528
306 561
306 756
306 1015
306 1016
306 1305
306 1146
306 479
306 924
306 639
307 763
307 1389
307 1486
307 1211
308 1056
308 421
308 934
308 972
308 1546
308 332
308 941
308 1134
308 527
308 560
308 1293
308 1308
309 1482
309 1249
309 1259
309 740
309 966
309 1067
309 652
309 622
309 1594
309 1110
309 1144
309 409
309 442
309 317
309 1476
310 577
310 644
310 1285
310 872
310 1002
310 1042
310 692
310 598
310 740
310 1343
311 1488
311 1299
311 364
311 621
311 1038
311 591
311 1165
311 497
311 692
311 533
311 345
311 922
311 988
312 752
312 450
312 1065
312 1129
312 918
312 1097
312 634
312 1594
313 418
313 677
313 1480
313 1226
313 495
313 1456
314 1465
314 1475
314 1234
315 324
315 1483
315 460
315 494
315 335
315 1041
315 1038
315 1081
315 508
316 576
316 1443
316 1034
316 557
316 942
316 589
316 1396
316 1422
317 864
317 1152
317 772
317 1030
317 902
317 1201
317 843
317 888
317 1458
317 947
317 631
317 1246
318 1025
318 782
318 1398
318 762
318 1100
318 975
318 1265
318 1267
318 757
318 1078
318 1335
318 504
318 602
318 603
319 1442
319 789
319 519
319 1354
319 972
319 1422
319 399
319 529
319 372
319 1499
319 479
320 1472
320 931
320 1489
320 1321
320 1325
320 752
320 1009
320 1553
320 1205
320 1147
320 573
321 1312
321 1539
321 1385
321 844
321 1589
321 1270
321 1304
321 953
321 506
321 1182
322 592
322 1211
322 1069
322 1331
323 1003
323 1267
323 401
323 1162
323 779
323 589
323 369
323 1107
324 1508
324 364
324 1231
324 1336
324 372
324 568
324 637
325 1216
325 899
325 1089
325 1417
325 1005
325 1027
325 374
325 1561
325 1082
325 924
325 733
326 704
326 740
326 551
326 682
326 1063
326 823
326 825
326 605
326 1503
327 704
327 1511
327 1025
327 1111
327 1506
327 1008
327 337
327 788
327 891
328 672
328 928
328 956
328 1262
328 499
328 444
328 671
329 706
329 999
329 584
329 458
329 1218
329 463
329 1173
329 1211
330 482
330 1475
330 1254
330 584
330 1545
330 1514
330 785
330 914
330 342
330 1465
330 766
331 612
331 1126
331 1131
331 1583
331 336
331 446
331 350
331 1173
332 1075
332 995
332 970
332 1006
332 1295
332 953
332 691
332 1102
332 761
333 1476
333 390
333 1544
333 460
333 1005
333 403
333 405
333 1590
333 1209
333 1338
333 1407
333 671
334 1281
334 806
334 583
334 424
334 1068
334 1037
334 1006
334 1576
334 1522
334 1207
335 448
335 960
335 1263
335 1391
335 345
336 1089
336 1250
336 1160
336 1493
336 1368
336 1106
336 1429
336 406
336 991
337 1467
337 1044
337 1369
337 1051
337 414
337 1375
338 636
338 519
338 1038
338 1294
338 1065
338 409
338 762
338 1531
338 700
338 1567
339 1031
339 488
339 713
339 1100
339 1582
339 1160
339 1333
339 1399
339 676
340 1190
340 1516
340 1581
340 886
340 1015
340 666
340 1593
341 1075
341 742
341 1478
341 651
341 396
341 1459
341 563
341 1140
341 568
341 1212
342 577
342 708
342 977
342 432
342 440
342 468
342 829
343 1472
343 1465
343 418
343 423
343 937
343 1519
343 843
343 610
343 1073
343 626
343 1442
343 1208
343 1493
344 835
344 934
344 551
344 461
344 527
344 1328
344 1394
344 594
344 626
344 700
344 765
344 1567
345 994
345 977
345 364
345 1066
345 1456
345 872
345 1465
345 860
345 573
345 606
345 1503
346 1505
346 827
346 1569
346 456
346 818
346 435
346 1204
346 571
346 1342
347 993
347 1186
347 1561
347 1495
347 1527
347 1111
347 686
347 1584
347 1486
347 1175
347 856
347 1337
347 506
347 1338
348 1121
348 1159
348 1406
348 1420
348 848
348 849
348 915
348 1525
348 629
348 631
348 696
348 414
348 853
349 1316
349 870
349 811
349 684
349 483
349 595
349 1338
349 1247
350 1430
350 737
350 517
350 870
350 525
350 463
350 369
350 468
350 677
350 1113
350 892
350 1190
350 351
351 1058
351 805
351 614
351 1324
351 523
351 495
351 976
351 465
351 1011
351 790
351 985
351 377
352 1536
352 1474
352 678
352 399
352 787
352 1493
352 1334
352 1212
352 1277
353 484
353 1389
353 1582
353 1520
353 1266
353 1459
353 502
353 1054
354 648
354 617
354 1329
354 412
354 575
355 772
355 614
355 359
355 1516
355 438
355 1111
355 1551
355 1380
355 1375
355 828
355 542
355 1023
356 1472
356 968
356 1579
356 981
356 1014
356 988
357 1476
357 774
357 1067
357 652
357 1262
357 660
357 629
357 1503
357 924
357 510
358 1547
358 676
358 1099
358 1592
358 1571
358 1175
358 984
358 804
358 506
358 540
358 1353
358 1439
359 865
359 1345
359 879
359 727
359 1274
359 1595
360 612
360 1032
360 1584
360 724
360 949
360 1177
360 538
360 859
361 931
361 452
361 647
361 650
361 523
361 721
361 1557
361 760
361 1031
361 1213
361 862
362 1089
362 610
362 1090
362 430
362 467
362 1582
362 1018
362 894
363 642
363 1347
363 1062
363 486
363 1512
363 1103
363 1390
363 861
363 1097
363 1432
363 1459
363 822
363 1050
363 955
363 540
363 381
363 1407
364 421
364 1076
364 1562
364 1501
364 1470
365 897
365 1595
365 1124
365 552
365 1034
365 812
365 1570
365 1277
365 1496
365 948
365 1112
365 1433
365 826
365 1339
365 1500
365 1066
366 1252
366 1190
366 967
366 488
366 585
366 941
366 1359
366 500
366 649
366 1144
366 857
366 1150
367 1468
367 1548
367 1041
367 1587
367 535
367 764
367 734
367 1503
368 673
368 778
368 879
368 1168
368 1553
368 1301
368 505
368 1051
368 957
368 1418
369 1569
369 1416
369 676
369 1361
369 1256
369 779
369 1518
369 496
369 401
369 1555
369 1075
369 996
369 700
370 1415
370 1189
370 1542
370 647
370 1388
370 395
370 652
370 1005
370 1072
370 1428
370 789
370 598
370 1275
371 950
371 749
371 686
371 1522
371 726
371 604
371 1021
372 1248
372 1320
372 1294
372 1264
372 500
372 920
372 415
373 491
373 1351
373 459
373 1426
373 847
373 1522
373 1099
373 1487
373 1527
373 1540
373 975
374 672
374 1035
374 1475
374 1272
374 1311
375 582
375 391
375 841
375 1578
375 558
375 496
375 849
375 531
376 1264
376 418
376 902
376 423
376 1038
376 1245
376 583
376 1584
376 1295
376 796
376 1022
376 1087
377 1083
377 615
377 1203
377 502
377 569
377 1306
377 703
378 674
378 1117
378 894
378 991
379 961
379 1157
379 1089
379 1489
379 1427
379 1487
379 408
379 1311
380 1090
380 1578
380 996
380 581
380 423
380 842
380 874
380 816
380 1362
380 659
380 1124
380 1084
380 509
381 1579
381 1116
381 690
381 1315
381 498
381 611
381 659
381 1496
381 601
381 1530
381 700
381 1379
382 422
382 567
382 1487
382 785
382 823
382 1016
382 778
383 1282
383 1590
383 1353
383 1014
383 1018
383 956
383 477
383 1087
384 1063
384 1348
384 1230
384 592
384 1265
384 1236
384 516
384 858
385 1021
385 1244
385 581
385 855
386 1326
386 482
386 1577
386 610
386 1181
386 785
386 1426
386 1299
386 1205
386 1015
386 792
386 829
387 708
387 1558
387 1513
387 854
387 1241
388 482
388 1028
388 1061
388 590
388 850
388 1300
388 474
388 1181
389 1570
389 771
389 1124
389 982
389 1291
389 1550
389 815
389 790
389 1049
389 696
389 505
389 1359
389 1535
390 627
390 992
390 1250
390 1542
390 1518
390 691
390 566
390 569
390 794
390 828
391 1283
391 804
391 710
391 553
391 970
391 1271
391 1330
391 883
391 660
391 918
391 836
391 1018
391 1050
392 1574
392 399
392 765
393 448
393 1312
393 425
393 1113
393 441
393 539
393 1564
394 1161
394 682
394 1548
394 1111
394 986
394 1226
394 767
395 611
395 1334
395 1030
395 1144
395 563
395 470
395 760
395 1567
396 1408
396 451
396 1158
396 797
396 1556
396 795
396 1149
396 1407
397 1135
397 465
397 1467
397 1373
397 574
398 804
398 622
398 1552
398 760
398 918
398 1495
399 896
399 796
399 1423
399 1170
399 1011
399 506
399 1599
399 476
400 1568
400 1314
400 548
400 937
400 871
400 1432
400 820
400 1078
400 442
400 443
401 1569
401 1413
401 1355
401 1421
401 879
401 1398
401 473
401 1018
402 930
402 1093
402 1598
402 937
402 1422
402 1237
402 1238
402 888
402 702
402 895
403 974
403 1545
403 1235
403 1396
403 751
403 1468
403 509
403 1118
403 799
404 1494
404 1030
404 777
404 1428
404 1574
404 845
404 942
404 953
404 729
405 1566
405 998
405 748
405 878
405 1011
405 1590
405 1321
405 1304
405 1081
405 730
405 444
405 638
405 959
406 720
406 738
406 1480
406 1292
406 1386
406 556
406 1172
406 1528
406 1244
406 543
407 1562
407 1594
407 1167
407 1550
407 847
407 981
407 1080
407 1338
407 431
408 1312
408 613
408 1055
408 714
408 491
408 1256
408 1267
408 758
408 1471
408 699
408 1109
409 1474
409 901
409 1546
409 1420
409 1364
409 1591
409 664
409 570
409 1013
410 708
410 646
410 1067
410 982
410 1240
410 761
410 1052
410 1086
411 1474
411 1380
411 1157
411 1287
411 1580
411 663
411 1303
411 1404
412 1504
412 586
412 429
412 591
412 720
412 1041
412 973
412 756
412 693
412 921
412 923
412 1468
413 674
413 675
413 580
413 1138
413 1016
413 1444
413 634
413 730
414 936
414 841
414 1582
414 848
414 1523
414 1367
414 1096
414 605
415 1344
415 1510
415 929
415 425
415 685
415 1072
415 472
415 1556
415 1420
415 925
416 679
416 1452
416 1037
416 1488
416 1489
416 1367
416 538
416 1413
417 418
417 906
417 620
417 1170
417 979
417 665
418 1154
418 505
418 1064
418 1296
418 1423
418 835
418 1236
418 1014
418 1466
418 510
419 1124
419 1062
419 1128
419 1066
419 1581
419 660
419 1343
420 859
420 740
420 465
420 657
421 450
421 1508
421 1094
421 840
421 1385
421 618
421 1453
421 872
421 757
421 1548
422 963
422 1478
422 680
422 586
422 1451
422 1026
422 462
422 1552
422 1304
422 578
422 1016
422 1497
422 981
422 789
423 582
423 647
423 1584
423 1016
423 790
423 1562
423 989
423 1599
424 608
424 1096
424 860
424 1502
425 1156
425 1512
425 855
425 845
425 696
425 1204
425 440
425 1112
425 1243
426 800
426 771
426 1578
426 939
426 1324
426 626
426 1294
426 1010
426 1443
426 1401
427 1472
427 783
427 982
427 1497
427 1528
427 858
427 1402
428 833
428 1162
428 1287
428 1182
428 432
428 894
428 1375
428 1482
428 734
429 680
429 1227
429 687
429 946
429 1431
429 823
429 1466
429 703
430 801
430 514
430 1508
430 1483
430 883
430 730
430 479
431 835
431 1463
431 1063
431 811
431 1036
431 1069
431 816
431 570
431 891
432 930
432 1480
432 1132
432 1271
432 1037
432 1165
432 1009
432 852
432 503
432 598
433 448
433 1155
433 1478
433 1256
433 1427
433 1331
433 598
433 1592
433 476
434 1442
434 1446
434 712
434 1164
434 1137
434 534
434 762
435 801
435 1313
435 1348
435 1340
435 1354
435 493
435 1391
435 1520
435 1545
435 1220
435 1116
436 1456
436 1060
436 1449
436 1119
436 459
436 946
436 1203
436 1529
436 1092
436 1210
436 1019
436 607
437 1203
437 1291
437 1582
437 1295
437 1041
437 851
437 886
437 1464
437 1498
437 1403
437 1535
438 768
438 609
438 802
438 457
438 780
438 827
438 1144
438 1431
438 696
438 1018
438 1407
439 610
439 900
439 1029
439 1128
439 1201
439 1366
439 663
439 1369
439 1348
439 1086
440 672
440 1217
440 1411
440 616
440 618
440 734
441 673
441 1168
441 1163
441 656
441 1173
441 1449
441 1226
442 642
442 1531
442 647
442 494
442 594
442 950
442 759
442 1023
442 1340
442 639
443 1250
443 1449
443 577
443 777
443 618
443 1515
443 842
443 1373
443 980
443 565
443 1545
443 1212
443 506
443 833
444 608
444 1025
444 900
444 1189
444 454
444 1441
444 458
444 1568
444 665
444 991
444 1183
444 799
445 1568
445 1451
445 1362
445 1475
445 1302
445 1495
445 490
445 1183
446 1453
446 1390
446 1103
446 1456
446 788
446 1301
446 889
446 1308
447 1378
447 547
447 582
447 737
447 466
447 622
447 656
447 643
447 1137
448 1066
448 1396
448 1438
448 1527
448 1050
449 1221
449 902
449 1193
449 619
449 497
449 1173
450 1088
450 1540
450 1127
450 619
450 913
451 1508
451 1383
451 1070
451 462
451 477
452 964
452 967
452 1351
452 569
452 1275
452 1308
453 968
453 539
453 1556
453 1117
453 1271
454 1570
454 1541
454 1169
454 924
454 522
454 1324
454 1295
454 785
454 1588
454 846
454 1014
455 1132
455 1077
455 537
455 1151
455 1535
456 1440
456 922
456 1023
457 1531
457 498
457 628
457 502
457 856
457 1471
457 773
458 554
458 498
458 1001
458 794
458 507
459 987
459 1541
459 1500
459 1325
459 1554
459 499
459 1305
459 1274
459 543
459 1212
459 767
460 1368
460 1505
460 834
460 804
460 1291
460 1580
460 465
460 820
460 1205
460 1559
460 538
460 828
460 477
460 766
461 1035
461 1251
461 1195
461 1464
461 1559
461 765
462 833
462 900
462 822
462 1223
462 621
462 1069
462 1010
462 1300
462 535
462 1528
462 922
462 924
462 1373
462 1374
463 546
463 1059
463 904
463 1100
463 1439
463 695
463 507
463 797
463 853
464 1024
464 1536
464 1003
464 1366
464 1190
464 1494
464 844
464 1330
464 822
464 1369
464 1277
464 575
465 899
465 1162
465 1395
465 1231
465 1219
465 1109
465 918
465 1498
466 1441
466 546
466 707
466 1257
466 1482
466 951
466 559
466 631
466 856
466 1199
466 573
467 1026
467 492
467 661
467 682
468 776
468 1168
468 754
468 1565
469 1249
469 1443
469 1244
469 587
469 1229
469 1139
469 1012
469 565
469 1395
469 1274
469 604
469 829
470 1129
470 1197
470 1079
470 1144
470 956
471 867
471 810
471 747
471 784
471 1235
471 1339
471 1406
472 565
472 886
472 1055
473 1122
473 1157
473 1233
473 1448
473 651
473 596
473 1049
474 1126
474 1575
474 540
474 650
474 1330
474 782
474 594
474 947
474 1595
475 736
475 1189
475 1158
475 1133
475 718
475 1453
475 1040
475 1400
475 766
475 1253
476 768
476 1217
476 827
476 918
476 1126
476 1553
476 1020
476 1146
476 1407
477 1316
477 1283
477 842
477 621
477 749
477 1558
477 783
478 1569
478 709
478 1457
478 756
478 1208
478 639
479 1511
479 1256
480 641
480 1060
480 744
480 492
480 655
480 1525
480 1380
480 668
480 1533
480 830
481 1463
481 1127
481 1323
481 1037
481 1101
481 977
481 1207
481 536
482 1152
482 615
482 1518
482 660
482 1130
483 1488
483 970
483 1178
484 1283
484 872
484 761
484 1247
484 1202
484 1475
484 1429
484 665
484 635
484 1207
484 1502
485 1187
485 782
485 1266
485 1550
485 1048
485 1149
486 935
486 843
486 977
486 562
486 1270
486 1498
486 1339
486 895
487 1157
487 999
487 788
487 630
488 1285
488 1267
488 1065
488 679
488 1010
488 1300
489 1504
489 496
489 587
489 1324
489 813
489 1301
489 1433
489 1273
489 734
490 1203
490 1013
490 1398
490 541
491 513
491 1206
491 807
491 1130
491 690
491 1046
491 793
492 769
492 1538
492 1251
492 1124
492 552
492 566
492 1079
492 851
492 1149
492 1023
493 704
493 1569
493 899
493 1447
493 1008
493 785
493 1535
493 1372
493 863
494 865
494 1403
494 561
494 1110
494 1055
495 965
495 1319
495 1515
495 1327
495 1303
495 858
495 1373
495 926
496 995
496 1225
496 549
496 625
496 1131
496 1100
496 1586
496 1140
496 1324
496 598
496 1204
496 954
496 1484
497 854
497 519
497 1288
497 684
497 802
497 1359
497 1072
497 913
498 900
498 998
498 776
498 1069
498 530
498 964
498 1435
498 508
499 544
499 930
499 871
499 878
499 1360
500 1025
500 1431
500 824
500 827
501 673
501 1028
501 1445
501 934
501 1100
501 1004
501 910
501 786
501 730
501 988
501 1370
501 1055
502 1186
502 970
502 1143
502 1100
502 1394
502 1557
502 538
502 895
503 674
503 662
503 710
503 1547
503 1296
503 1519
503 785
503 884
503 1595
504 769
504 675
504 872
504 713
504 1578
504 853
504 1503
504 1147
505 1281
505 1447
505 1582
505 1175
506 770
506 1127
506 1133
506 878
506 1147
506 540
507 967
507 1160
507 779
507 1198
507 1181
507 1270
507 873
507 989
508 672
508 1254
508 978
508 943
508 532
508 1519
508 823
508 895
509 1315
509 715
509 556
509 530
509 692
509 661
509 1333
510 547
510 937
510 1170
510 1104
510 1106
510 1275
510 1175
510 1145
510 891
510 701
511 1576
511 1130
511 1384
511 827
511 991
512 1194
512 812
512 1361
512 662
512 1175
512 1468
513 1537
513 1156
513 1287
513 591
513 1360
513 1383
513 931
513 820
513 1399
513 537
513 733
514 1424
514 785
514 722
514 1558
515 1133
515 1140
515 757
515 1145
515 1499
515 1532
516 579
516 1103
516 689
516 889
517 1512
517 843
517 1169
517 699
517 860
518 772
518 1190
518 808
518 1323
518 1228
518 1582
518 1564
519 993
519 1507
519 1132
519 1134
519 1205
519 1210
519 1162
520 929
520 1186
520 1222
520 679
520 1345
520 651
520 1389
520 881
520 659
520 1180
520 1279
521 800
521 1408
521 1043
521 1254
521 1423
521 978
521 595
521 889
521 765
521 1440
522 1408
522 1387
522 644
522 1160
522 1592
522 1593
522 542
523 782
523 995
523 932
523 680
523 562
523 1148
523 599
523 1145
523 828
524 576
524 1218
524 997
524 1323
524 1538
524 1552
524 569
524 1151
524 549
525 1058
525 1547
525 651
525 589
525 910
525 1327
525 754
525 1177
525 986
525 604
525 925
526 1032
526 1444
526 947
526 660
526 1398
526 1305
526 996
527 805
527 1319
527 940
527 559
527 1470
527 1303
528 896
528 776
528 1165
528 913
528 1204
528 1290
529 1347
529 775
529 1160
529 1166
529 539
530 675
530 676
530 1029
530 1546
530 1387
530 1168
530 1369
530 1119
530 543
531 1474
531 1284
531 1553
531 713
531 1423
531 976
531 1105
531 1267
531 1558
531 1594
531 1276
531 957
532 709
532 648
532 1065
532 1324
532 1327
532 979
533 1477
533 902
533 1329
533 617
533 1099
533 1167
533 1105
533 1585
534 1312
534 552
534 1552
534 1272
535 1154
535 1371
535 943
535 582
535 1580
535 1100
535 625
535 1188
536 868
536 1029
536 1190
536 897
536 1385
536 1527
536 1392
536 1241
536 1156
536 539
536 636
536 1157
537 837
537 776
537 1436
537 810
537 1164
537 560
537 808
537 1424
537 1000
537 596
537 545
537 641
537 1244
537 1373
537 1247
538 1398
538 556
538 1453
538 1230
538 1200
538 1073
538 1592
538 1532
538 1469
538 575
539 1346
539 644
539 875
539 1266
539 1145
540 929
540 1346
540 1382
540 1068
540 1264
540 1079
540 1051
541 644
541 1382
541 1416
541 1508
541 686
541 1512
541 1044
541 996
541 1499
541 1500
541 766
542 1056
542 1184
542 676
542 1127
542 1543
542 1169
542 1172
542 983
542 856
542 1471
543 1478
543 884
543 1564
544 1386
545 576
545 1121
545 1307
545 1125
545 1453
545 1262
545 840
545 1294
545 854
545 1112
545 795
545 1435
545 1373
546 1282
546 590
546 1492
546 856
547 1280
547 1568
547 900
547 1031
547 1270
547 568
548 1474
548 1031
548 1256
548 1107
548 1082
549 802
549 1594
549 716
549 1396
549 1268
549 1113
549 890
549 1407
549 1245
549 1055
550 1026
550 931
550 971
550 798
550 1462
550 809
550 1498
550 762
550 923
550 1532
550 573
550 606
550 1525
551 1254
551 1553
551 686
551 792
551 1106
551 660
551 1334
551 1305
551 633
551 762
551 667
551 1567
552 1219
552 1324
552 1326
552 1392
552 565
552 1562
552 1435
553 642
553 1411
553 1270
553 648
553 778
553 1096
553 1450
553 1363
553 918
553 1115
553 1565
553 1405
553 639
554 1187
554 1061
554 746
554 684
554 842
554 1524
554 917
554 1558
554 793
554 858
554 763
554 1461
555 576
555 1472
555 1001
555 1473
555 1268
555 599
555 893
556 649
556 772
556 974
556 571
556 1086
557 1187
557 708
557 1350
557 872
557 1290
557 783
557 877
557 1421
557 1557
558 1007
558 594
558 660
558 984
558 1209
558 1596
559 576
559 1570
559 773
559 1096
559 1299
559 1357
559 569
559 882
559 734
559 1439
560 1296
560 1412
560 613
560 744
560 1598
560 895
561 1024
561 1056
561 1475
561 1093
561 1205
561 936
561 1298
561 1332
561 1015
561 1145
561 1530
561 1157
562 1349
562 874
562 753
563 744
563 1325
563 1042
563 1047
563 1499
563 894
563 927
564 1531
564 1040
564 818
564 862
564 1118
565 1069
565 1071
565 914
565 882
565 1309
565 1527
565 885
566 1447
566 1004
566 1003
566 1231
566 784
566 1009
566 829
567 774
567 843
567 626
567 1204
568 864
568 1312
568 711
568 601
568 1533
568 1151
569 1376
569 936
569 876
569 1108
569 854
569 1007
569 701
570 996
570 1158
570 943
570 784
570 1459
570 1212
571 1154
571 900
571 805
571 811
571 819
571 1432
571 1050
571 1183
572 1352
572 978
572 1335
572 924
572 1279
573 707
573 1508
573 1545
573 1514
573 1067
573 591
573 1585
573 1013
573 1461
574 577
574 899
574 868
574 696
574 1561
574 1242
574 767
575 1088
575 1537
575 899
575 655
575 1270
575 1469
575 1054
576 716
576 620
576 1260
576 1161
576 856
576 1295
576 1516
577 1270
577 1090
577 1316
577 778
577 820
577 750
577 1454
577 1274
577 1050
577 989
577 639
578 770
578 1399
578 744
578 873
578 779
578 1234
578 1443
578 1079
578 966
578 761
578 799
579 1156
579 931
579 1285
579 1193
579 719
579 823
579 1145
579 1295
579 1481
580 1497
580 804
580 778
580 1420
580 1550
580 1522
580 1428
580 1335
580 1284
580 1244
581 931
581 1099
581 1305
581 592
581 1177
581 751
581 1118
582 1184
582 993
582 1038
582 1213
582 606
583 1156
583 1425
583 1066
583 811
583 1581
583 913
583 724
583 1144
583 703
584 1441
584 1133
584 868
584 933
584 1483
584 1484
584 589
584 733
584 626
584 791
584 1563
584 618
584 1503
585 1289
585 810
585 1523
585 1395
585 853
585 1449
585 1055
586 992
586 1190
586 1404
586 1145
586 863
587 1093
587 1318
587 1575
587 1578
587 1380
587 974
587 687
587 1245
587 1405
587 856
587 1081
587 637
588 1571
588 714
588 655
588 912
588 1002
588 1295
588 1493
588 1017
588 667
588 669
589 1442
589 813
589 1501
589 702
590 1093
590 1026
590 593
590 692
590 1090
590 1476
590 733
591 1418
591 653
591 829
591 656
591 659
591 1583
592 640
592 1024
592 897
592 1256
592 1228
592 1135
592 1143
592 792
592 1186
592 923
592 1466
592 800
593 620
593 1164
593 692
593 1198
593 1305
593 980
594 1544
594 1162
594 1112
594 1082
594 1006
594 1143
594 1182
594 1493
595 768
595 802
595 1287
595 780
595 943
595 1169
595 931
595 1077
595 1566
596 1577
596 651
596 765
596 1462
596 1487
597 1584
597 624
597 1137
597 1365
597 1142
598 1085
598 1172
598 792
598 1295
598 1021
598 1407
599 913
599 911
599 785
599 1045
599 1497
600 1479
600 970
600 1323
600 1419
601 899
601 1222
601 1368
601 722
601 661
601 1271
602 1131
602 835
602 807
602 745
602 1351
602 1506
602 1278
602 659
602 1173
602 1367
602 1564
602 1245
603 1186
603 817
603 1275
604 1058
604 803
604 1348
604 1110
604 717
604 1468
604 1054
605 1463
605 777
605 1101
605 911
605 1362
605 1582
605 1078
605 969
606 1282
606 1191
606 1582
606 763
606 1053
607 869
607 1094
607 1340
607 1478
607 1419
607 1135
607 848
607 1558
607 1306
607 924
607 861
608 1416
608 1115
608 998
608 1100
608 1422
608 840
608 949
609 630
609 1000
609 1590
609 980
609 1503
610 952
610 771
610 849
610 1187
610 745
610 803
610 859
610 956
610 1306
610 798
611 805
611 903
611 714
611 1232
611 724
611 1524
611 892
612 841
612 1392
612 818
612 789
612 873
612 1211
612 1077
613 1344
613 976
613 1155
613 1092
613 1592
613 1224
613 1290
613 696
613 1563
614 847
614 1213
615 1121
615 774
615 968
615 1228
615 1139
615 1303
615 1528
616 1323
616 1540
616 1575
616 1352
616 1290
616 717
616 687
616 1170
616 1331
616 1206
616 1061
617 714
617 811
617 632
617 1325
617 1309
617 703
618 1223
618 938
618 909
618 1069
618 1392
618 978
618 787
618 1500
619 960
619 932
619 1440
619 993
619 1591
619 1186
619 1299
619 1527
619 1278
620 1092
620 1445
620 1194
620 887
621 737
621 838
621 651
621 1309
621 1396
621 927
622 896
622 1123
622 1191
622 1390
622 687
623 1258
623 1163
623 852
623 1497
623 1012
623 1149
624 704
624 705
624 855
624 844
624 688
624 728
624 1155
624 664
624 987
624 1483
625 749
625 782
625 1170
625 996
625 1084
625 1471
626 1120
626 1446
626 1286
626 1097
626 1010
626 943
626 723
627 1473
627 1100
627 682
627 1004
627 781
627 1491
627 956
628 1188
628 1255
628 650
628 1162
628 714
628 884
629 769
629 1499
629 996
629 1030
629 935
629 746
629 1038
629 1097
629 661
629 1078
629 869
629 1081
629 826
629 741
630 1155
630 1527
630 807
630 809
630 1261
630 1367
630 1180
630 703
631 1124
631 1393
631 1300
631 1046
631 882
632 1556
632 1545
632 1278
633 1122
633 699
633 1412
633 1096
633 1162
633 1263
634 1190
634 1373
634 1080
634 695
634 1593
634 986
635 738
635 1481
635 1176
636 1312
636 1185
636 1414
636 967
636 1427
636 656
636 979
636 1290
637 865
637 1250
637 1590
637 684
637 1078
637 1465
637 1375
638 997
638 1195
638 1359
638 824
638 985
638 987
638 734
639 1472
639 1381
639 807
639 967
639 817
639 1043
639 1396
639 1460
640 1187
640 775
640 776
640 682
640 1232
640 882
640 662
640 920
641 1317
641 1448
641 1163
641 1228
641 786
641 851
641 1015
642 1387
642 773
642 1447
642 1373
642 1050
642 1369
642 1599
643 1212
643 858
643 1060
644 935
644 1135
644 1523
644 1204
644 1465
644 1112
644 1241
644 1418
645 1201
645 809
645 814
645 1042
645 1422
645 1046
645 823
645 1180
645 1493
646 1355
646 1164
646 907
646 782
646 1591
646 1046
646 1289
646 665
646 1484
647 1270
648 1547
648 1035
648 676
648 1190
648 998
648 711
648 1482
648 939
648 1351
648 1168
648 980
648 1268
649 1025
649 1179
649 1188
649 965
649 1065
649 1152
649 1359
649 1171
649 918
649 1559
649 794
649 923
650 1446
650 1414
650 776
650 1454
650 920
650 1139
650 760
650 1556
650 1343
651 1571
651 1190
651 711
651 1101
651 1271
651 1432
651 1023
652 800
652 931
652 711
652 1383
652 1507
653 1217
653 1000
653 1418
653 1454
653 1013
653 729
653 1582
653 1180
653 1245
653 734
653 1274
654 1088
654 1319
654 1071
654 947
654 790
654 760
654 1014
654 1203
654 1305
655 1538
655 1338
655 703
655 1434
655 799
656 785
656 1555
656 1493
656 1527
656 986
656 1243
656 1210
656 689
657 1571
657 1030
657 1066
657 1388
657 1442
657 1198
657 882
657 1428
657 986
657 1517
657 829
658 1130
658 1550
658 1457
659 1280
659 869
659 1000
659 1295
659 1215
660 1420
660 1130
660 1324
660 1297
660 1550
660 1484
661 960
661 1217
661 1383
661 1267
661 1067
661 1230
661 725
661 1353
662 804
662 871
662 1404
662 781
662 1486
662 860
663 1510
663 1427
663 719
663 1266
663 726
664 1377
664 1262
664 1525
664 1391
664 831
665 1157
665 1165
665 1358
665 856
666 996
666 776
666 873
666 1384
666 1497
667 859
667 1379
667 1231
667 1199
667 895
667 1011
667 1309
667 1274
667 799
667 765
668 1313
668 974
668 687
668 1040
668 1392
668 1435
668 1405
669 1545
669 878
669 1264
669 1112
669 1427
670 1188
670 934
670 1324
670 1563
671 1505
671 1189
671 681
671 1424
671 691
671 1241
672 1286
672 806
672 710
672 1500
672 1442
672 752
672 1010
672 1299
672 1108
672 1463
672 1413
673 1456
673 1411
673 869
673 1222
673 1287
673 1471
673 889
673 717
673 781
673 754
673 1400
673 1391
673 860
673 1119
674 960
674 1392
674 690
674 1585
674 1488
674 1584
674 1275
674 773
675 1409
675 1411
675 773
675 1576
675 1523
675 1524
675 1141
675 1206
675 1047
675 1322
676 817
676 1331
676 1037
676 1072
676 1332
676 1595
677 1030
677 723
677 963
677 1397
677 1592
678 852
678 1415
679 1441
679 1157
679 975
679 1298
679 1463
680 928
680 837
680 1580
680 1074
680 1203
680 727
680 1402
680 1021
680 798
681 1287
681 1488
681 1140
681 1407
682 738
682 708
682 1462
682 1481
682 1295
682 1557
682 1078
682 1143
682 984
682 1371
683 1090
683 1139
683 1444
683 1427
683 878
683 1587
683 883
683 1396
683 1397
683 1337
683 1180
683 1451
683 1567
684 929
684 843
684 1156
684 1189
684 849
684 1485
684 1117
684 1191
684 1579
684 1214
685 1024
685 1409
685 1092
685 1158
685 870
685 977
685 1514
685 1525
685 1292
685 846
685 776
685 1553
685 1326
685 1558
685 1144
685 1082
686 1195
686 1251
686 1191
686 1416
686 1275
686 1209
686 1215
687 997
687 1288
687 1203
687 821
687 894
688 992
688 1120
688 900
688 1064
688 1517
688 945
688 1316
688 1338
688 1598
688 796
688 1402
688 1022
688 1279
689 1120
689 711
689 873
689 1258
689 855
689 1147
689 1342
690 934
690 1386
690 844
690 1501
690 1136
690 1546
690 919
690 1276
691 930
691 1253
691 1381
691 1543
691 1229
691 1410
691 919
691 1210
691 1179
692 1218
692 1575
692 1196
692 1437
692 889
692 1180
692 1438
693 1508
693 1157
693 1194
693 908
693 1069
693 1462
693 730
693 1309
693 1434
694 1238
694 1092
694 918
694 714
694 1113
694 861
694 1343
695 1004
695 1550
695 1168
695 1010
695 886
695 759
695 1372
695 1594
696 766
696 740
696 1153
696 1256
696 907
696 1070
696 1262
696 850
696 1207
696 1565
697 707
697 1256
697 1524
697 1589
697 764
697 1407
698 768
698 1570
698 1320
698 1388
698 908
698 977
698 1270
698 858
698 1147
698 1340
698 925
698 1214
699 800
699 1569
699 1101
699 1135
699 1235
699 1333
699 759
699 1469
700 707
700 1325
700 1294
700 1076
700 730
700 1083
701 966
701 1193
701 746
701 1036
701 797
701 880
701 1382
702 1573
702 951
702 1166
702 1271
703 1568
703 1302
703 1126
703 1416
703 1437
704 1027
704 842
704 999
704 1454
704 1562
704 1019
704 1094
705 1216
705 1219
705 1398
705 1190
705 1409
705 943
705 886
705 1080
706 1059
706 836
706 1494
706 1074
706 1519
706 1459
706 1046
706 955
706 1599
707 1569
707 1383
707 1481
707 810
707 1198
707 861
707 1014
707 1111
707 734
708 1156
708 1255
708 1358
708 1296
708 1555
708 723
708 1598
708 1372
708 1566
709 1506
709 1188
709 1481
709 1131
709 814
709 1554
709 1284
709 1275
710 1314
710 1529
710 1480
710 840
710 1385
710 1175
710 749
710 1136
710 1256
710 1174
710 1048
711 1248
711 1121
711 1253
711 1158
711 1454
711 1502
712 1088
712 944
712 1107
712 1511
712 1431
712 1597
713 1163
713 945
713 1390
713 725
713 1031
713 1114
714 903
714 1587
714 1539
714 853
714 889
714 1531
715 1189
715 839
715 1084
715 810
715 1043
715 1428
715 1275
715 1020
716 992
716 1315
716 1446
716 1042
716 1458
716 1012
716 888
716 1213
716 1502
717 800
717 1414
717 1581
717 815
717 1364
717 1175
717 1017
717 1245
717 1151
718 1027
718 805
718 876
718 1421
718 878
718 1083
718 789
718 727
718 1561
719 1545
719 1221
719 905
719 1392
719 1219
720 841
720 1588
720 728
720 987
721 1351
721 748
721 1069
721 1296
721 886
721 1052
721 1341
721 1406
722 1334
722 782
722 1230
722 825
722 1550
722 735
723 1344
723 1442
723 1553
723 1128
723 1481
723 978
723 789
723 1144
723 890
723 1214
723 1381
724 1504
724 1361
724 1398
724 1547
724 786
724 814
724 909
724 848
724 776
724 1009
724 1431
724 856
724 1307
724 1375
725 802
725 1418
725 1399
725 1208
725 727
725 1112
725 1117
726 1424
726 1195
726 944
726 957
727 1384
727 1542
727 1065
727 1569
727 879
727 1328
727 760
727 755
727 980
727 886
727 1081
727 1208
727 1149
727 821
728 1130
728 1110
729 969
729 759
729 1079
730 1024
730 1448
730 878
730 1351
730 1324
730 1364
730 1151
731 1409
731 1562
731 771
731 1476
731 1561
731 845
731 1295
731 995
731 1357
731 1049
731 890
731 957
731 1150
731 1535
732 1025
732 1574
732 745
732 1103
732 1373
733 1122
733 1339
733 775
733 1314
733 1218
733 926
733 1304
733 830
733 933
734 960
734 1428
734 1237
734 813
735 1344
735 1384
735 1545
735 1161
735 1036
735 1549
735 776
735 1235
735 919
735 1053
735 799
736 964
736 1228
736 1041
736 980
736 1397
736 856
736 1340
736 1279
737 1286
737 1517
737 1580
737 1006
737 1398
737 988
738 928
738 865
738 1579
738 950
738 1382
738 1131
738 911
738 1236
738 1495
738 956
738 1002
739 1066
739 1548
739 1364
739 1117
740 1415
740 1450
740 1453
740 1562
741 1212
741 771
741 1267
741 1256
741 809
741 1227
741 1313
741 1265
741 948
741 1148
742 840
742 1556
742 900
743 1376
743 1377
743 1191
743 1418
743 1451
743 1074
743 765
744 1041
744 1093
744 849
744 1314
744 1366
744 785
744 1303
745 1259
745 783
745 1448
745 1278
746 1344
746 1059
746 868
746 747
746 845
746 879
746 1373
746 1018
746 1109
747 1030
747 779
747 1542
747 758
747 825
748 1057
748 1156
748 844
748 786
748 1224
748 1438
749 1153
749 1539
749 1444
749 1496
749 758
749 824
749 1435
750 1418
750 1271
750 1050
751 832
751 1363
751 1427
751 1485
751 1209
751 956
752 776
752 906
752 1427
752 846
752 815
752 1450
752 1326
752 1117
752 766
753 997
753 1089
753 1096
753 842
753 1139
753 1015
753 921
754 1347
754 1299
755 1095
755 1489
755 1587
755 1396
756 864
756 1348
756 1131
756 1005
756 1296
756 1041
756 1171
757 834
757 1319
757 814
758 1443
758 778
758 781
758 1139
758 1143
758 1594
758 1243
759 997
759 1256
759 1146
759 1517
759 1076
759 789
759 986
759 1246
760 832
760 833
760 1259
760 840
760 1134
760 1296
760 1032
760 918
760 1339
761 860
761 1469
762 960
762 1420
762 1558
762 1193
762 1036
762 1461
762 1365
762 1526
762 922
762 1563
762 1402
762 1011
763 900
763 968
763 1069
764 1123
764 1031
764 919
764 1452
764 1265
764 1554
764 1111
764 1500
765 880
765 995
765 998
765 821
765 1430
765 1591
766 944
766 961
766 1543
766 873
766 1303
766 1549
766 1257
767 1152
767 1515
767 1366
767 776
767 1577
767 904
767 1299
767 1182
767 822
767 1210
767 1178
767 938
768 1152
768 775
768 1127
768 1279
769 1344
769 1377
769 1348
769 1098
769 1131
769 848
769 950
770 960
770 1123
770 1268
770 1007
770 1076
770 1398
771 859
771 1187
771 1197
771 1140
771 1172
771 1402
772 897
772 1030
772 1180
772 1323
772 817
772 1588
772 1308
772 1176
772 1436
772 1019
772 895
773 1206
773 873
773 1339
773 924
774 1260
774 787
774 1561
774 1509
775 1541
775 1409
775 1516
775 908
775 823
775 890
776 1422
776 1576
776 1582
776 1201
776 1464
776 1223
776 1529
776 990
776 1521
777 1350
777 1159
777 942
777 957
777 1365
777 1142
777 1564
778 780
778 1549
778 1070
778 1491
778 1422
778 797
779 1507
779 939
779 788
780 1570
780 1550
780 1312
780 1136
780 1310
780 785
780 1514
780 1182
780 1055
781 1536
781 1066
781 1426
781 1263
781 1429
781 1335
782 1594
782 1297
782 1517
782 1552
782 1172
782 1460
783 1440
783 1293
783 1200
783 1011
783 1599
784 1562
784 1414
784 1254
784 1511
784 1520
784 1597
784 1435
784 1469
784 1407
785 939
785 1317
785 1555
785 884
785 1050
785 1436
785 1373
786 1540
786 1510
786 1453
786 1264
786 977
786 1554
786 1161
786 1529
786 1141
787 1057
787 923
787 1318
787 1038
787 1104
787 1138
787 1488
787 1536
787 859
788 1232
788 1355
788 1543
788 1474
788 1136
788 1073
788 1266
788 1589
788 1560
789 800
789 1121
789 1282
789 1003
789 998
789 1292
789 1253
789 1102
789 1572
789 1367
789 1022
790 1536
790 1062
790 1543
790 1420
790 1490
790 1117
790 1009
790 946
790 1043
790 799
791 1449
791 1159
791 969
791 1546
791 1036
791 1390
791 1169
791 1108
791 1111
791 1428
792 1092
792 1253
792 1030
792 1448
792 1098
792 1293
792 1559
793 1024
793 1066
793 1021
793 1136
793 1341
793 1583
794 1444
794 805
794 1562
794 1194
795 924
795 1517
795 1140
795 1558
795 1417
795 856
795 921
795 1243
795 892
796 994
796 1382
796 1575
796 1237
797 864
797 966
797 1461
797 1215
797 1487
797 951
797 888
797 889
797 1071
797 1548
798 1322
798 802
798 845
798 1264
798 1523
798 1364
798 981
798 985
798 1594
799 1238
799 1323
799 1551
800 1328
800 1510
800 1350
800 1544
800 820
800 982
800 1530
801 1409
801 1319
801 1064
801 1552
801 985
801 1499
802 1095
802 1544
802 1419
802 1393
802 1241
803 1040
803 1330
803 819
803 1503
804 992
804 1581
804 964
805 831
805 885
805 1021
806 1030
806 1458
806 1426
806 1588
806 892
807 1121
807 1003
807 1286
807 1595
807 1161
807 1552
807 1591
807 1311
808 1379
808 1299
808 1459
808 1587
808 1171
808 1557
808 1519
808 1359
808 1436
809 1254
809 963
809 1228
809 813
809 1518
809 1391
809 1303
809 1445
809 1174
810 1479
810 839
810 1166
810 1560
810 987
810 981
811 1399
811 1387
811 1263
811 841
812 1214
812 1596
812 877
812 912
812 1416
812 1118
812 1147
812 1549
813 1315
813 1192
813 1351
813 908
813 1438
813 984
813 826
814 1185
814 1378
814 1161
814 888
814 1113
815 1376
815 1581
815 817
816 1579
816 1059
816 1028
816 1483
816 1356
816 1554
816 1104
816 1074
816 1337
817 854
817 1413
817 842
817 1581
817 1502
817 1022
818 1227
818 1290
818 843
818 1008
818 952
818 989
819 992
819 1419
819 1294
819 1265
820 1135
820 978
820 1269
820 1437
821 939
821 870
821 887
821 1388
821 1283
821 1119
822 1552
822 1027
822 1224
822 863
823 1287
823 1183
824 1159
824 1225
824 1258
824 1400
824 952
824 1114
824 1563
825 1537
825 1166
825 1519
825 1456
825 1044
825 1402
826 1485
826 1382
826 1368
826 1018
826 1341
827 1096
827 914
827 958
828 1184
828 1079
828 858
829 995
829 1030
829 1462
829 1322
829 1400
829 851
829 988
829 1567
830 872
830 849
830 1494
831 1481
831 1228
831 1261
831 1433
832 872
832 1494
832 1370
832 1103
833 1249
833 1538
833 1435
833 1553
833 1001
833 1162
833 1201
834 1028
834 1416
834 907
834 1554
834 1572
834 1018
834 924
835 1538
835 1393
835 1266
835 1174
835 1348
836 1232
836 1415
836 1128
836 1389
836 1551
836 1008
836 1041
836 1403
836 861
836 1375
837 1377
837 1166
837 1288
837 854
837 1085
838 1409
838 1447
838 1242
838 1115
838 1183
838 1011
839 1154
839 965
839 1396
839 869
840 1545
841 1419
841 1381
841 1382
841 1352
841 1569
842 1480
842 1097
842 1255
842 1354
842 1405
842 1162
842 1335
842 1560
842 1054
843 1547
843 1431
843 1097
843 1518
843 1465
843 1082
843 1084
844 1184
844 1027
844 917
844 1564
845 1025
845 1083
845 1190
845 1065
845 908
845 1539
845 917
845 1023
846 900
846 1454
846 1101
846 1426
846 1461
846 987
846 1276
847 902
847 1480
847 951
847 1494
847 1115
847 998
847 1285
848 1283
848 1156
848 1489
848 1528
848 1492
848 1178
848 1087
849 1079
849 1039
849 1168
849 1137
849 1586
849 1267
850 899
850 882
850 1108
850 1305
850 1178
850 990
851 1448
851 1546
851 913
851 895
852 994
852 1255
852 1163
852 1004
852 1491
852 1401
853 1009
853 1032
853 1388
853 1492
853 1078
853 895
854 898
854 1483
854 975
854 1091
854 1275
854 1243
854 1531
855 998
855 942
855 889
855 1211
856 1536
856 1034
856 1548
856 910
856 1426
856 1228
856 1357
856 987
856 1398
857 1444
857 1573
857 966
857 1165
857 1299
857 916
858 928
858 1579
858 1079
859 1149
860 992
860 1356
860 1106
860 1360
860 1177
860 1373
861 1074
862 909
862 1076
862 922
862 991
863 1062
863 871
863 1104
864 1451
864 1191
864 1415
864 1204
865 1120
865 1186
865 973
866 1154
866 931
866 1030
866 906
866 971
866 1018
866 1555
866 954
867 928
867 1218
867 1031
867 905
867 1034
867 1135
867 1104
867 1110
867 1048
867 954
867 1223
868 1445
868 934
868 1272
868 1013
868 1594
868 1557
869 1381
869 1505
869 1263
869 1502
870 1253
870 1321
870 1361
870 1139
871 908
871 1357
871 1199
871 1336
871 1535
871 951
871 1049
871 1402
871 1243
871 1374
872 1537
872 1479
872 1099
872 1109
873 1197
873 1261
873 1426
873 1587
873 1400
874 1157
874 1384
874 1194
874 1029
875 1538
875 1339
875 1380
875 936
875 1355
875 1357
875 1140
875 1270
875 1303
876 1154
876 1320
876 970
876 878
876 895
877 1249
877 1287
877 1377
878 1187
878 973
878 1008
878 1311
879 1506
879 950
879 958
879 991
880 1462
881 1056
881 1549
881 1224
881 949
881 1113
881 1595
882 992
882 1219
882 1510
882 1121
882 1003
882 1136
882 1400
882 1533
883 1447
883 1481
883 1515
883 1599
884 929
884 1489
884 1262
884 1400
884 1114
885 1059
885 1543
885 1005
885 979
885 1276
886 1542
886 977
886 1566
886 1271
886 917
887 1026
887 966
887 971
887 1596
887 1213
888 995
888 1414
888 1062
888 1223
888 1047
888 1085
888 1329
888 1523
888 1368
888 1245
889 1347
889 1254
889 1223
889 1559
889 983
889 1135
890 1411
890 1380
890 1574
890 1161
890 1585
890 1044
890 917
890 1303
890 1273
890 1077
891 1226
891 1562
891 959
892 1583
892 1104
892 1402
893 1489
893 1288
893 1321
893 1516
893 1362
893 1146
894 989
894 939
894 998
894 1268
894 1397
894 1533
894 1438
895 1422
895 1076
896 1013
896 1451
896 1018
897 1478
897 1319
897 1064
897 977
897 1362
898 1569
898 1435
898 1416
898 1072
898 1151
898 1053
898 1086
899 1446
899 939
899 910
900 1283
900 1061
900 1070
900 1202
900 971
900 1359
900 1110
900 1504
901 1153
901 1187
901 1316
901 936
901 943
901 1523
902 1400
902 1426
902 1178
903 1478
903 1113
903 1055
904 1030
904 1101
904 1100
904 1006
904 1232
904 951
904 1273
904 1434
905 1445
905 1288
905 1136
905 1117
905 1566
906 1163
906 1507
906 950
906 1596
907 1097
907 1519
907 1329
907 950
907 1374
908 1249
908 1150
908 1512
908 969
908 1420
908 1552
908 1272
908 1380
908 1022
908 1439
909 1447
909 1292
909 1590
910 1474
910 1009
910 1330
910 1379
910 1114
910 1370
911 1249
911 1563
911 1211
912 1004
912 1009
912 1427
913 1139
913 1318
913 1361
913 1294
913 1439
914 1317
914 1557
914 1586
915 1217
915 1123
915 1190
915 1130
915 1586
915 1363
915 1290
916 1570
916 1255
916 937
916 1550
916 1167
916 1172
917 1315
917 979
917 1396
917 1431
917 1209
918 1497
918 1463
918 1258
918 1255
918 1048
918 1205
918 1541
918 1388
919 1122
919 1222
919 1513
919 1486
919 1526
919 1303
919 1405
920 1124
920 1266
920 1364
921 1216
921 1027
921 1222
921 1450
921 1007
921 1011
921 1055
922 1252
922 1559
922 1300
922 1181
923 1440
923 1068
923 1129
923 1310
923 1580
924 1217
924 1092
925 1393
925 1269
926 1467
926 1441
926 955
926 1513
926 1105
926 1043
926 1144
927 1248
927 931
927 1490
927 1271
927 1499
928 1198
928 1167
928 1131
928 1403
928 1375
929 1186
929 1164
929 1133
930 1473
930 1097
930 1493
930 1113
930 1151
931 1281
931 1512
931 984
932 992
932 1313
932 1412
932 1582
932 1247
933 1120
933 1132
933 1165
933 1149
933 1554
933 1597
933 1551
934 1537
934 1512
934 1166
934 1105
935 1349
935 1009
935 1293
935 1437
935 1428
935 1350
935 1464
935 1433
935 1159
936 1415
936 1258
936 1453
936 1399
936 1562
937 1091
937 1414
937 1190
937 1441
937 1368
937 1562
937 1147
938 1256
938 1514
939 1056
939 1509
939 1550
939 1327
939 1240
939 1055
940 1416
940 1354
940 1547
940 1424
940 1497
940 1596
941 1147
941 1375
941 1358
942 1585
942 1599
943 1530
943 1034
943 1040
943 1148
943 1274
943 1278
944 1427
944 1141
945 1409
945 1451
945 983
945 1424
945 1175
946 1572
946 1075
946 1430
946 1503
947 1487
947 1369
947 1407
948 1056
948 1316
948 1290
948 1291
948 1297
948 1533
948 965
949 1231
949 1298
949 1048
950 1410
950 1142
951 1152
951 1479
951 1321
951 1179
951 1497
951 1265
952 1120
952 1124
952 1202
952 1000
952 962
952 1337
953 1139
953 1370
953 1212
954 1057
954 1029
954 1478
954 1483
954 1103
954 1521
954 1475
954 1588
954 1143
955 1250
955 1357
955 1232
955 1340
955 1343
956 1024
956 1539
956 1314
956 978
956 1038
956 958
957 1417
957 1473
957 1126
957 1354
957 1582
957 1523
957 1552
957 1173
957 1033
957 1146
958 1488
958 1348
958 1574
958 1161
958 1227
958 1360
958 1535
959 1185
959 1318
959 1217
959 1225
959 1516
959 1229
960 1223
960 1098
960 1484
960 1166
960 1042
960 1434
961 1379
961 1176
961 1567
962 1314
962 1507
962 1573
962 1067
962 1512
963 1269
963 1503
963 1382
963 1212
964 1450
964 1355
964 1373
965 966
965 1290
965 1069
965 1237
965 1295
966 1316
966 1420
966 1582
966 1114
966 1338
966 1573
967 1064
967 1589
967 1277
968 1211
968 1244
968 1102
968 1048
968 1402
969 1508
969 1223
969 1559
969 1001
969 1319
970 981
970 1369
970 1307
970 1147
970 1437
971 1000
971 1326
971 1209
971 1533
972 1162
972 1259
972 1100
972 1265
972 1557
972 1206
972 1053
973 1188
973 1580
973 1476
973 1436
974 998
974 1384
974 1134
974 1201
974 1118
975 1227
975 1414
975 1033
975 1518
975 1391
975 1143
975 1311
975 1173
976 1403
976 1190
976 1234
976 1294
976 1519
976 1456
976 1138
976 1146
976 1085
976 1093
977 1482
977 1331
978 1220
978 1415
978 1325
978 1390
978 1238
979 1509
979 1311
979 1433
979 1115
980 1495
980 1261
980 1293
980 1134
980 1526
981 1006
981 1310
982 1544
982 1560
983 1393
983 1413
983 1169
983 1133
983 1586
983 1086
984 1381
984 1351
984 1289
984 1552
984 1041
984 1202
984 1327
984 1117
985 1120
985 1230
985 1009
985 1179
986 1296
986 1475
986 1480
986 1341
986 1053
986 1406
987 1314
987 1484
987 1228
987 1262
987 1523
988 1134
988 1588
988 1498
988 1019
989 1457
990 1563
990 1478
990 1584
990 1527
990 1565
991 1420
991 1141
991 1434
992 998
992 1446
992 1477
992 1111
992 1048
992 1190
993 1056
993 1542
994 1347
994 1513
994 1195
995 1115
996 1596
996 1546
996 1325
996 1014
996 1559
996 1337
997 1285
997 1194
997 1319
997 1427
997 1553
997 1386
997 1311
998 1595
998 1222
998 1511
998 1246
998 1358
998 1551
999 1508
999 1455
999 1213
1000 1264
1000 1321
1000 1104
1000 1432
1000 1488
1000 1501
1001 1453
1002 1102
1002 1328
1002 1586
1002 1528
1002 1369
1002 1406
1003 1320
1003 1543
1003 1391
1003 1303
1003 1082
1003 1116
1003 1277
1003 1502
1004 1159
1004 1223
1004 1009
1004 1301
1005 1409
1005 1034
1005 1494
1005 1562
1005 1071
1005 1126
1005 1439
1006 1223
1006 1559
1006 1230
1006 1079
1006 1592
1006 1341
1007 1068
1007 1278
1007 1439
1009 1219
1009 1521
1009 1243
1009 1331
1009 1022
1010 1195
1010 1228
1010 1199
1010 1288
1010 1590
1010 1208
1010 1119
1010 1374
1011 1371
1011 1413
1011 1128
1011 1100
1011 1411
1011 1574
1012 1201
1012 1524
1012 1238
1013 1280
1013 1409
1013 1500
1014 1235
1014 1066
1014 1046
1014 1563
1014 1150
1015 1491
1015 1167
1015 1235
1015 1214
1016 1024
1016 1219
1016 1322
1016 1152
1016 1307
1017 1547
1017 1198
1017 1524
1017 1049
1017 1244
1018 1412
1019 1569
1019 1253
1019 1577
1019 1199
1019 1304
1019 1460
1020 1447
1020 1480
1020 1272
1020 1177
1020 1246
1021 1187
1021 1063
1021 1136
1021 1230
1021 1528
1021 1050
1022 1335
1022 1553
1022 1096
1022 1482
1022 1303
1022 1140
1022 1340
1023 1058
1023 1128
1023 1372
1024 1056
1024 1515
1024 1161
1024 1195
1024 1395
1025 1254
1025 1424
1025 1523
1025 1353
1025 1343
1026 1472
1026 1284
1026 1065
1026 1265
1026 1116
1026 1503
1027 1416
1027 1196
1027 1325
1027 1246
1027 1169
1027 1070
1027 1262
1027 1432
1028 1577
1028 1239
1028 1205
1029 1184
1029 1225
1029 1086
1030 1133
1030 1411
1030 1059
1030 1188
1030 1279
1031 1135
1031 1115
1031 1039
1031 1448
1031 1106
1032 1238
1032 1148
1032 1279
1033 1184
1033 1571
1033 1412
1033 1138
1033 1296
1034 1385
1034 1322
1034 1549
1034 1045
1035 1451
1036 1408
1036 1125
1036 1415
1036 1487
1038 1475
1038 1063
1038 1138
1038 1421
1038 1169
1038 1173
1039 1347
1039 1267
1039 1111
1039 1178
1039 1596
1040 1442
1040 1484
1040 1582
1041 1138
1042 1231
1042 1175
1042 1050
1042 1053
1043 1504
1043 1337
1045 1554
1045 1053
1046 1059
1046 1366
1046 1230
1046 1460
1046 1486
1046 1144
1046 1305
1046 1054
1046 1375
1047 1226
1047 1175
1048 1376
1048 1546
1048 1562
1049 1421
1049 1590
1049 1305
1049 1279
1050 1124
1050 1500
1051 1474
1051 1158
1051 1417
1051 1291
1051 1518
1051 1311
1052 1166
1053 1281
1053 1566
1053 1190
1053 1164
1054 1155
1054 1512
1054 1579
1054 1228
1054 1390
1055 1094
1055 1322
1055 1229
1055 1181
1056 1483
1056 1310
1057 1476
1057 1253
1057 1095
1057 1100
1057 1210
1058 1189
1058 1190
1058 1485
1058 1170
1059 1361
1060 1545
1060 1102
1060 1072
1060 1585
1060 1338
1061 1460
1061 1304
1061 1407
1062 1152
1062 1388
1062 1552
1062 1181
1063 1429
1063 1278
1063 1567
1064 1443
1064 1287
1064 1356
1064 1293
1064 1262
1064 1393
1064 1524
1064 1326
1065 1563
1065 1545
1065 1298
1065 1493
1065 1398
1065 1225
1065 1403
1066 1153
1066 1206
1066 1513
1067 1536
1067 1073
1067 1106
1067 1430
1067 1182
1068 1505
1068 1412
1068 1341
1069 1105
1069 1359
1070 1101
1070 1453
1070 1459
1070 1266
1070 1534
1070 1188
1070 1405
1070 1444
1071 1514
1071 1232
1071 1305
1072 1284
1072 1416
1072 1100
1072 1197
1072 1591
1072 1432
1073 1356
1073 1200
1073 1461
1073 1518
1073 1148
1074 1104
1074 1097
1075 1540
1075 1096
1076 1290
1076 1309
1077 1135
1078 1518
1078 1170
1078 1315
1079 1281
1079 1270
1079 1387
1079 1481
1079 1240
1079 1247
1080 1192
1080 1417
1080 1261
1080 1416
1080 1108
1080 1141
1081 1363
1082 1297
1082 1162
1082 1388
1082 1494
1082 1591
1082 1177
1082 1405
1082 1375
1083 1283
1083 1159
1083 1096
1083 1142
1083 1599
1084 1217
1084 1221
1084 1162
1084 1296
1084 1475
1086 1572
1086 1521
1086 1173
1086 1532
1087 1328
1087 1578
1087 1558
1087 1562
1088 1540
1088 1201
1088 1110
1088 1320
1089 1090
1089 1275
1089 1294
1089 1145
1089 1322
1089 1477
1090 1192
1090 1200
1090 1105
1090 1561
1092 1238
1092 1395
1092 1463
1092 1317
1093 1489
1093 1151
1094 1482
1094 1359
1094 1336
1095 1097
1095 1337
1095 1534
1095 1503
1096 1159
1096 1228
1097 1209
1097 1149
1098 1504
1098 1423
1099 1546
1099 1229
1099 1232
1099 1554
1100 1202
1100 1300
1100 1220
1100 1567
1101 1275
1101 1543
1101 1425
1101 1315
1101 1274
1102 1314
1102 1337
1102 1404
1103 1414
1103 1342
1103 1237
1103 1176
1104 1574
1104 1276
1104 1206
1104 1400
1104 1275
1105 1225
1106 1575
1106 1288
1106 1585
1106 1306
1107 1382
1107 1543
1107 1292
1107 1207
1107 1503
1108 1552
1108 1442
1108 1478
1108 1496
1108 1137
1108 1524
1108 1206
1108 1147
1109 1586
1109 1338
1110 1159
1110 1362
1110 1463
1110 1439
1111 1218
1111 1331
1111 1554
1111 1575
1111 1442
1111 1170
1111 1594
1112 1255
1112 1256
1112 1426
1112 1491
1112 1433
1112 1279
1113 1216
1113 1569
1113 1231
1113 1550
1113 1207
1114 1472
1114 1377
1114 1498
1115 1387
1115 1548
1115 1302
1115 1373
1116 1573
1117 1444
1117 1578
1117 1423
1117 1519
1117 1247
1118 1475
1118 1361
1118 1210
1119 1411
1119 1433
1119 1209
1119 1498
1120 1523
1120 1593
1120 1147
1120 1407
1121 1372
1121 1457
1121 1278
1122 1289
1122 1291
1122 1373
1122 1475
1122 1237
1123 1212
1123 1139
1123 1543
1123 1491
1123 1323
1123 1474
1123 1489
1123 1585
1123 1257
1124 1406
1124 1498
1124 1215
1125 1580
1125 1454
1125 1362
1125 1203
1126 1223
1126 1257
1126 1469
1126 1397
1126 1367
1126 1583
1126 1439
1127 1325
1127 1344
1127 1538
1128 1285
1128 1222
1128 1351
1128 1131
1128 1183
1129 1536
1129 1395
1129 1260
1129 1229
1129 1203
1129 1429
1129 1527
1129 1341
1130 1396
1131 1282
1131 1401
1132 1571
1132 1288
1132 1497
1133 1449
1133 1160
1133 1526
1134 1473
1134 1221
1134 1145
1135 1221
1135 1321
1135 1162
1135 1183
1135 1427
1136 1473
1136 1332
1136 1527
1136 1175
1136 1562
1137 1312
1137 1591
1137 1195
1137 1271
1138 1475
1138 1157
1138 1515
1138 1297
1138 1489
1139 1312
1139 1565
1140 1427
1141 1227
1141 1172
1142 1382
1142 1230
1142 1522
1142 1592
1142 1213
1143 1277
1144 1540
1144 1545
1144 1385
1144 1191
1145 1504
1145 1364
1146 1482
1146 1550
1146 1586
1147 1498
1147 1315
1147 1306
1147 1448
1148 1250
1148 1220
1148 1270
1148 1256
1149 1538
1150 1416
1150 1155
1150 1256
1150 1233
1151 1454
1151 1488
1151 1518
1152 1496
1152 1406
1153 1444
1153 1198
1153 1263
1153 1293
1153 1317
1153 1221
1154 1485
1154 1552
1154 1169
1154 1585
1154 1180
1155 1570
1155 1221
1156 1552
1157 1281
1157 1319
1157 1574
1157 1289
1157 1288
1157 1255
1158 1568
1158 1178
1159 1302
1159 1259
1159 1509
1160 1456
1160 1347
1160 1172
1161 1253
1161 1528
1161 1263
1161 1375
1162 1588
1162 1372
1163 1319
1163 1421
1163 1264
1163 1170
1163 1571
1163 1386
1163 1567
1164 1447
1165 1239
1165 1326
1165 1307
1166 1327
1167 1309
1167 1522
1167 1508
1167 1339
1167 1207
1168 1560
1168 1287
1168 1543
1168 1325
1168 1491
1168 1277
1169 1188
1169 1574
1170 1539
1170 1281
1170 1228
1170 1392
1170 1369
1171 1315
1171 1458
1171 1493
1172 1484
1172 1381
1173 1307
1173 1387
1173 1269
1173 1242
1174 1224
1174 1517
1174 1241
1175 1456
1175 1561
1175 1364
1175 1419
1175 1236
1176 1492
1176 1372
1177 1206
1178 1345
1178 1514
1178 1227
1178 1466
1178 1437
1179 1559
1179 1547
1179 1520
1179 1458
1179 1206
1179 1371
1180 1293
1180 1523
1180 1241
1180 1391
1180 1460
1181 1280
1181 1365
1181 1225
1181 1548
1181 1211
1181 1466
1182 1577
1182 1454
1183 1539
1183 1430
1183 1511
1183 1290
1183 1245
1183 1203
1184 1352
1184 1330
1184 1460
1185 1221
1185 1552
1185 1462
1186 1440
1186 1314
1186 1220
1186 1462
1186 1225
1186 1281
1186 1392
1186 1588
1186 1367
1186 1515
1187 1314
1187 1507
1187 1278
1188 1392
1188 1229
1188 1583
1188 1596
1188 1215
1189 1224
1189 1474
1191 1220
1191 1193
1191 1274
1192 1506
1192 1571
1192 1221
1192 1583
1192 1597
1193 1216
1193 1411
1193 1566
1194 1557
1194 1407
1195 1462
1195 1197
1195 1495
1195 1359
1196 1574
1196 1222
1196 1355
1196 1219
1196 1205
1196 1338
1196 1501
1197 1349
1197 1395
1198 1219
1198 1492
1198 1392
1199 1381
1199 1575
1200 1285
1200 1513
1200 1421
1200 1362
1200 1561
1201 1378
1201 1337
1201 1436
1201 1372
1202 1280
1202 1443
1202 1433
1202 1308
1203 1377
1203 1318
1203 1300
1203 1435
1204 1411
1204 1397
1204 1242
1205 1320
1205 1551
1205 1584
1205 1529
1205 1215
1206 1438
1207 1347
1207 1316
1207 1338
1208 1343
1208 1311
1209 1383
1209 1392
1209 1297
1209 1340
1210 1549
1211 1422
1211 1421
1211 1252
1211 1343
1212 1568
1212 1544
1212 1302
1212 1273
1212 1502
1213 1440
1213 1315
1213 1389
1213 1426
1214 1411
1214 1384
1214 1453
1214 1232
1214 1458
1214 1548
1215 1526
1215 1545
1215 1462
1216 1480
1216 1461
1216 1597
1217 1467
1217 1476
1217 1457
1217 1309
1218 1286
1218 1254
1218 1229
1218 1390
1218 1535
1218 1413
1219 1545
1219 1399
1219 1392
1220 1295
1221 1444
1221 1488
1221 1554
1221 1505
1221 1423
1222 1255
1222 1493
1222 1400
1222 1246
1223 1249
1223 1482
1223 1350
1223 1355
1223 1312
1223 1242
1223 1405
1224 1449
1224 1583
1224 1577
1224 1439
1225 1384
1225 1566
1226 1419
1226 1252
1226 1289
1226 1389
1226 1412
1227 1467
1227 1516
1227 1466
1227 1434
1229 1499
1229 1397
1229 1389
1230 1254
1230 1234
1230 1421
1230 1379
1231 1539
1232 1356
1232 1297
1232 1506
1233 1241
1234 1505
1234 1555
1234 1368
1234 1284
1234 1599
1235 1290
1235 1420
1235 1533
1237 1505
1237 1475
1237 1291
1237 1362
1237 1464
1237 1275
1238 1257
1238 1552
1238 1561
1239 1496
1239 1532
1240 1249
1240 1355
1240 1316
1240 1333
1241 1350
1241 1567
1241 1502
1242 1542
1242 1423
1242 1397
1243 1441
1243 1569
1243 1586
1243 1566
1243 1342
1244 1598
1245 1386
1245 1390
1246 1516
1246 1457
1246 1497
1247 1514
1247 1553
1248 1334
1248 1279
1249 1548
1249 1415
1249 1494
1250 1577
1250 1388
1250 1269
1250 1559
1250 1369
1252 1538
1252 1353
1252 1293
1252 1496
1253 1509
1253 1555
1253 1300
1253 1503
1253 1546
1253 1279
1254 1387
1254 1355
1254 1571
1254 1294
1254 1277
1255 1577
1255 1424
1255 1496
1255 1433
1256 1497
1256 1439
1257 1408
1257 1387
1257 1555
1257 1557
1257 1567
1258 1376
1258 1297
1258 1491
1258 1429
1258 1335
1259 1533
1260 1390
1260 1437
1260 1438
1261 1484
1261 1493
1261 1385
1262 1425
1262 1419
1262 1487
1262 1264
1262 1363
1262 1564
1263 1418
1263 1460
1263 1590
1264 1542
1265 1380
1265 1383
1266 1510
1266 1356
1266 1275
1267 1547
1267 1345
1267 1570
1267 1569
1267 1331
1267 1546
1267 1323
1267 1448
1267 1402
1268 1330
1268 1556
1269 1529
1270 1490
1271 1571
1271 1306
1274 1536
1274 1517
1274 1589
1276 1324
1278 1346
1278 1351
1278 1339
1278 1370
1279 1450
1279 1295
1279 1598
1279 1594
1280 1563
1280 1327
1280 1492
1280 1435
1281 1300
1281 1569
1281 1294
1281 1460
1282 1366
1283 1531
1283 1545
1283 1388
1283 1512
1283 1394
1283 1500
1284 1545
1284 1322
1284 1538
1284 1302
1284 1503
1285 1319
1285 1353
1285 1516
1285 1477
1286 1349
1287 1441
1287 1488
1287 1430
1288 1585
1288 1413
1288 1588
1288 1559
1289 1464
1289 1466
1289 1372
1290 1563
1290 1315
1291 1581
1291 1599
1291 1338
1292 1414
1293 1363
1294 1352
1294 1584
1295 1590
1295 1571
1295 1516
1296 1574
1296 1410
1296 1331
1296 1439
1297 1314
1297 1577
1297 1447
1297 1353
1297 1452
1298 1477
1298 1414
1298 1493
1300 1485
1300 1428
1301 1593
1301 1480
1301 1485
1301 1538
1301 1369
1302 1440
1302 1441
1302 1538
1302 1492
1303 1391
1303 1527
1303 1363
1304 1410
1304 1478
1304 1420
1304 1480
1305 1400
1306 1577
1307 1316
1307 1355
1307 1425
1308 1513
1308 1328
1308 1333
1310 1382
1311 1467
1312 1594
1313 1446
1313 1525
1314 1490
1314 1527
1315 1599
1316 1418
1316 1343
1317 1521
1317 1528
1317 1476
1317 1469
1318 1449
1318 1364
1318 1530
1319 1466
1320 1321
1320 1373
1322 1392
1323 1554
1324 1498
1324 1346
1324 1459
1325 1347
1325 1586
1327 1489
1327 1581
1327 1508
1329 1542
1329 1336
1329 1435
1330 1482
1331 1533
1331 1343
1332 1410
1332 1475
1332 1459
1332 1470
1332 1375
1333 1523
1334 1374
1335 1510
1335 1388
1335 1423
1335 1456
1335 1455
1336 1357
1336 1369
1336 1437
1339 1470
1341 1520
1341 1531
1342 1448
1342 1453
1342 1406
1343 1395
1343 1590
1344 1503
1344 1372
1345 1491
1345 1553
1346 1379
1347 1378
1347 1364
1347 1549
1348 1351
1348 1359
1348 1466
1348 1455
1351 1451
1351 1539
1352 1510
1352 1549
1352 1429
1355 1414
1355 1539
1356 1445
1356 1450
1356 1452
1358 1541
1358 1420
1359 1519
1360 1476
1360 1573
1360 1374
1360 1398
1360 1470
1362 1495
1362 1493
1363 1416
1365 1384
1365 1448
1365 1481
1365 1534
1366 1496
1366 1371
1367 1488
1367 1463
1367 1599
1367 1563
1367 1589
1368 1497
1368 1407
1369 1578
1369 1393
1369 1426
1369 1530
1369 1563
1370 1431
1372 1418
1373 1579
1374 1385
1375 1595
1375 1553
1375 1431
1375 1411
1376 1569
1378 1444
1379 1475
1379 1405
1380 1495
1381 1579
1381 1397
1381 1535
1381 1406
1382 1510
1382 1433
1383 1555
1383 1535
1384 1404
1385 1398
1386 1594
1387 1399
1388 1534
1389 1430
1391 1405
1392 1412
1394 1472
1394 1409
1394 1514
1394 1402
1395 1575
1395 1527
1395 1434
1396 1405
1396 1529
1396 1438
1397 1527
1398 1572
1398 1492
1399 1511
1400 1595
1400 1412
1400 1554
1402 1417
1402 1525
1402 1437
1403 1416
1403 1489
1404 1512
1405 1476
1405 1479
1406 1463
1407 1426
1409 1522
1409 1498
1411 1435
1412 1568
1413 1461
1414 1461
1414 1565
1415 1574
1415 1551
1415 1503
1417 1442
1417 1577
1417 1427
1417 1433
1418 1498
1419 1463
1419 1451
1419 1481
1419 1487
1419 1597
1421 1584
1421 1528
1421 1514
1423 1424
1425 1454
1426 1464
1426 1595
1427 1442
1427 1574
1427 1485
1427 1456
1427 1507
1433 1473
1434 1562
1435 1483
1435 1587
1435 1593
1436 1515
1438 1534
1439 1517
1439 1581
1439 1518
1440 1552
1440 1564
1442 1526
1444 1498
1446 1526
1446 1496
1446 1500
1447 1455
1449 1569
1451 1508
1451 1571
1452 1532
1452 1529
1455 1481
1455 1507
1455 1529
1455 1527
1456 1578
1459 1515
1459 1534
1460 1509
1460 1491
1460 1464
1462 1578
1462 1487
1463 1586
1463 1505
1465 1566
1466 1538
1466 1524
1466 1588
1466 1470
1467 1576
1468 1536
1468 1485
1473 1591
1473 1502
1475 1566
1475 1589
1476 1516
1476 1527
1479 1549
1481 1497
1483 1558
1483 1577
1484 1511
1484 1552
1486 1512
1487 1509
1487 1596
1488 1489
1490 1596
1491 1587
1493 1567
1494 1578
1494 1521
1494 1563
1496 1555
1498 1559
1499 1598
1500 1583
1501 1592
1503 1521
1504 1536
1505 1554
1506 1576
1507 1551
1508 1578
1509 1510
1509 1560
1512 1587
1512 1525
1512 1548
1515 1536
1516 1540
1517 1518
1518 1549
1519 1536
1519 1592
1522 1586
1524 1576
1524 1557
1526 1536
1526 1588
1528 1581
1531 1590
1536 1570
1539 1591
1540 1541
1542 1586
1542 1593
1544 1575
1549 1570
1549 1597
1552 1574
1553 1564
1558 1570
1558 1571
1558 1596
1565 1581
1569 1576
1570 1599
1580 1582
1593 1599
