0 292
0 1317
0 778
0 910
0 400
0 1018
1 368
1 129
1 888
1 350
1 584
2 705
2 76
2 1233
3 960
3 273
3 1147
3 438
4 1188
4 5
4 126
4 167
5 64
5 1282
5 1099
6 264
6 361
6 210
6 443
6 919
7 361
7 162
8 96
8 785
8 1466
8 1031
9 1032
9 1302
9 573
9 454
9 1565
10 832
10 389
10 446
10 533
11 634
11 476
11 1506
11 791
12 762
12 307
12 1069
12 870
13 355
13 913
13 1490
13 21
13 410
13 62
14 376
15 679
16 1385
16 654
16 374
17 633
17 997
18 1188
18 232
18 108
18 875
18 1004
18 1374
19 162
19 1491
19 508
19 623
20 672
20 644
20 1096
20 527
20 624
20 948
20 534
21 1536
21 66
21 995
21 1549
21 1296
21 83
21 659
21 187
22 834
22 487
22 425
22 46
22 1361
22 1375
23 48
23 1137
23 860
23 1598
23 486
24 393
24 1510
24 598
24 1569
25 1168
25 122
25 490
26 857
26 618
26 1270
26 486
27 391
27 412
27 78
27 1461
27 1081
27 762
27 1211
27 988
28 552
28 608
28 819
28 1246
29 197
29 70
29 1257
29 1131
29 366
29 1135
29 306
29 1242
29 1308
30 450
30 170
30 1325
30 719
30 504
30 88
31 1408
31 1440
31 219
31 1211
31 1545
32 1040
32 1505
32 1388
33 889
33 1518
34 1344
34 804
34 37
34 751
34 667
34 223
35 420
35 627
35 308
36 544
36 704
36 259
36 1099
36 1291
36 1021
37 1002
37 933
37 1503
39 96
39 682
40 72
40 449
40 891
40 76
40 748
41 1216
41 1122
41 1351
42 1458
42 1171
42 1455
42 910
42 255
43 344
44 1280
44 194
44 554
44 204
44 921
44 121
44 638
45 1265
45 1410
45 164
46 1545
46 930
46 851
47 701
48 559
49 509
49 739
49 381
49 983
49 375
50 417
50 709
50 871
50 488
50 1034
50 1565
50 1598
51 468
51 1245
52 1463
53 392
53 995
53 1173
53 1014
54 665
54 1047
55 400
55 1587
55 1339
55 959
56 1218
56 1028
56 389
56 872
56 458
56 843
56 719
56 383
57 1262
57 559
58 330
58 1227
58 1260
58 885
59 321
59 427
59 609
60 1376
60 1098
60 1199
60 941
60 311
61 1242
61 692
62 1284
62 439
62 495
62 407
63 1265
63 1530
63 1349
63 1119
64 1312
64 547
64 1191
64 619
64 940
64 1561
65 1318
65 1206
65 1078
65 1485
66 1368
66 1170
67 322
67 742
67 745
67 1162
67 212
67 443
68 1040
68 1561
69 1049
69 331
69 1500
70 283
70 1191
71 1171
71 724
71 1451
72 488
72 359
72 369
72 564
72 1051
73 1154
73 1461
73 399
74 169
74 1052
75 224
75 204
75 164
75 1264
75 1220
76 1344
76 250
76 662
77 1283
77 1212
78 1512
78 811
78 1097
79 643
79 425
79 1169
79 1430
79 247
79 413
80 193
80 539
81 616
81 1065
81 523
81 1211
82 185
82 955
82 1574
82 1022
83 792
83 762
83 815
84 172
84 499
84 1043
84 122
84 1551
84 188
85 136
85 1068
86 160
86 1568
86 938
87 939
87 1405
88 1569
88 194
88 1586
88 1362
88 1235
88 792
89 1204
89 500
90 770
90 724
90 1493
90 94
91 1540
91 1243
91 1268
91 1534
92 1430
92 941
92 1286
92 183
93 1313
93 1189
93 744
93 1550
93 1461
93 1177
93 701
93 862
94 1000
94 499
94 1194
95 1460
95 174
96 548
96 622
96 655
96 816
96 1166
96 1071
97 106
97 412
97 1590
97 1046
97 359
98 1586
98 907
98 1324
98 955
98 1491
99 1504
99 237
99 1375
100 616
100 858
100 685
100 1351
101 1516
102 1204
102 502
102 1400
102 212
102 571
102 1311
103 1297
103 1058
104 1516
104 1133
104 1309
105 1371
105 805
105 1292
105 465
105 1590
105 631
105 347
105 1021
106 1155
106 358
106 1447
106 1144
106 761
107 1273
107 652
107 1297
107 750
107 143
108 1303
108 311
109 1217
109 1139
109 759
110 845
111 861
112 289
112 188
112 637
112 1430
113 289
113 1258
113 180
113 534
113 1103
114 1578
114 1467
114 1412
114 854
114 414
115 1263
116 177
117 1432
117 409
117 390
117 927
118 1102
118 590
118 752
118 206
118 1240
118 765
118 1086
118 639
119 1450
119 483
119 1180
120 640
120 1100
120 196
120 1536
120 1503
121 962
121 1250
121 1246
122 227
122 488
122 1038
122 1246
123 640
123 305
123 884
123 1332
123 699
123 573
124 760
125 1036
125 1529
125 972
125 445
125 487
126 585
126 781
126 574
126 1321
127 1440
127 185
127 1281
128 903
128 968
128 1388
128 1104
128 725
128 311
129 754
129 599
130 1505
130 706
130 138
130 1268
130 571
130 892
131 401
131 787
131 1230
131 286
131 607
132 828
132 1506
132 291
132 164
132 390
133 288
133 201
133 1453
133 243
133 1304
133 345
133 702
134 682
134 1396
134 566
134 1559
135 1141
136 508
136 1478
137 392
137 1218
137 509
137 974
138 1445
138 1002
138 525
138 1425
138 1106
138 1395
139 184
139 929
140 1026
140 1355
140 585
140 1130
140 235
140 1074
140 214
141 746
141 715
142 261
142 878
142 399
142 1491
142 404
142 340
142 1594
142 189
142 799
143 737
143 262
143 1511
143 1169
143 254
144 203
144 411
144 1574
144 1046
144 711
145 1083
145 186
145 987
145 826
145 1305
147 352
147 1224
148 1357
148 1222
148 1597
149 313
149 421
149 1062
149 335
150 344
150 1210
150 1156
150 1550
151 1096
151 884
151 261
151 1278
152 1056
152 1185
152 1067
153 1082
153 204
153 1589
153 1527
154 1572
154 904
154 237
154 759
154 478
154 703
155 920
155 1154
155 1595
155 981
156 681
156 1134
156 1159
157 1573
158 770
159 1492
159 1350
160 1082
160 1508
160 1581
161 865
161 1170
162 634
162 715
163 752
163 244
163 267
163 188
164 488
164 915
165 1196
165 1534
166 473
166 1115
166 589
167 1300
167 1322
168 872
168 1367
168 204
168 759
169 1466
169 1077
169 1478
169 263
170 1228
170 1392
170 946
170 1364
170 1498
171 1274
171 747
171 300
172 1488
172 458
172 1567
173 496
173 1436
173 658
173 1563
173 284
174 449
174 433
174 210
174 630
174 1432
175 949
176 1016
176 1336
176 948
177 696
177 515
177 1349
177 646
178 1336
178 1145
178 1313
178 1345
178 367
179 1131
179 406
179 1095
180 234
180 1563
181 1488
181 660
181 765
181 1054
181 1367
182 834
182 1414
182 941
182 338
182 694
182 856
182 1177
183 1312
183 381
184 977
184 1098
184 1189
185 229
185 842
185 313
185 797
185 638
186 1040
186 886
186 246
186 305
187 841
187 1567
188 446
188 1563
188 1534
188 1087
189 226
189 431
190 1110
190 751
191 608
191 249
192 1161
192 965
192 1193
193 432
193 994
193 708
193 621
193 945
194 1028
194 430
194 889
194 635
195 747
196 212
196 703
197 1032
197 466
198 472
198 601
198 1092
198 461
199 1259
199 421
199 1293
200 1541
200 1066
200 1172
200 599
200 988
200 319
201 296
201 969
201 906
201 1238
201 1097
202 1216
202 957
202 1528
202 325
202 733
203 328
203 796
204 524
205 769
205 1159
205 396
205 656
205 860
205 765
205 511
206 928
206 1273
208 433
208 1578
209 1433
209 1322
210 808
210 1065
210 1040
210 1018
211 620
211 871
212 704
212 768
212 1407
213 340
213 1591
214 668
214 490
214 491
215 760
215 659
215 715
215 1207
216 698
216 1395
217 865
217 1221
217 552
217 629
217 1334
217 1274
218 320
218 1490
218 1180
218 815
219 929
219 1155
219 1086
220 957
221 1371
221 1036
221 1469
222 428
222 237
222 999
223 970
223 1451
223 770
223 622
223 269
223 784
223 532
223 1333
224 1502
224 940
224 1286
224 990
225 505
225 1292
225 657
226 1242
226 1139
226 933
227 1017
228 1121
228 740
228 678
228 1452
228 333
228 372
228 438
228 376
228 1252
228 319
229 680
229 874
229 779
229 732
230 700
230 1429
230 1501
231 393
231 687
232 502
232 1135
233 1232
233 790
234 1088
234 385
234 1472
235 288
235 492
235 909
235 465
235 981
235 889
235 571
235 1245
235 1022
236 699
237 1260
237 1072
237 1080
238 1345
238 1042
238 606
239 840
239 345
240 553
240 508
240 477
240 991
241 539
241 628
241 1155
242 249
242 1314
243 882
243 1439
243 759
244 378
245 1464
245 1006
246 1020
246 1382
246 543
247 377
247 942
248 1553
248 491
249 292
249 777
249 458
249 750
249 924
250 993
250 322
250 1190
250 529
250 829
251 860
251 1517
252 360
252 766
253 1189
253 622
253 1433
253 255
253 1340
253 1407
254 1361
255 1175
256 1240
256 372
256 517
256 942
257 360
257 1498
258 1522
258 571
258 1246
259 413
259 1574
260 908
260 1387
260 676
260 1303
261 1473
261 383
261 1110
262 689
262 1106
263 1540
263 1511
263 747
263 1052
263 1311
264 1572
264 934
264 1547
264 524
264 979
264 724
264 695
265 1516
265 741
265 1150
265 1311
266 890
266 547
266 651
267 331
267 1452
267 478
268 1584
268 1514
268 1030
269 279
269 532
269 717
270 825
270 1581
270 622
271 1442
271 869
271 562
271 790
271 696
271 1433
271 1595
272 810
272 727
272 1018
272 719
273 578
273 1140
273 650
273 1029
274 874
274 906
274 975
276 745
276 1347
277 1564
277 1422
277 1222
278 592
278 1411
279 1475
279 844
279 1143
280 832
280 581
280 968
280 306
280 665
280 345
280 1029
281 603
281 941
281 715
281 1293
282 640
282 939
283 1392
283 1122
283 612
284 1155
284 332
284 1134
284 1005
284 476
285 687
285 350
285 647
286 932
286 1327
286 976
286 594
286 986
287 1393
287 1506
288 772
288 1321
288 977
288 1305
288 828
288 799
289 1458
289 468
289 351
290 1331
290 978
290 1139
292 1218
292 420
292 1340
293 1474
293 1067
293 1351
294 1404
295 810
295 1196
295 910
297 1298
298 1049
298 1367
299 587
299 807
300 339
300 876
300 738
300 1126
301 1186
301 995
301 645
301 457
301 1230
301 617
301 474
301 1413
302 580
302 1510
302 1263
303 892
303 740
303 1191
304 1587
304 990
305 987
305 426
305 1262
305 501
305 1021
306 824
307 642
307 908
307 977
307 1271
307 696
307 1085
308 833
308 1220
308 1444
309 1356
309 825
309 1188
309 967
310 1161
310 723
310 492
311 1457
311 1524
311 405
312 1047
312 781
312 1488
312 817
312 1043
312 1110
312 1207
313 759
314 1105
314 1326
315 1067
315 1077
315 558
316 1402
317 1346
317 707
317 1451
317 396
317 1182
317 1310
318 1264
318 540
318 701
318 1495
319 913
319 561
319 1333
319 1430
319 538
320 1584
321 873
321 596
321 551
322 420
322 1382
323 688
323 1039
324 1120
324 722
324 413
325 1577
325 1244
325 546
325 1269
326 480
326 1257
326 802
326 1538
327 1123
327 1431
327 1581
327 1263
328 1222
328 1329
328 880
328 369
328 799
329 931
329 732
329 1055
330 1107
330 1285
331 1506
331 847
331 1369
331 601
331 378
331 1467
332 792
332 675
332 707
333 1196
333 443
334 1566
334 1228
334 1198
334 646
335 1249
335 900
335 453
335 370
335 926
336 658
336 1586
336 1468
336 925
336 406
337 1088
337 913
337 338
338 1409
338 1322
338 910
338 691
338 501
338 475
338 1470
339 1412
340 1421
340 1271
340 958
340 895
341 686
342 1357
344 968
344 1005
344 1389
344 1557
345 709
345 1499
346 1098
346 1380
346 893
347 866
347 972
348 446
349 1149
350 1458
350 1203
351 1285
351 1486
351 369
351 1326
351 878
352 670
353 748
354 971
355 1088
355 1413
355 1351
355 1224
355 527
355 977
355 1203
355 1083
356 739
356 1084
357 851
357 779
357 468
357 567
358 745
358 862
359 877
360 730
360 412
360 476
361 1154
361 1586
362 969
362 1034
362 1455
362 1461
362 1564
362 734
363 880
363 569
363 1184
364 824
364 1087
364 1415
364 853
364 567
365 680
365 1585
365 668
366 1170
366 637
367 1472
367 1491
368 747
368 1465
368 1079
369 867
369 1072
369 372
369 1464
370 1442
370 1069
370 531
370 663
370 1305
370 540
371 777
371 1122
371 967
371 1075
371 687
372 1588
372 986
372 1532
372 639
373 732
373 1478
373 391
374 546
374 543
375 1139
375 1330
375 690
375 691
375 703
376 1573
376 463
376 1362
376 884
377 1412
378 562
378 493
379 429
379 1581
380 1577
380 386
381 1011
381 617
381 1318
382 1133
382 1254
382 1253
384 960
384 1442
384 1220
384 718
384 568
384 1148
384 510
385 798
387 1296
387 986
387 507
387 1155
387 1242
388 616
388 753
388 1320
389 1474
389 1301
390 872
390 1368
390 466
390 1176
391 1395
392 1484
392 1485
393 1188
393 618
393 1195
393 435
393 1043
393 957
393 1150
394 1141
394 694
394 558
394 973
395 698
395 1222
396 528
397 808
397 1225
397 850
397 954
397 1110
398 416
398 834
398 595
398 855
399 951
400 1049
400 1085
401 1378
401 875
401 1358
401 532
401 1333
401 923
402 432
402 988
403 737
404 936
404 1420
405 1221
406 1271
407 1381
407 1126
407 1360
407 798
407 869
408 432
408 1544
408 1170
408 1386
409 1059
409 485
410 522
411 1043
411 1029
411 814
412 518
413 1300
413 1460
414 1053
414 1246
415 944
415 1364
416 816
416 473
416 421
417 864
417 891
417 774
418 1266
419 1345
419 1505
419 420
419 981
419 1101
420 1332
420 660
420 724
420 1535
420 830
420 703
421 780
422 856
422 1594
422 995
422 726
423 928
423 1528
423 494
424 854
425 1536
425 1380
425 1498
425 1279
426 1304
426 1348
426 435
426 1164
427 872
427 553
427 892
427 1079
428 928
428 561
428 1146
428 1505
429 1332
429 597
429 1334
430 1287
431 1366
432 1578
432 853
432 1210
433 981
434 977
434 1062
435 627
435 547
435 1295
436 1296
436 1488
436 659
436 1439
437 850
438 1026
438 879
439 989
440 946
441 669
441 870
442 787
442 805
442 1351
443 1107
444 1531
444 796
444 1054
445 710
445 925
445 1136
445 1206
445 860
446 834
447 1168
447 1508
448 1315
448 1195
449 625
450 1107
450 739
451 680
451 1308
451 685
452 490
452 738
453 1094
453 1415
453 1100
453 1043
453 726
454 870
454 686
454 1550
454 1527
454 1115
454 863
455 1452
455 811
455 1364
455 1261
457 736
457 1568
457 1415
457 713
457 748
459 789
460 843
460 927
461 1313
461 1197
462 1377
462 1594
463 1284
463 494
464 1182
464 970
464 1130
464 917
464 478
466 1281
466 1099
466 1265
466 607
467 470
467 903
468 1184
468 834
468 939
468 1333
468 1402
469 738
470 1537
470 482
470 750
470 1112
470 1275
470 478
471 1505
471 1115
471 607
472 1393
473 1111
474 1194
474 877
475 492
475 1325
475 1550
475 1171
475 1467
475 1212
476 613
476 1290
476 880
476 659
477 713
477 676
477 1430
477 1070
478 1145
479 1320
479 989
480 779
480 979
482 1418
482 718
483 1020
483 635
483 868
483 942
484 800
484 818
484 1012
484 1462
485 1059
485 1334
485 953
485 729
486 1570
486 1061
486 1322
486 913
487 905
487 1282
488 1125
488 617
488 846
488 661
488 600
489 1083
489 1436
489 1459
490 1286
490 1316
490 684
490 912
490 1178
490 701
491 1267
491 796
491 735
492 1159
492 968
492 1050
493 1456
493 999
493 778
493 751
494 1250
494 1460
494 589
495 1381
495 1095
495 843
495 628
495 669
496 879
497 577
497 612
497 1377
497 1010
497 853
497 1366
497 1243
498 921
498 714
498 1195
499 992
499 866
499 1347
499 1046
499 1149
500 978
500 621
501 1536
501 586
501 1239
502 1542
502 1422
502 1394
502 1115
502 1534
503 808
503 1116
503 820
504 769
504 1477
504 1569
504 622
504 568
506 1137
506 1362
506 644
506 637
506 759
507 812
507 902
508 1571
508 839
508 529
509 1311
510 671
511 760
511 999
512 1024
512 1428
512 1581
512 758
512 1175
513 1555
513 1063
514 1114
515 841
516 1113
516 1167
517 1123
517 712
517 784
517 788
517 1238
517 767
518 1287
518 747
518 591
518 1336
518 1053
519 1173
520 684
521 644
521 1156
521 636
521 975
522 1287
523 962
523 994
523 723
523 791
523 1118
524 796
525 1350
526 802
527 721
527 862
527 662
528 1450
529 636
530 1323
530 766
531 768
531 1048
531 1103
532 1203
532 797
533 1483
533 884
533 578
534 1130
534 1401
534 1276
534 1054
535 1163
535 1414
536 1505
536 1124
536 966
536 1128
536 914
536 947
536 979
537 804
537 1501
537 1591
538 688
538 577
538 596
539 1454
539 1134
539 849
540 1314
541 1133
541 1221
542 840
542 673
542 1572
542 1377
542 815
544 1320
544 1451
545 1161
545 1058
545 551
546 1233
546 1379
546 1579
547 1517
547 1202
547 890
547 1115
548 1088
548 1408
549 1128
549 1173
549 845
549 679
550 1172
550 1183
551 896
551 1185
552 1194
554 1291
555 961
555 1262
555 1150
556 579
556 1572
556 965
556 1243
556 1511
557 1207
557 943
558 812
559 1045
560 1252
560 581
560 779
560 1356
560 1591
560 671
562 952
562 976
562 726
563 880
563 954
563 1069
564 747
564 1036
564 1383
565 1128
565 1136
565 1098
566 1155
566 1285
567 576
567 1262
569 1384
570 845
570 1286
571 1545
571 688
571 1529
572 1441
572 1388
573 608
573 805
573 1065
573 733
574 588
574 846
574 1463
575 1259
575 1109
575 1566
576 1208
576 948
576 1454
577 1320
577 1234
577 630
578 890
578 743
579 809
579 1195
579 1326
579 1159
580 1519
581 1293
582 891
582 604
582 933
583 1025
583 1141
583 821
583 631
584 1344
584 1427
585 1216
585 825
585 1532
586 1500
586 693
587 785
587 1577
588 767
589 1330
590 732
590 877
590 639
591 837
592 1411
592 964
593 949
594 1344
594 1476
594 1163
594 1520
594 863
595 1328
595 1559
595 1271
595 1007
596 1501
596 690
596 1305
597 646
597 788
597 1496
597 1500
597 1567
598 803
599 1551
599 1417
600 689
601 802
601 902
602 1171
603 753
604 1115
606 1210
607 875
608 1316
608 1352
608 1070
608 990
609 1560
609 910
609 630
609 995
610 760
610 1129
610 1501
610 822
611 1220
611 724
611 1239
612 1330
613 723
613 638
614 806
614 1286
614 968
614 777
614 1590
614 633
614 1402
614 1180
614 1535
615 762
615 1244
615 1414
616 1565
616 1025
617 1125
617 744
617 1045
617 858
617 1243
618 1348
618 1105
619 1338
619 1495
619 756
619 999
620 1160
620 1451
620 1231
621 1500
621 1520
621 1363
621 694
621 1436
621 1502
623 766
624 712
624 1021
624 1373
625 1416
625 1395
625 1286
626 992
626 1526
626 1111
627 768
627 1187
627 657
627 1049
627 990
628 866
628 1548
628 1346
628 1010
628 1423
628 1402
628 1083
629 1207
630 1285
630 1110
630 1214
631 1219
631 1430
632 1336
632 1086
633 907
634 810
634 902
634 893
635 1552
635 1574
635 1318
636 642
636 839
636 1512
636 688
637 725
638 983
639 1423
639 784
639 758
639 1591
639 670
640 1074
641 1518
642 834
642 1333
642 799
643 808
643 1198
643 720
643 693
643 918
643 664
644 1420
644 848
644 1417
644 1278
645 865
645 1174
646 1357
646 965
647 1546
647 1389
648 984
648 665
648 1329
648 1073
649 993
649 1370
649 1349
649 918
649 1465
650 1408
650 1474
650 868
651 880
651 1028
651 1178
652 720
652 985
652 987
652 999
653 811
653 756
653 773
653 1541
653 991
654 1234
655 1489
655 1335
655 1389
655 1119
656 809
656 1125
657 864
657 1341
657 895
659 1302
660 1483
660 1200
660 1176
660 1535
661 793
661 965
661 1534
662 1221
662 743
662 1001
662 1482
662 1106
663 697
663 869
663 1382
663 1361
664 866
664 907
664 948
664 824
664 1515
665 1571
665 1422
665 882
666 680
666 1596
667 1019
667 1044
667 826
670 906
670 868
671 1534
672 956
673 1356
673 1478
674 1017
674 1173
675 1041
675 1115
675 1525
675 1047
676 722
676 788
676 1270
676 1239
677 835
678 1386
679 1208
679 1209
679 998
680 748
680 1527
681 1417
681 1188
681 935
682 803
682 1444
682 976
682 1335
682 1150
683 1146
683 1530
683 1166
684 987
685 1389
687 885
687 1273
687 1435
687 1567
688 815
689 1377
689 969
689 1559
689 1481
690 1212
690 1346
691 1426
691 877
691 958
692 1199
693 888
693 837
693 1286
694 1388
694 1170
694 1207
695 1165
695 973
695 1170
695 758
695 1079
696 1412
696 1420
696 1044
696 1016
697 1355
697 1253
698 855
699 1471
701 1512
701 1388
701 1206
701 703
703 1162
704 1387
704 788
704 1273
705 1049
705 1311
705 910
705 1297
706 1152
707 1380
707 1264
707 1522
707 1052
708 1322
708 878
709 1514
709 1482
709 1199
710 714
711 1328
711 1347
711 1059
711 950
712 929
712 1059
712 1236
712 920
712 1242
712 990
713 1123
713 1428
713 1501
715 1177
716 1376
716 1307
716 1453
717 934
717 775
718 1049
719 875
719 776
720 1596
721 1423
721 974
722 840
722 1491
722 1592
723 1545
723 1453
723 1104
723 890
723 798
724 1198
725 1480
725 1083
725 1572
726 744
726 745
726 753
726 766
727 745
727 940
727 841
728 1272
728 1249
728 845
729 736
729 1184
729 1058
729 1448
729 1259
729 851
730 1572
730 1391
730 1160
730 1591
730 888
730 1054
731 1051
732 1349
732 1321
733 1416
733 1094
734 1158
735 854
735 1583
736 1040
736 1331
736 1014
736 1016
738 1560
738 886
738 856
739 1277
740 1180
742 1144
742 1108
742 942
743 895
744 1021
745 1184
745 1538
745 822
745 1208
746 1402
746 1539
746 1350
747 1124
747 1527
748 1178
749 1569
749 1282
749 1339
750 994
751 1333
751 985
751 930
752 953
752 1178
752 980
753 992
753 1507
753 873
754 840
754 807
755 864
755 954
756 1210
756 1478
757 1324
757 1382
759 1418
759 1368
759 863
760 1480
760 883
761 1059
761 972
762 1209
763 1160
763 932
763 1495
764 1338
764 1479
764 1188
764 1023
765 1355
765 823
765 1114
765 1500
766 930
766 1542
766 982
767 1367
768 858
769 834
769 963
769 1577
769 1146
769 1050
770 1338
770 989
771 1113
772 1028
772 852
773 802
775 1080
775 953
778 996
778 1000
778 1289
778 1277
780 1003
780 1558
781 1571
781 1363
782 1032
782 1082
782 1586
783 1476
783 932
783 1597
783 870
784 865
785 1145
785 947
785 1264
786 912
786 1485
786 1111
787 1093
787 823
788 812
788 1040
789 1320
789 863
790 962
790 879
790 1521
790 1247
791 821
791 1358
791 1439
792 1019
793 1417
793 1290
793 909
793 1456
793 1077
793 986
794 1475
794 1316
794 1430
795 1144
795 1184
795 940
795 902
797 1472
797 1416
797 952
797 957
798 1267
798 1407
799 1402
800 824
800 1573
801 1587
801 1068
801 1597
801 1055
802 1124
802 872
802 1517
802 1594
802 1596
803 910
804 1239
805 1278
807 960
807 833
808 1064
809 1046
810 881
811 1111
812 842
812 1486
812 1555
812 895
814 1408
814 1542
814 1535
815 1091
815 1528
816 1424
817 1331
817 1082
817 1287
817 1063
818 950
820 1554
821 1535
821 1446
822 1200
822 1459
822 1205
823 850
825 1388
825 1277
825 1503
827 1384
827 1423
828 981
829 1480
829 1203
829 1282
830 1063
830 1487
830 1426
830 1596
830 1599
831 1144
831 1201
831 1599
831 974
831 1463
832 1468
834 1347
834 905
834 1004
834 1489
835 1552
835 1066
836 1128
836 1323
836 1532
836 1141
837 1442
837 998
839 1131
839 1541
840 1216
840 937
840 927
841 1312
841 1028
841 1317
841 916
842 1218
842 862
842 865
843 1376
843 1255
843 1452
843 1367
844 1540
844 1116
845 1348
845 1484
845 1337
846 1136
846 1167
847 1408
847 938
849 928
849 1174
850 1055
850 1339
851 1470
852 1504
852 1340
853 1491
853 1375
854 1095
854 1322
854 1532
855 929
855 1522
855 993
856 1216
856 1037
856 1306
856 1467
856 1498
857 1152
857 1480
857 1538
858 1297
859 1115
859 1043
859 1268
859 1194
860 1091
860 1336
861 1039
861 1110
862 1377
863 1265
864 1025
865 1320
867 1430
867 1239
868 1366
868 1127
869 1264
870 1251
870 1284
870 971
870 941
870 1205
870 1176
871 1483
872 1223
872 972
872 1264
872 1118
872 1183
873 923
873 1583
873 1387
874 904
874 1246
875 1591
876 1392
876 970
876 1150
878 1513
879 1447
879 1087
881 898
881 971
881 1304
881 1119
881 1247
883 1324
883 1414
883 1279
884 1180
885 950
886 1283
886 1179
886 1591
887 1379
888 1282
888 1061
888 1287
888 1535
889 1264
889 1197
890 1419
890 1491
890 1424
890 1150
891 1098
891 909
892 1164
893 1177
894 1468
895 902
895 1447
895 1338
898 1403
899 1476
900 976
900 1130
901 1072
901 956
902 907
903 1254
904 1067
904 1429
905 1476
905 1427
905 1463
905 1338
906 1409
907 1393
907 953
907 1307
908 1345
908 1459
909 1457
910 1479
910 1299
910 1087
911 938
911 1078
913 1509
914 947
914 1405
915 1449
915 1394
915 1423
916 1442
916 1092
917 1521
917 1221
917 1190
919 1369
919 923
920 1255
920 1166
920 968
920 1022
921 1297
922 927
923 1185
923 1571
924 944
924 1088
924 1068
925 1309
926 1024
926 1086
927 1267
929 942
929 1207
929 1021
929 1055
930 1434
930 1435
931 1568
931 1178
931 1478
931 1025
932 1059
933 1401
933 1323
934 1426
934 1118
934 935
935 1356
935 1366
936 1253
937 1189
937 1397
938 1584
939 1072
939 1525
940 1058
940 1147
940 1008
940 1140
942 1367
942 1526
942 1115
943 1045
945 1472
946 1081
946 1290
947 1166
948 1320
948 1066
948 1599
948 1340
948 1055
949 1575
949 1012
950 1419
950 1071
950 1535
951 1451
952 1302
953 1514
954 1223
954 1512
954 985
957 1158
957 1429
958 1300
959 1032
959 1212
961 1498
961 1202
961 981
962 1344
962 1415
962 1224
964 1235
964 1388
964 990
965 1412
966 1217
966 1522
966 1272
968 994
968 1083
970 1474
970 1575
971 981
971 1338
971 1277
972 1283
972 1261
972 1309
973 1574
974 1265
975 1432
975 1364
976 1256
976 1512
976 1054
977 1421
978 1226
978 1087
979 1218
980 1283
981 1126
983 1463
984 1281
984 1138
984 1012
985 1186
985 1572
985 1534
986 1579
987 1217
987 1040
988 1410
989 1053
989 1349
990 1351
990 1365
991 1296
991 1335
992 1078
993 1219
993 1526
993 1048
993 1305
994 1145
996 1066
997 1105
998 1302
999 1243
1000 1553
1001 1228
1002 1257
1003 1360
1003 1513
1003 1099
1004 1136
1004 1579
1005 1105
1005 1447
1010 1382
1011 1056
1011 1256
1011 1028
1012 1147
1013 1356
1013 1142
1014 1515
1014 1597
1016 1340
1016 1095
1017 1492
1017 1235
1019 1450
1019 1117
1020 1572
1020 1573
1022 1237
1023 1241
1023 1219
1024 1395
1024 1237
1024 1501
1025 1261
1026 1392
1026 1455
1027 1258
1027 1564
1028 1477
1028 1178
1029 1071
1031 1364
1031 1332
1031 1190
1031 1343
1032 1328
1032 1173
1033 1350
1035 1236
1036 1372
1036 1197
1037 1086
1037 1423
1038 1225
1038 1478
1038 1318
1038 1311
1040 1540
1041 1471
1041 1047
1042 1168
1042 1577
1042 1300
1042 1415
1043 1560
1044 1256
1045 1564
1046 1159
1046 1576
1046 1353
1046 1145
1047 1260
1047 1469
1048 1170
1048 1188
1048 1286
1049 1102
1050 1185
1050 1546
1050 1176
1050 1306
1051 1534
1053 1182
1053 1103
1055 1231
1055 1181
1056 1355
1056 1195
1057 1190
1060 1411
1061 1215
1062 1277
1063 1114
1064 1240
1065 1329
1065 1281
1066 1348
1066 1210
1067 1243
1067 1316
1067 1165
1067 1458
1069 1219
1069 1357
1069 1361
1070 1481
1071 1536
1071 1262
1071 1085
1072 1385
1072 1167
1073 1179
1074 1194
1075 1456
1076 1539
1077 1257
1078 1434
1078 1482
1080 1232
1080 1487
1082 1210
1084 1263
1085 1469
1089 1153
1089 1443
1090 1305
1090 1115
1090 1343
1091 1272
1093 1335
1094 1201
1094 1314
1094 1365
1095 1473
1095 1256
1096 1318
1098 1206
1099 1117
1100 1140
1101 1185
1102 1422
1103 1200
1104 1561
1105 1215
1106 1294
1106 1255
1108 1592
1108 1237
1108 1567
1109 1211
1112 1385
1112 1370
1112 1523
1114 1313
1114 1191
1114 1589
1115 1215
1116 1132
1116 1450
1116 1159
1118 1356
1118 1564
1118 1597
1120 1452
1120 1460
1120 1167
1121 1316
1121 1202
1121 1425
1122 1128
1123 1315
1123 1576
1123 1426
1124 1321
1127 1340
1128 1578
1128 1501
1129 1400
1129 1393
1129 1562
1129 1301
1130 1200
1130 1482
1130 1593
1130 1533
1132 1564
1132 1489
1132 1326
1133 1139
1133 1517
1134 1235
1134 1545
1135 1488
1135 1158
1135 1405
1137 1563
1137 1219
1138 1309
1139 1171
1139 1295
1143 1565
1144 1488
1145 1475
1145 1574
1145 1196
1145 1368
1145 1594
1146 1474
1146 1361
1147 1391
1147 1175
1148 1284
1149 1592
1149 1373
1151 1176
1152 1205
1152 1489
1153 1530
1154 1503
1157 1311
1158 1570
1158 1350
1158 1286
1158 1594
1158 1182
1163 1174
1166 1224
1167 1336
1169 1430
1170 1571
1171 1540
1171 1585
1172 1377
1172 1307
1173 1244
1176 1248
1178 1546
1179 1228
1179 1263
1180 1523
1181 1459
1182 1415
1182 1270
1183 1418
1184 1279
1186 1560
1187 1255
1188 1396
1189 1527
1190 1283
1191 1405
1192 1478
1193 1588
1193 1574
1194 1486
1195 1251
1196 1351
1198 1388
1198 1529
1199 1253
1200 1233
1202 1495
1204 1328
1205 1364
1205 1589
1207 1251
1207 1386
1209 1513
1212 1433
1213 1367
1216 1286
1218 1548
1218 1364
1219 1599
1220 1322
1220 1334
1221 1468
1222 1439
1225 1275
1226 1239
1230 1436
1230 1439
1231 1259
1231 1531
1233 1370
1233 1398
1234 1283
1236 1436
1237 1576
1237 1449
1237 1368
1239 1305
1239 1301
1240 1468
1240 1304
1241 1253
1242 1585
1242 1554
1243 1441
1243 1583
1243 1372
1244 1429
1245 1456
1245 1473
1246 1248
1247 1500
1249 1544
1250 1344
1250 1569
1250 1292
1250 1552
1253 1571
1254 1506
1254 1415
1254 1480
1254 1551
1254 1375
1256 1488
1257 1376
1257 1571
1257 1590
1260 1316
1262 1576
1263 1356
1264 1560
1266 1451
1266 1491
1267 1581
1269 1322
1270 1308
1282 1359
1283 1412
1283 1417
1283 1580
1284 1344
1285 1338
1286 1549
1289 1317
1289 1549
1292 1436
1296 1312
1296 1546
1301 1584
1301 1364
1304 1353
1305 1413
1306 1519
1307 1488
1307 1483
1309 1580
1310 1338
1311 1542
1311 1485
1316 1317
1318 1588
1318 1430
1319 1401
1319 1466
1319 1457
1320 1591
1322 1508
1322 1429
1323 1345
1323 1573
1326 1495
1326 1564
1327 1377
1328 1483
1329 1421
1329 1353
1331 1596
1331 1581
1333 1410
1336 1454
1336 1407
1341 1492
1342 1519
1347 1441
1347 1522
1349 1552
1349 1461
1351 1451
1351 1470
1353 1554
1355 1409
1361 1366
1366 1378
1366 1565
1367 1543
1368 1474
1369 1410
1378 1592
1379 1583
1379 1531
1380 1420
1380 1441
1383 1489
1383 1462
1387 1502
1388 1567
1390 1581
1391 1401
1391 1419
1392 1456
1393 1526
1395 1516
1396 1462
1399 1472
1399 1519
1404 1479
1407 1500
1408 1469
1411 1529
1411 1503
1414 1446
1416 1569
1416 1542
1416 1500
1419 1453
1422 1479
1422 1449
1426 1499
1427 1592
1430 1537
1434 1493
1438 1557
1440 1561
1444 1461
1445 1513
1449 1459
1456 1560
1466 1548
1466 1550
1467 1511
1470 1572
1470 1527
1470 1496
1471 1599
1476 1485
1477 1581
1483 1520
1485 1526
1487 1534
1490 1541
1497 1517
1500 1529
1505 1563
1514 1551
1516 1529
1521 1537
1537 1561
1543 1561
1546 1551
1579 1593
1580 1592
