0 888
0 1409
0 2130
1 2178
1 1162
1 813
1 1590
1 1455
2 1522
2 749
2 1650
2 1299
2 883
2 924
3 1137
3 1251
3 1990
4 2122
4 539
4 973
4 534
4 183
5 1330
5 211
5 1052
6 1314
6 1032
6 1389
6 1743
6 1810
6 473
7 1284
7 1481
7 524
7 1009
7 2169
7 287
8 261
8 78
8 1999
9 1984
9 1452
9 1357
9 1583
9 2164
9 2142
9 854
9 1117
9 94
10 970
10 1474
10 255
11 802
11 311
11 846
11 243
11 1111
11 1435
12 173
12 561
12 1118
12 630
12 1689
12 1724
12 1342
12 671
13 305
13 1412
13 61
13 806
13 781
14 2154
14 1268
15 257
15 1406
16 865
16 1698
16 1764
16 950
16 2059
16 1494
16 1212
17 1511
17 44
17 109
17 886
17 303
18 1344
18 1541
18 2121
18 1651
18 1813
18 599
19 579
19 363
19 302
19 2096
19 1236
19 1215
20 1892
20 195
20 1180
20 990
21 736
21 1601
21 777
21 1580
21 1453
21 1554
21 2015
22 441
22 1634
22 1331
22 1662
23 676
23 34
23 1011
23 228
23 1706
24 715
24 421
24 1195
24 1677
24 317
24 1943
24 762
24 1245
25 681
25 570
25 1095
25 1694
25 103
26 517
26 2022
26 1256
26 1868
26 1262
26 1041
26 1618
26 1541
27 905
27 1546
27 400
27 659
27 1044
27 1493
27 1436
27 926
28 1876
28 450
28 1147
28 1716
28 1391
29 1793
29 1518
29 1362
29 1907
29 725
29 2134
30 1857
30 1938
30 1093
31 2113
31 1035
31 1668
32 1089
32 617
32 266
32 299
32 1452
32 141
32 986
32 497
32 730
32 189
33 1128
33 1652
33 1494
33 602
33 1596
33 1567
34 1029
34 1767
34 360
34 1991
34 1548
34 1935
34 552
34 1628
34 1725
34 1886
34 1701
35 706
35 967
35 1036
35 1486
35 1553
35 1170
35 2009
35 1338
35 317
36 1216
36 866
36 1542
36 2095
36 696
36 542
36 735
37 1322
37 99
37 247
38 481
38 898
38 551
38 233
38 1871
38 1878
38 2108
39 706
39 265
39 1355
39 1261
39 1615
39 1722
40 898
40 1508
40 1575
40 584
40 939
40 1631
41 968
41 721
41 1264
41 1181
41 102
42 1328
42 1919
42 1863
43 1144
43 665
43 1539
43 1828
43 653
44 1886
44 953
44 79
45 408
45 1057
45 637
45 1110
46 1825
46 1299
46 1333
46 1374
47 2056
47 250
47 1139
47 1911
48 1883
48 421
48 1574
48 1482
48 1709
48 1465
48 1989
48 1119
48 1695
48 2074
48 1503
49 1096
49 975
49 273
49 629
49 2076
49 2111
50 1984
50 805
50 1580
50 1425
50 1368
50 636
51 1313
51 932
51 421
51 1194
51 716
51 2161
51 181
51 1623
51 1637
52 1904
52 1466
52 1046
53 448
53 2116
53 199
53 105
53 971
53 2031
53 1527
54 232
54 1257
54 522
54 1012
54 1154
55 1387
55 1043
55 62
55 1831
56 365
56 261
56 462
56 199
57 930
57 180
57 1602
57 1086
57 1375
58 1456
58 737
58 1679
58 1385
58 1015
59 1496
59 1583
59 1306
59 371
59 167
60 704
60 1473
60 1858
60 1916
60 171
60 749
60 1852
61 1192
61 718
61 1101
61 1896
61 1042
62 2131
62 1195
62 1692
62 1989
63 1669
63 519
63 1002
63 1703
63 1132
63 2191
63 2130
63 2170
63 1322
63 997
64 1522
64 2020
64 509
65 930
65 323
65 396
65 1314
65 305
65 1397
66 880
66 1321
66 2184
66 180
66 901
67 1568
67 827
67 1819
67 651
68 161
68 1315
68 1480
68 1776
68 754
68 1302
68 2079
69 2131
69 1254
69 652
69 209
69 403
69 788
69 503
69 1311
70 650
70 2085
70 1167
71 1689
71 1042
71 739
71 1748
71 654
72 1400
72 594
72 228
72 702
73 888
73 513
73 270
73 1392
74 1718
74 284
74 1676
74 1870
74 723
74 1270
74 2167
74 761
74 1116
74 669
74 831
75 848
75 1885
75 301
75 1878
75 1551
76 744
76 523
76 1905
76 2066
76 535
76 540
77 1637
77 1676
77 2131
77 1886
77 1694
77 2175
78 784
78 1016
78 2037
79 849
79 980
79 565
79 1343
80 2171
80 1126
80 454
80 359
80 1806
80 591
80 246
80 271
80 542
81 1077
82 640
82 1952
82 1968
82 1589
82 124
82 2101
83 161
83 1515
83 2187
84 1892
84 174
84 1936
84 307
84 1045
84 1015
84 1369
84 1883
85 517
85 2071
86 386
86 739
86 1572
86 2118
86 776
86 591
86 1650
86 1987
86 404
86 537
86 1402
87 1990
87 1446
87 232
87 170
87 637
87 1360
87 1938
87 445
87 218
87 957
88 608
88 1830
88 1990
88 563
88 2103
88 1819
89 134
89 454
89 1446
89 1864
89 1482
89 1835
89 1293
89 1325
89 944
89 979
89 1685
89 1146
89 2174
90 891
90 1207
90 1102
90 695
91 1489
91 1804
91 1375
92 1728
92 1447
92 1743
92 496
92 1909
92 1210
93 1678
93 1703
94 1898
94 881
94 949
94 1146
94 1466
95 2005
95 1703
96 1960
96 211
96 2165
96 606
97 1732
97 755
97 180
97 1435
98 136
98 216
98 589
98 552
99 705
99 1764
99 297
99 598
99 409
99 729
99 862
99 1925
100 488
100 721
100 1170
100 2157
101 2146
101 1166
101 975
101 816
101 686
101 1978
101 1021
101 1374
101 1855
102 483
102 1284
102 167
102 559
102 338
102 1747
102 1527
102 1628
102 1759
103 1024
103 839
103 360
103 215
103 1143
103 1854
104 1093
104 1422
104 849
104 818
104 947
104 1013
104 154
104 2074
105 1945
105 1771
105 2070
105 1487
106 793
106 124
106 965
107 1712
107 2018
107 1968
107 1383
107 1834
107 1165
107 782
107 752
107 1651
107 1979
107 573
108 1987
108 1963
108 388
108 1302
108 1791
109 1700
109 839
109 969
109 231
109 444
110 1729
110 424
110 1739
110 718
110 1879
110 949
110 439
110 1533
111 1940
111 412
111 190
112 1073
112 1755
112 396
113 1971
113 1955
113 1077
113 1987
113 2063
114 961
114 1371
114 1484
114 1865
115 1601
115 1476
115 1709
115 334
115 821
115 2038
116 176
116 795
116 387
116 1791
117 931
117 1142
117 967
117 296
117 1999
117 1333
117 1334
117 1983
118 577
118 626
118 709
118 1077
119 721
119 954
119 1947
120 1513
120 682
120 276
120 565
120 790
120 1689
121 472
121 602
121 1355
121 1358
121 471
122 2113
122 1509
122 1131
122 846
122 1455
122 432
122 247
122 1560
122 1529
123 954
123 1558
124 546
124 1763
124 166
124 518
124 875
124 1733
125 484
125 1734
125 1103
125 306
125 821
125 505
125 731
125 1028
126 1409
126 2159
126 1621
126 1529
126 1176
126 665
127 1952
127 1738
127 1742
127 934
128 835
128 296
128 1103
128 855
128 1560
128 1821
129 1732
129 876
129 560
129 1973
129 439
129 565
130 976
130 2012
130 357
130 1246
130 919
131 896
131 1826
131 868
131 1158
131 849
131 593
131 851
131 311
131 863
132 1826
132 1570
132 1616
132 275
132 1602
132 2006
132 861
132 1982
133 799
134 2138
134 1935
134 774
134 455
135 410
135 743
135 1316
135 1979
135 599
136 1234
136 298
136 823
137 584
137 1466
137 1602
138 2032
138 713
138 2143
138 189
138 1711
139 1601
139 289
139 2014
139 937
139 1575
139 341
139 702
140 669
140 1019
140 2043
140 765
140 687
140 1277
140 824
140 1401
140 975
140 1788
140 989
140 1439
141 1401
141 394
141 971
141 1250
142 1985
142 1353
142 1354
142 364
142 1586
142 695
143 1152
143 1063
143 2184
143 907
143 1528
143 1811
143 760
143 249
144 737
144 227
144 687
144 145
144 1987
144 955
144 1982
145 560
145 2186
145 860
145 1641
146 1769
146 1775
146 1095
147 1638
147 1262
147 1711
147 532
147 366
147 731
148 1107
148 286
148 2055
149 2198
149 546
149 674
149 1946
150 160
150 2049
150 550
150 696
150 1241
150 187
150 1278
151 1176
151 1209
151 189
151 886
151 1285
152 2122
152 592
152 499
152 660
152 1050
152 2075
152 1885
153 1740
153 2141
153 713
153 1546
153 300
153 1965
153 1902
153 1405
153 819
153 349
154 2147
154 166
154 1545
154 876
154 851
154 1940
155 481
155 578
155 611
155 1985
155 1096
155 329
155 2023
155 941
155 818
155 1155
155 1845
156 468
156 602
156 268
156 1276
157 232
157 1433
157 1275
157 1675
157 1087
158 1283
158 1388
158 403
158 1108
159 1681
159 443
159 638
160 1136
160 2135
160 1532
160 1183
161 451
161 1641
161 911
161 822
161 1111
161 891
161 1150
162 1823
162 1030
162 616
162 1898
162 693
162 532
162 661
162 1528
162 409
162 1087
162 991
163 706
163 669
163 2102
164 2048
164 1841
164 1483
164 1830
164 1897
165 2096
165 185
166 1245
167 320
167 1536
167 835
167 2021
167 1328
167 1137
167 914
167 467
167 2100
167 2149
168 1496
168 986
168 835
168 1252
169 1553
169 331
169 435
169 1742
169 597
170 738
170 356
170 1802
170 1538
170 922
171 1411
171 1229
171 1983
172 1770
172 298
172 1550
172 2063
172 279
172 252
172 1789
173 384
173 1475
173 264
173 689
173 2166
174 1059
174 805
174 327
174 1999
174 465
174 1016
175 1304
175 257
175 907
175 2128
176 614
176 1574
176 651
176 2126
176 688
176 855
176 2139
177 305
177 1804
177 2182
177 2052
177 895
178 1818
178 1317
179 2008
179 1481
179 1525
179 1286
179 1807
180 1831
180 1198
180 240
180 1841
180 663
180 728
181 1601
181 525
181 1359
181 947
181 281
181 1469
182 280
182 741
182 1814
182 2165
183 1956
183 342
184 2145
184 646
184 2185
184 943
184 1433
184 856
184 1177
185 2020
185 2062
185 816
185 916
185 696
185 1375
186 1190
186 1224
186 1833
186 1577
186 1240
186 1306
187 1191
187 976
187 215
187 1784
187 1881
187 2075
187 445
188 400
188 1766
188 1682
188 1070
188 262
189 1739
189 1229
189 1519
189 1176
189 1791
190 962
190 198
190 520
190 1609
190 2059
190 972
190 1874
190 2025
190 1272
190 409
190 1247
191 2089
191 1038
191 2063
191 1648
191 2131
191 1717
191 911
192 1420
192 355
192 892
192 1277
193 513
193 1929
193 1387
193 1775
193 1145
193 511
194 1187
194 1436
195 768
195 2019
195 804
195 1870
195 2130
195 2035
195 1142
196 672
196 453
196 2025
196 749
196 1365
196 1277
197 352
197 465
197 1431
198 2136
198 2137
198 723
199 1095
199 1386
199 2065
199 1682
200 728
200 881
200 716
200 1849
201 1234
201 1878
201 1207
202 1808
202 1521
202 1958
202 1047
203 512
203 921
203 1527
203 1849
203 1423
204 2169
205 2161
205 1589
205 1070
206 1092
206 1288
206 1450
206 428
206 461
206 1709
206 1107
207 2177
207 1797
207 329
207 1905
207 1656
207 925
208 1058
208 1156
208 670
208 1495
209 1667
209 297
209 813
209 335
209 1044
209 2106
210 2089
210 594
210 1973
210 286
210 1239
211 321
211 1256
211 2159
211 2149
212 425
212 628
212 1198
212 753
213 473
213 419
213 1969
213 518
213 1241
214 1953
215 1956
215 741
215 372
215 244
215 283
216 1569
216 1027
216 2054
216 1987
217 1024
217 2163
217 230
217 710
217 327
217 649
217 1355
217 1939
217 792
217 2022
217 2054
217 1829
218 2052
218 710
218 1930
218 1291
218 440
219 1832
219 273
219 1555
219 2017
219 1919
220 1336
220 1344
220 1558
221 1896
221 931
221 1686
221 479
222 1963
222 1806
222 502
222 1591
222 601
222 1306
222 1500
223 865
223 2050
223 740
223 1833
223 1525
223 1626
223 1563
224 1080
224 790
225 963
225 709
225 905
225 1900
225 941
225 1167
225 1395
225 1111
225 536
225 1257
225 2174
225 1605
226 1498
226 1051
226 236
226 1642
227 923
227 420
228 1937
228 683
228 1648
228 904
229 2107
229 844
229 2031
230 1568
230 1447
230 1739
230 1301
230 1785
230 1307
230 861
231 388
231 581
232 642
232 621
232 720
233 2016
233 675
234 1039
235 320
235 583
235 392
235 828
235 1899
235 2093
235 2158
235 377
235 1724
236 451
236 584
236 978
236 1813
236 1239
236 441
236 1114
237 1248
237 774
237 1640
237 1585
237 1205
237 987
237 1630
238 1607
238 619
238 1420
238 303
238 241
238 888
238 1551
238 2183
238 989
239 1203
239 1156
239 1671
240 1217
240 1318
240 1703
240 1399
240 887
240 1207
240 1593
241 1216
241 680
241 1933
241 2194
241 662
241 1656
242 550
242 1000
242 685
242 1102
242 788
242 2072
242 924
243 2098
243 1444
243 2007
244 1834
244 1196
244 1901
244 368
244 540
244 2175
245 425
245 927
245 719
246 1093
246 937
246 1578
246 1726
246 2014
247 803
247 618
247 836
248 929
248 1666
248 1257
248 1707
248 1648
248 632
248 405
248 376
248 286
249 836
249 1319
249 1099
249 1805
249 2004
250 384
250 295
250 1582
250 1780
250 1883
251 1079
251 2170
251 959
251 351
252 1895
252 1897
252 338
252 1724
252 895
253 1056
254 1856
254 2083
254 714
254 308
254 1273
254 1850
255 1609
256 1664
256 1316
256 1446
256 1580
256 1644
256 526
256 2127
256 2000
256 1425
256 2006
258 2056
258 354
258 1835
258 1654
259 1448
259 466
259 810
259 981
260 403
260 1198
261 1273
261 1678
261 399
262 944
262 613
262 902
262 1130
262 558
262 815
262 272
262 1146
263 1074
263 2170
263 2150
264 1280
264 1633
264 2053
264 2125
264 401
264 918
264 474
265 1313
265 2083
265 1540
265 1895
265 1487
265 1076
266 1892
266 485
266 2157
266 1907
266 511
267 1536
267 749
267 1998
267 1039
267 313
267 2110
268 1552
268 1182
268 1863
269 2144
269 1226
269 1227
269 464
269 2164
269 1463
270 598
271 1027
271 874
271 401
271 1970
271 475
272 2088
272 2130
272 2164
272 429
273 1409
273 2145
273 1431
273 375
273 1080
273 765
273 734
274 784
274 1160
274 1972
275 928
275 1441
275 1571
275 2123
275 972
275 1805
275 536
275 1316
276 737
276 1091
276 1721
276 527
277 842
277 429
277 2149
278 1412
278 1864
278 1002
278 1071
278 1904
278 1493
278 1469
278 2014
279 512
279 1184
279 1896
279 365
279 2170
279 348
280 482
280 1646
281 1142
281 1233
281 628
281 1238
281 1656
281 1118
282 380
282 1085
282 1022
283 881
283 1410
283 1501
284 1954
284 296
284 1712
284 915
284 469
284 311
285 1543
285 1931
285 1455
285 2174
285 1373
285 1850
285 1531
285 1341
285 1918
286 1954
286 1478
286 1680
286 1082
286 1755
287 1316
287 1740
287 884
287 1334
287 1241
288 2178
288 1831
288 1096
288 1453
288 1486
288 1681
288 1590
289 2040
289 1419
290 920
290 1288
290 1533
290 989
290 447
291 932
291 1382
292 1509
292 1930
292 652
292 945
292 1941
292 477
293 1512
293 2060
293 799
294 1316
294 1835
294 1548
294 1743
294 1273
294 1791
295 1623
296 2114
296 2061
297 2048
297 706
297 994
297 1496
297 1529
298 708
298 2035
298 1460
298 983
298 670
299 547
299 743
299 878
299 1052
299 830
299 1855
300 1444
300 1316
300 336
300 437
300 2040
301 641
301 1410
301 581
301 1077
302 1968
302 1804
302 974
302 1367
303 320
303 2190
303 311
303 1837
303 501
303 1846
303 791
303 2103
304 1048
304 362
304 444
304 1722
304 695
305 1956
305 1548
305 1136
305 893
306 1680
306 1409
306 620
307 1800
307 782
307 368
307 627
307 634
308 2086
308 1961
308 2199
308 686
308 1807
308 626
308 2121
308 1943
308 1146
308 1615
309 976
309 731
309 517
309 470
309 1637
310 800
310 1891
310 389
310 903
310 1420
310 910
311 832
311 2086
311 582
311 1224
311 1004
312 313
312 1580
312 1277
312 1231
313 1672
313 1193
313 2122
313 1517
313 977
313 350
314 512
314 864
314 2130
314 841
314 2034
314 1328
314 1618
314 1111
314 1853
315 488
315 1735
315 852
315 2142
315 935
316 1793
316 966
316 1606
316 560
316 598
316 1945
316 1693
316 1413
317 934
318 768
318 1638
318 494
319 2037
319 855
320 1698
320 2025
320 1450
320 406
320 959
321 1452
321 1867
321 1419
321 1262
322 1314
322 1604
322 2151
322 1833
322 1369
322 1691
323 900
323 1352
323 813
323 1806
323 1271
324 1872
324 1839
324 1583
325 808
325 1645
325 2125
325 400
325 1051
325 1982
326 411
326 938
326 1932
326 949
326 1878
326 1944
326 1659
326 2108
326 2174
327 1968
327 527
327 441
328 1912
328 1697
328 1619
328 595
328 1796
329 834
329 571
329 1544
329 361
329 1346
329 1838
329 1054
329 1855
330 640
330 1258
330 1199
330 1939
330 1785
330 605
330 2111
331 1928
331 2139
331 2188
332 711
332 1066
332 1775
332 724
332 1048
332 506
333 2062
334 1760
334 1825
334 1621
335 984
335 1950
335 1417
336 904
336 1579
337 2038
337 626
337 1429
337 1206
337 1631
338 2048
338 802
338 1544
338 1693
338 1746
338 605
339 1393
339 2158
339 998
339 1167
340 609
340 1019
340 1123
340 1463
341 2017
341 1525
341 2070
342 784
342 1530
342 1283
342 437
343 1958
343 1383
343 1163
343 2124
343 1199
343 1276
344 1855
345 1510
345 1587
345 2041
345 985
345 1211
345 1662
346 1486
346 1169
346 507
346 389
346 1446
347 708
347 1161
347 629
347 566
347 891
347 636
347 917
348 1521
348 1170
348 830
348 759
348 1438
348 2037
349 448
349 1633
349 718
349 660
349 1688
349 734
350 2019
350 1965
350 823
351 2188
351 2078
352 1248
352 967
352 1130
352 2164
352 666
353 1792
353 1572
353 488
353 1399
353 1594
353 1663
354 425
354 1719
354 1582
354 1268
354 1305
354 377
355 1740
355 671
356 953
356 507
356 484
357 1024
357 395
357 1946
357 1818
357 1276
357 1530
358 1588
358 1586
358 1044
358 1246
359 1167
359 431
359 2070
359 759
359 1627
360 1115
360 804
360 1965
361 1727
361 821
361 1137
362 900
362 791
362 1242
362 924
362 1274
363 597
363 1949
364 1922
364 452
364 778
364 881
364 1046
364 2137
364 2073
364 2026
365 1305
365 1151
365 982
366 1540
366 1002
366 1392
366 1880
366 1849
367 740
367 488
367 814
367 561
367 494
367 636
368 867
368 937
368 1552
369 994
369 885
370 640
370 1569
370 899
370 967
370 1168
370 2097
370 949
371 2112
371 2158
371 1584
371 1625
371 860
371 1693
371 2014
372 1929
372 1965
372 1294
372 2128
372 1492
372 631
373 856
373 597
374 449
374 1165
375 1745
375 1096
375 2188
375 979
375 1653
375 695
375 1566
376 1328
376 910
376 2152
377 644
377 1929
377 1454
377 689
377 1682
377 1018
377 735
377 1695
377 959
378 812
378 722
378 460
378 1543
379 1446
380 737
380 424
380 1102
380 2120
380 1140
380 2167
381 1938
381 2180
382 708
382 1223
382 1161
382 1066
382 976
382 1340
383 1740
383 1926
383 790
383 1543
384 1112
384 994
384 1571
385 1876
385 1668
385 1958
385 1943
386 1024
386 1952
386 1955
386 1200
386 819
386 859
386 733
387 1304
387 1466
388 878
389 2016
389 2083
389 1608
389 426
389 1260
389 1371
390 1627
390 925
390 1686
390 543
391 1944
391 882
391 955
391 446
392 1678
393 1069
393 1422
394 1108
394 1674
394 572
394 1237
395 2138
395 1199
395 1276
395 693
396 1738
396 1008
397 1481
397 458
397 850
397 645
398 1192
398 1545
398 1034
398 1383
399 1153
399 962
399 939
399 877
399 1908
399 1815
399 1208
399 1182
400 1639
400 1357
400 848
400 503
400 1144
400 1689
400 2014
401 1635
401 964
401 743
401 490
401 2055
401 1136
401 1247
402 712
402 978
402 894
402 1703
403 1088
403 1726
403 856
403 1209
403 1210
403 1115
403 1055
404 1826
404 905
404 467
404 1146
404 1374
404 1311
405 1250
405 681
405 624
405 1905
405 1692
405 829
406 1088
406 2150
406 422
406 727
406 1624
406 793
407 1064
407 538
407 2099
407 1436
407 1975
408 1120
408 754
408 1858
408 2038
409 1800
409 617
409 1066
410 1089
410 2084
410 818
410 1684
410 1086
411 1728
411 578
411 1256
411 1001
411 1423
411 1745
411 2067
411 1437
412 2041
412 964
412 533
412 1822
413 945
413 2148
413 1261
413 1543
414 2145
414 1650
414 1075
414 1262
415 1480
415 1194
415 1133
415 1230
415 756
415 533
415 855
415 603
415 671
416 1738
416 1775
416 1809
416 629
416 2103
416 1130
417 1895
417 645
417 1223
418 908
419 961
419 1164
419 1911
420 1832
420 1588
420 1244
420 1243
421 2032
421 877
421 2029
422 1032
422 1672
422 1043
422 531
423 2185
423 711
423 503
424 1920
424 780
424 1650
424 1266
425 897
425 1739
425 749
425 2138
425 2141
426 1104
426 1469
426 579
426 887
427 1704
427 818
427 779
427 557
428 1346
428 1923
428 1223
428 2192
428 2033
428 499
428 628
428 693
428 698
429 776
429 523
429 1234
429 1620
429 667
429 1333
430 492
430 1617
430 435
430 1364
430 1847
430 1240
431 569
431 1254
432 654
434 968
434 1260
434 1676
434 1581
434 1974
434 954
434 1852
434 447
435 536
435 1179
436 2180
436 1578
436 1550
436 2033
436 1944
436 1610
437 1260
437 592
437 1940
437 1141
437 1961
437 2138
437 1595
438 1600
438 1769
438 2179
438 1453
438 1734
439 2146
439 809
439 852
439 2105
440 901
440 1287
440 1898
440 943
440 2162
440 2170
440 1502
441 503
442 1673
442 871
443 1889
443 965
443 1803
443 1709
443 1101
443 1615
444 2032
444 750
445 514
445 1291
445 770
445 1086
446 2033
446 843
446 1735
447 843
447 1292
447 1263
448 1865
448 1446
448 1302
449 1091
449 1227
449 466
449 1878
449 1087
450 1734
450 1324
450 588
450 2094
450 2031
450 2134
450 2008
450 1402
450 606
451 782
451 2191
452 1172
452 1618
452 2141
452 1327
453 1280
453 1289
453 979
453 1166
454 1226
454 2060
454 846
454 2136
454 472
454 1562
455 1057
455 2050
455 1295
455 1201
455 596
455 761
455 479
456 1548
456 1662
457 980
457 1966
458 656
458 644
458 1936
458 460
460 1378
460 1286
460 486
460 1065
460 2173
460 2111
460 1948
460 1274
460 895
461 1682
461 1612
461 1934
461 2109
462 1625
462 1139
462 1540
462 1815
463 1768
463 809
463 1489
464 1121
464 1871
464 788
464 1369
464 1437
465 1506
465 2038
465 2136
465 1789
466 1732
466 1701
466 488
466 820
466 1301
467 1800
467 876
467 1199
467 788
468 1657
468 762
468 715
468 1717
469 1250
469 1538
469 477
470 1064
471 1572
471 999
471 848
471 1655
471 1276
471 1981
472 513
472 650
472 1580
472 851
472 1499
472 1756
472 906
473 1136
473 1456
473 1795
474 885
474 919
475 969
475 1763
477 546
477 1296
477 662
477 2135
478 1501
478 1083
478 948
478 661
478 1405
479 889
479 951
479 1625
480 2018
480 1323
480 543
481 902
481 1368
481 573
481 1151
483 1002
483 1678
483 1520
483 1329
483 1522
483 1395
483 2126
484 992
484 1372
484 1759
485 1411
485 1694
486 1282
486 875
486 940
486 1394
486 948
486 1725
486 1278
487 1697
487 1894
488 1606
488 1002
488 2155
488 2156
488 1139
488 1034
489 1240
489 545
489 941
490 1635
490 1861
490 1512
490 1914
490 667
491 849
491 2017
491 1623
492 918
493 674
493 683
494 616
494 1633
495 610
495 803
495 2086
495 1864
495 745
495 1226
495 556
495 1326
495 2031
495 1112
495 1180
495 1085
496 1457
497 680
497 1644
497 559
497 825
497 1209
498 1443
498 709
498 1991
498 715
498 1686
498 890
499 1609
499 2155
499 696
499 1369
499 1465
500 1705
500 1300
501 1115
502 1449
502 2122
502 1676
502 1581
502 657
502 681
502 1759
503 720
503 1737
503 1546
503 1273
504 2067
504 578
504 744
504 1449
504 2058
504 1107
504 1481
504 1502
504 1631
505 1568
505 581
505 1164
505 1213
505 1695
506 1368
506 1758
507 1935
508 1042
508 1491
508 1380
508 1597
509 1177
509 1969
510 1249
510 1539
510 1052
510 595
510 916
510 988
510 1853
511 2034
511 2099
511 2037
511 2026
512 656
512 689
512 1470
513 848
513 1859
513 1418
513 816
513 2009
513 1654
513 1335
513 1497
513 1535
514 1121
514 710
514 1249
514 1577
514 559
514 597
515 1803
515 852
515 701
515 766
515 919
516 1065
516 1941
517 697
517 1578
518 1825
518 2037
519 571
519 589
520 2091
520 1061
520 1005
520 1549
520 525
520 1501
520 1661
521 1409
521 1448
521 595
521 953
521 794
521 954
521 1758
522 2185
522 1209
522 1228
522 751
523 1956
523 2085
523 1132
523 2192
523 1812
523 1302
523 532
524 609
524 1484
524 1493
524 1304
524 1052
525 1282
525 619
525 2076
526 1097
526 1677
526 1679
526 1270
526 1240
526 890
526 1595
526 1535
527 573
528 672
528 1306
528 764
528 2026
528 1486
529 1720
529 1218
529 1294
529 535
530 590
530 1575
531 1634
531 590
531 632
531 600
531 1375
532 1456
532 1268
532 1620
532 602
533 2114
533 1489
533 1018
533 827
534 1162
534 1868
534 1837
534 855
534 1178
535 998
535 1393
535 2193
535 1130
535 882
535 1619
535 1014
535 1851
535 1598
536 1637
536 801
536 1160
536 1100
536 1192
536 1457
536 1569
536 567
536 1652
536 2043
537 688
537 2168
537 683
537 1981
538 1328
538 906
539 1452
539 962
539 2157
539 1753
540 1922
540 1279
541 1345
541 551
541 1064
541 2159
541 1138
541 1399
542 1377
542 642
542 1958
542 1890
542 1775
542 670
543 1624
543 1258
543 1500
544 1840
545 928
545 1160
545 1516
545 1232
545 561
545 703
546 775
546 1359
546 1681
546 2167
546 1273
546 2165
547 600
547 688
547 1626
547 1907
548 1825
548 1796
548 1829
549 936
549 1209
549 834
549 1660
549 1093
550 1057
550 1220
550 2086
550 648
550 1929
550 787
550 889
551 1667
551 1479
551 2025
551 691
551 1684
551 1877
552 932
552 645
552 839
552 1455
552 1140
552 2109
553 1822
553 2099
553 1773
553 870
554 659
554 1276
554 2094
554 1679
554 1183
555 1100
555 1751
555 1132
555 2189
555 1199
555 1239
556 764
556 853
556 1870
557 1120
557 1730
557 803
557 790
557 1848
557 570
558 1954
558 1192
558 1513
558 1866
558 1687
558 697
559 1822
559 1602
559 1781
559 1470
560 1588
561 1101
561 1777
561 1266
561 1814
562 720
562 2026
562 1610
562 2156
562 1994
563 978
564 1811
564 1652
564 967
565 1606
565 1505
565 969
565 2032
565 1715
565 661
565 1609
566 800
566 907
566 982
566 1175
567 1589
567 1086
568 2112
568 1732
568 1826
568 1084
568 1749
569 1144
570 784
570 1986
571 936
571 692
571 1530
571 1916
571 1469
572 1433
572 1148
572 900
572 1375
573 1898
573 1293
573 1782
573 1727
575 1617
575 746
575 1827
575 2199
576 905
576 1163
576 1810
576 1617
576 1682
576 1129
576 1976
577 824
577 1811
577 651
578 657
578 1258
578 875
578 625
578 916
578 796
578 1866
579 1186
579 2086
579 1352
579 1007
579 693
579 1433
579 1209
579 1743
579 979
580 1265
580 1343
581 1135
582 1120
582 1863
582 775
582 2129
582 1300
582 1047
583 1217
583 2027
583 2004
583 1387
583 988
584 1575
584 1297
584 1978
584 991
585 1638
585 1157
585 1534
586 1320
586 713
587 1408
587 871
587 1834
587 1907
587 1723
587 1534
588 2192
588 806
589 1088
589 963
589 2155
589 845
589 1080
589 1211
590 1888
590 921
590 914
591 737
591 1298
591 1508
592 1946
592 1590
593 1154
593 975
594 1410
594 1996
594 1870
594 624
594 920
594 1149
595 965
595 807
595 1866
595 1640
595 968
595 1745
595 1631
596 2059
596 2174
596 1486
597 1987
598 1935
598 1880
598 739
598 1652
598 1781
598 1731
598 1336
598 729
598 2175
599 1784
600 1122
600 1611
600 1685
600 1013
600 1689
600 1693
600 1535
601 1516
602 811
602 1677
602 1499
602 1117
602 798
603 1267
604 1857
604 2050
604 2148
604 1993
605 1426
606 1857
606 1995
606 1636
606 875
606 2189
606 1840
606 1028
607 1594
607 1772
607 1934
607 2063
608 945
609 1923
609 1796
609 936
609 2007
609 2115
609 919
609 952
609 795
609 796
609 1947
609 767
610 691
611 779
611 820
612 968
612 1513
612 1563
612 1806
612 1078
613 2023
613 1398
613 983
613 2136
613 1947
614 1060
614 677
614 2185
614 941
614 982
614 797
614 1925
615 1204
615 1734
616 2174
616 2126
616 885
617 1923
617 838
617 915
617 1335
617 733
618 1088
620 1797
620 1996
620 1005
620 911
620 754
620 1563
620 1916
620 2078
620 1151
621 2115
621 1777
621 2128
621 648
621 629
622 1856
622 770
622 1654
623 1315
623 1159
623 2071
623 1752
623 1049
623 1147
624 1795
624 2184
624 972
624 1647
624 1987
624 1912
624 1817
624 2074
625 1109
625 655
626 1270
626 901
626 1778
626 1589
626 2111
626 2069
627 1560
627 1890
627 1262
628 741
628 1382
628 1256
628 1911
628 1758
628 855
628 1022
628 2005
629 1574
629 1009
629 793
630 854
630 1518
630 1647
630 1526
630 1786
631 1513
631 1067
631 1491
631 2102
631 1865
632 720
632 1333
632 998
634 1089
634 1494
634 1942
634 1014
634 1372
635 1913
635 1550
635 1879
636 2048
636 1203
636 953
636 1242
637 1889
637 905
637 1098
637 821
637 1214
638 1412
638 1898
638 1552
638 1944
638 1084
639 1819
639 1006
640 886
640 1287
641 1595
641 1068
642 1633
642 2025
642 1866
642 2030
643 825
643 1643
643 1884
643 1878
643 1462
644 1088
644 1735
644 1768
644 1686
644 1915
644 1567
645 1454
645 720
645 664
645 1785
645 794
645 2111
646 1092
646 649
646 1199
646 1204
646 790
646 1412
646 1787
647 1170
647 2051
647 1164
648 737
648 1454
648 2093
648 1297
648 850
648 853
648 1527
648 959
649 1121
649 1968
649 871
649 688
649 1621
649 1244
649 1309
650 740
650 1448
650 1868
650 1261
650 1617
650 1655
650 2174
651 2119
651 988
651 1116
652 1108
652 661
652 1492
652 1562
652 1502
653 1576
653 1788
653 1879
654 1128
654 1923
654 2086
655 1899
655 2195
655 1625
656 672
656 2012
656 1135
657 1521
657 756
657 1078
657 1176
658 892
659 1636
659 1670
659 902
659 1391
659 665
660 1345
660 1272
660 2006
660 1055
661 1313
661 1513
661 879
661 1502
662 1057
662 1289
662 944
662 1118
663 2065
664 1868
664 1750
665 2032
665 1034
666 792
666 1612
666 2085
666 2009
667 1484
667 2071
668 1216
668 1537
668 1114
668 1154
668 1966
669 1539
669 1928
669 2069
670 1872
670 1254
670 2101
670 1755
671 1733
672 1536
672 1474
672 1707
672 1393
672 1651
672 1300
672 2009
673 2066
673 835
673 1373
673 2186
674 685
674 1809
675 1632
675 2176
675 970
675 825
675 1562
676 1350
676 1010
676 1780
676 2168
676 1468
677 1945
677 1035
677 1029
677 1197
678 712
678 885
678 1478
679 1033
679 1534
679 1193
680 1585
680 846
680 1103
680 1234
680 2038
681 1847
682 832
682 1042
682 1511
683 2017
683 2187
683 1130
683 1195
684 2163
684 971
684 1718
684 2095
685 1963
685 1564
685 1703
686 2132
686 1969
686 1873
686 1460
686 1625
686 1241
687 1448
687 1037
687 1754
687 991
688 2183
688 1611
688 2068
688 698
688 1979
688 1438
689 2018
689 740
689 1098
689 975
689 2069
690 1240
690 1248
690 997
690 2157
690 871
691 1569
691 818
692 966
692 1487
692 976
692 2197
692 1310
693 1701
693 1927
693 706
693 1070
693 2032
693 1393
694 2128
694 1131
694 2164
694 2181
694 743
695 913
695 1876
695 888
696 1063
697 2016
697 850
697 859
698 1033
698 1043
698 1853
698 1983
699 2035
699 2037
699 1982
700 1296
700 1985
700 2128
700 1642
700 880
700 1719
700 921
700 1210
701 1481
701 2074
702 1856
702 2081
702 1721
702 958
702 1087
703 1637
703 2121
703 1043
703 1076
703 2010
703 1019
704 995
704 1262
704 1246
704 2069
705 1833
705 1603
705 1965
706 2048
706 1488
706 2153
706 2007
707 1843
707 1180
708 1477
708 719
708 1394
709 2115
709 1279
710 992
710 1194
712 1000
712 918
712 2138
712 1533
713 1838
713 1432
713 1143
713 888
714 794
714 1012
714 1470
715 1826
715 2115
715 871
715 1513
715 1260
715 1009
715 1779
716 2150
716 1581
716 2061
716 1436
716 766
717 1952
717 1482
717 739
718 1427
718 1816
718 893
719 1249
719 2191
719 1429
720 1792
720 795
720 1470
721 2121
722 2099
722 1708
722 842
723 1432
723 1113
724 1281
724 1349
724 1679
725 1451
725 1850
725 1035
726 1241
726 1899
726 980
726 1975
726 1588
727 1442
727 1040
727 2196
727 917
727 1371
728 1264
728 1187
728 1013
729 1827
729 1194
729 2034
729 980
729 2026
730 1649
730 1747
730 1029
731 1157
731 1611
731 795
731 796
731 1189
732 1412
732 1861
732 1807
733 1996
734 1667
734 996
734 1797
734 2058
734 1677
734 759
734 2104
735 1851
736 1729
736 1030
736 1265
736 1586
736 1717
737 1412
737 1255
737 1907
737 2063
738 1416
738 1035
738 1293
738 1619
738 854
738 1118
739 1538
739 1699
739 1093
739 1048
739 1530
740 897
740 2004
740 1369
741 1028
741 1513
741 1134
741 1277
742 2184
742 1915
742 1269
742 1015
743 1185
743 1039
743 1441
743 1244
743 1119
744 1364
744 2081
745 2152
745 1506
746 2050
746 1194
746 1452
746 1346
746 828
747 1026
748 2113
748 757
748 2141
748 789
749 1418
749 2018
749 1169
749 2099
749 2171
750 1824
750 1672
750 1548
750 915
750 855
750 1083
750 1372
751 1433
751 2172
751 781
751 774
752 779
752 808
752 773
752 1590
753 2160
753 2051
753 1606
753 1744
753 2100
753 2140
754 2170
755 2115
755 769
755 1544
755 855
755 2096
755 1303
755 1439
756 1951
757 1912
757 1829
758 1552
758 1105
758 2097
759 1735
759 1969
759 1299
759 1752
760 865
760 1218
760 2089
760 1686
760 1783
760 1752
761 1893
761 1813
761 922
761 1151
762 1160
762 1740
762 2189
762 958
762 1534
763 1856
763 1597
764 1050
764 1915
764 1759
765 1240
765 2034
766 1204
766 1941
766 1831
768 1787
769 1737
769 1107
769 2146
769 1933
770 921
770 2166
770 1465
771 806
771 1480
771 1937
771 1850
771 796
771 1662
772 1902
772 1895
773 776
773 1308
773 2173
773 1592
774 961
774 1827
774 1908
774 1210
775 1832
775 1162
775 812
775 1933
775 1938
775 988
776 1829
776 1589
776 1213
777 1221
777 1643
777 1358
777 860
777 1021
777 1989
778 1721
778 1924
778 2051
779 1008
779 1187
779 1263
779 851
780 1795
780 1355
780 900
780 1191
781 1338
781 2093
781 876
782 1077
783 1700
783 1238
783 926
784 2021
785 1029
785 1674
785 1835
785 940
785 1775
785 1968
785 1337
785 1563
785 1084
786 1721
786 1404
786 1767
787 1826
787 1894
788 818
789 980
789 1948
790 1520
790 2152
790 944
791 2169
792 1288
792 1744
793 1665
793 1834
794 1748
794 1166
795 1957
795 1834
795 812
795 979
795 1206
795 1875
795 958
796 2022
796 1511
796 1070
796 1776
797 918
797 863
798 1907
798 1636
798 2199
799 1169
799 858
799 1327
801 970
801 2036
801 1669
801 1487
802 937
802 1298
803 1797
803 1710
803 1844
803 1486
803 2136
803 1790
804 1926
804 2151
804 1809
804 2073
804 1341
805 1785
805 1910
805 815
806 834
806 814
806 1329
806 2040
806 1597
807 1804
807 972
807 1004
807 853
807 1339
807 1596
807 863
808 1925
808 1735
808 2120
808 1449
809 1045
810 1889
810 1538
810 996
810 1989
810 1162
810 2157
810 1558
810 1821
811 1989
811 2013
811 1200
811 1082
811 1786
812 2120
812 1868
813 1925
813 839
813 1387
813 1325
813 1998
813 1624
814 1563
814 900
814 1965
814 1135
814 1172
814 1430
815 1026
815 1671
815 1129
815 2018
815 1296
815 987
816 1648
816 1873
816 1586
817 1552
817 1744
817 1890
817 1295
818 937
818 1807
818 1079
820 2119
820 1802
820 1687
820 923
821 1924
821 1509
821 1487
822 1184
822 1998
822 1042
822 990
822 1310
822 2133
823 1511
824 860
824 2096
825 838
826 1620
826 1579
826 1156
826 2103
827 1920
827 1407
827 1253
827 1194
827 1171
827 1019
827 979
827 1119
829 1169
829 1762
829 1796
830 1282
830 1510
830 1575
830 1001
830 2082
830 1330
830 1882
830 1563
831 2058
831 1566
832 1734
832 1845
832 1944
832 1022
833 970
833 2151
833 2093
833 1655
834 1626
834 1199
835 1805
835 1878
836 1179
836 1947
837 1958
837 1132
837 1424
837 1972
837 1403
837 1981
837 1822
838 882
838 1731
839 2009
840 1592
840 1913
840 2195
840 1620
840 1069
841 1792
841 1921
841 2182
841 1617
841 1737
841 977
841 1688
842 998
842 1015
842 954
842 2075
842 1660
842 1909
843 1666
843 1106
843 1811
843 1301
843 1111
843 1434
845 1763
845 869
845 1383
845 2184
845 1877
846 1761
846 966
847 1144
847 1916
847 1812
848 1626
849 2053
849 2185
849 1234
849 1143
849 1370
850 961
850 1283
850 1001
850 1610
850 1470
851 1698
851 935
851 1775
851 1330
851 1430
852 2053
852 999
852 1625
853 1729
853 1962
853 2186
854 928
854 1100
854 1261
854 2124
854 1140
854 1463
855 932
855 890
855 1660
856 1026
856 1752
856 1338
857 1280
857 2009
857 931
857 1029
858 1024
858 1376
858 1580
858 1102
858 980
859 1120
859 1961
860 1493
861 2033
861 1909
861 1239
862 1236
862 1917
862 1486
862 911
863 1892
863 1572
864 992
864 957
864 1510
864 1479
865 1920
865 1368
865 1653
865 1369
866 1827
866 1421
867 1768
867 1102
867 1359
867 1621
867 1046
868 1264
868 1526
868 1976
868 921
868 2013
869 2152
869 1771
869 1860
869 1486
870 965
870 1290
870 1420
870 1453
870 1082
870 1797
871 1100
871 2125
871 1247
872 899
872 1482
872 1491
872 1940
872 1973
872 1116
872 1706
873 1412
873 1054
873 1727
874 1864
874 1049
874 1079
874 1709
875 1254
875 1192
875 1500
875 942
875 2074
875 1701
876 2080
876 1819
876 1708
876 1967
876 1456
876 945
876 1781
876 1659
877 2176
877 2184
877 1620
877 1781
877 2039
877 1817
878 1324
878 1716
878 1465
879 1513
879 1302
880 1735
880 1090
880 1329
880 1592
881 1167
881 1401
881 1594
882 1366
883 1347
883 1261
883 1487
883 1845
883 1694
884 2159
884 1971
884 1230
885 2160
885 1161
885 1294
885 1488
885 1685
885 1302
885 1820
885 1407
886 1633
886 1605
886 1158
887 2049
887 1402
887 895
888 1509
888 1307
888 1820
889 1712
889 1268
890 931
890 1769
890 1997
890 2159
890 2009
891 1925
891 1582
891 1300
891 942
891 2168
891 2021
892 1828
892 1776
892 1013
892 1591
892 1881
892 1790
893 1408
893 1715
893 1121
894 1028
894 1290
894 1041
894 1555
894 2013
894 979
895 2111
896 1284
896 1190
897 1921
897 1925
897 1551
897 1873
898 1528
898 1651
899 1222
899 908
899 2029
899 1115
901 969
901 1388
901 994
901 1200
901 2101
902 1747
902 1939
903 2117
904 1665
904 1072
904 1068
904 1361
904 2068
905 2182
905 1010
905 1428
905 1055
906 1505
906 1315
906 1524
907 1763
907 968
907 1567
909 1730
909 2183
910 2021
910 1770
910 1682
910 1939
910 1532
911 1520
911 2129
912 1488
912 1666
913 1849
913 1687
913 2073
914 1875
915 1948
915 1338
915 1279
916 2160
916 1818
917 1339
917 1214
918 2029
919 1130
919 1138
919 2147
919 1498
920 1570
920 1517
920 1125
921 1079
921 1156
922 1377
922 1646
922 1775
922 2065
922 1307
923 2123
923 1713
923 1298
923 1827
923 2134
923 1143
923 956
924 2017
924 2150
924 2096
924 1108
924 1208
924 1085
925 1838
925 1821
926 1869
926 1783
926 1446
927 1041
928 1508
928 1626
928 1274
928 1245
929 1385
929 1875
930 1393
930 1192
930 1417
930 2124
930 1352
930 1396
930 2037
931 1923
931 2117
931 1704
932 1409
932 1317
932 945
932 1207
932 1419
932 1701
933 1376
933 1865
933 1268
934 1837
934 1860
935 2024
935 1418
935 1871
936 1610
936 1287
937 1490
937 1421
937 1773
937 2039
937 1432
937 2106
937 1474
938 1248
939 1451
939 1108
940 1815
940 1470
940 1265
941 1413
941 1708
941 2029
942 1569
942 1290
942 1524
942 2135
942 2170
942 991
943 1413
943 1233
943 1550
943 1145
944 971
944 2035
944 1534
945 1826
945 1251
945 1917
946 2177
946 1872
946 1041
946 1907
946 1013
946 1661
947 1985
947 1704
947 2196
947 1688
947 1855
948 1889
948 1493
949 1030
949 1319
949 2126
949 1849
950 1993
951 1964
951 1199
951 1756
952 2139
952 1574
953 1452
954 971
954 1772
954 1614
954 1950
955 1136
955 2114
957 2169
957 1351
957 1950
959 1444
959 1061
959 1838
959 1492
959 1884
959 2141
960 2150
960 2090
960 2093
960 1743
960 2165
960 1147
960 1535
961 1218
961 1103
961 1328
961 1940
961 2075
962 1378
963 1048
964 2019
964 1264
964 1555
964 1337
965 1318
965 2093
965 1106
965 2039
965 985
966 2090
966 2013
966 1469
967 1285
967 1062
967 1274
968 1026
968 1746
968 1467
969 1626
970 1032
970 1707
970 1965
970 1142
970 1215
971 1234
971 1778
972 1782
972 1974
973 2092
973 2131
973 1893
973 1247
974 2082
975 1377
975 1330
975 1207
975 1637
976 1857
976 1966
976 1999
976 1172
977 1056
977 1290
977 1648
977 1969
977 1791
978 1925
978 1675
978 2194
978 1789
979 1514
980 1283
980 985
980 1880
980 1039
981 1476
981 1903
982 1520
982 2071
982 1598
983 1009
983 1346
983 1329
984 1065
984 2154
984 1124
985 1276
986 1794
987 1871
988 1466
989 1320
989 1964
989 1038
989 1336
989 1241
989 990
990 1121
991 1707
992 2105
993 2053
993 2102
993 1695
994 1207
994 1303
994 1465
995 1818
995 2162
995 1094
996 2111
997 1192
997 2193
997 1819
997 1373
998 1284
998 1662
999 2080
999 1226
999 1488
999 1432
1000 1699
1000 1096
1000 1044
1000 1365
1000 1302
1000 1757
1000 1886
1001 2114
1001 2174
1001 1138
1001 1232
1001 1694
1002 2187
1002 1360
1002 1659
1003 1920
1003 1806
1003 1254
1003 1030
1004 1602
1004 1262
1004 1685
1004 1848
1005 1232
1005 2122
1005 1051
1006 2164
1007 1632
1007 2082
1007 1260
1007 2190
1007 1935
1007 1398
1008 1050
1009 1728
1009 1508
1009 1040
1009 1911
1009 1499
1010 1702
1011 1762
1011 1988
1011 1864
1011 1098
1011 1423
1011 2024
1011 1106
1011 1583
1011 1275
1011 1311
1012 1785
1012 1902
1013 1920
1013 1575
1014 2143
1014 1148
1015 1735
1016 1554
1017 1331
1017 1203
1017 1785
1018 1376
1018 1283
1018 1970
1018 1411
1019 1155
1019 1737
1020 1688
1020 1899
1021 1058
1021 1411
1021 1994
1021 1940
1022 1199
1022 1055
1022 2012
1022 1693
1022 1471
1023 1897
1023 1660
1023 1181
1023 1446
1023 2119
1024 1380
1026 1669
1026 1287
1027 2088
1027 1905
1027 1810
1027 1046
1028 1472
1028 1790
1028 1963
1028 1110
1028 2197
1029 1459
1029 2040
1030 2117
1030 1358
1030 1750
1030 2110
1030 1813
1031 2100
1032 1961
1032 1616
1032 1413
1035 1088
1035 1514
1035 1666
1035 1858
1035 1172
1035 1654
1035 1818
1035 1308
1036 2049
1036 1517
1037 1701
1037 1413
1037 1290
1037 1303
1037 1982
1037 1477
1038 1624
1038 2050
1039 2179
1039 1202
1040 1048
1040 1642
1040 1939
1041 1253
1041 1384
1041 1561
1041 1533
1042 1917
1042 1972
1042 1578
1043 1895
1043 2039
1043 1104
1043 1631
1044 2170
1045 1665
1045 1770
1045 1144
1045 1593
1046 1520
1046 1601
1046 1104
1046 1492
1048 1355
1048 1458
1049 1062
1049 2183
1049 2042
1049 1629
1051 1701
1051 1400
1051 1054
1052 1475
1052 1742
1052 1108
1053 1874
1053 1157
1053 2069
1054 1092
1054 1509
1054 1551
1054 1906
1055 1191
1055 1066
1055 1644
1055 1998
1055 1297
1055 1554
1055 1305
1056 1285
1056 1382
1056 1322
1056 2160
1056 1770
1057 1775
1057 1074
1058 1640
1059 1649
1059 1668
1059 1303
1060 2017
1061 1143
1061 1172
1062 2051
1062 1382
1062 1427
1062 1236
1062 1785
1063 1671
1064 1672
1064 2092
1064 1297
1064 1586
1064 1781
1065 1562
1065 1862
1066 1751
1066 1616
1066 1303
1066 1434
1066 1372
1067 1810
1067 2170
1067 2162
1067 1933
1068 1172
1068 2121
1068 1929
1069 1834
1070 1162
1070 1899
1071 2154
1071 1390
1071 2181
1072 1425
1072 1415
1073 1578
1073 1940
1073 1778
1073 1941
1075 2106
1075 1988
1075 2178
1076 1441
1077 1706
1077 1880
1077 2164
1077 1333
1077 2135
1077 1816
1077 1470
1078 1315
1078 1425
1079 1745
1079 1650
1079 1898
1080 1472
1080 2005
1080 1719
1080 1339
1081 1978
1081 1189
1081 1702
1082 1323
1082 1919
1083 1343
1084 1166
1084 1487
1084 1906
1084 2164
1085 1921
1086 1351
1086 1843
1087 1900
1089 2032
1089 2042
1090 1755
1090 2028
1090 1647
1091 1355
1091 2095
1091 1201
1091 1599
1092 1283
1092 1452
1092 1586
1092 1436
1093 2000
1093 1936
1093 1480
1094 2094
1095 1224
1096 1314
1096 2019
1096 1418
1096 1389
1097 1935
1097 1956
1097 2022
1097 1583
1098 2188
1098 1964
1100 1986
1100 1220
1100 1102
1100 1807
1100 2105
1100 1114
1101 1416
1103 2181
1103 1554
1103 1687
1104 1997
1104 1263
1105 1390
1105 1326
1106 1643
1106 1155
1107 2002
1107 2164
1108 1505
1108 1319
1108 1970
1108 1300
1109 1763
1109 1257
1109 2154
1109 1389
1109 1681
1110 1360
1111 2114
1111 1860
1111 1702
1111 1902
1111 1616
1111 2014
1112 2083
1112 1553
1112 1462
1112 2140
1112 1119
1113 1697
1113 1205
1113 1630
1114 1611
1114 1870
1115 2048
1115 1203
1115 1448
1115 1172
1116 1517
1117 1868
1117 2142
1118 2142
1118 1247
1119 1441
1121 1764
1122 2182
1123 1410
1123 1223
1123 1430
1123 1340
1123 1469
1123 1790
1125 1286
1126 1272
1126 1606
1126 1270
1127 1767
1127 1354
1127 1639
1127 1292
1127 2031
1127 1842
1128 1367
1128 2092
1128 1270
1128 1783
1128 1755
1129 1568
1129 1975
1130 1215
1132 1440
1132 1540
1132 1160
1132 1640
1133 2034
1133 1894
1134 1784
1134 1866
1135 1762
1135 1512
1135 2114
1135 1141
1136 1556
1136 2008
1137 1924
1137 1382
1137 1969
1137 1244
1138 1354
1138 1777
1139 1888
1139 1257
1139 1580
1139 1880
1141 1740
1141 1293
1141 2198
1141 2172
1142 1335
1143 1995
1143 1426
1143 1558
1144 1260
1144 1843
1144 1598
1145 1871
1145 1208
1145 1338
1145 1215
1146 2144
1147 1312
1147 1285
1147 2113
1147 1719
1148 1211
1148 1766
1148 1287
1148 1243
1149 1499
1149 1490
1149 2094
1150 2117
1150 1502
1150 1943
1151 1186
1151 1167
1151 2160
1152 1473
1152 1505
1152 1693
1153 1155
1154 1986
1154 1720
1154 1819
1155 1890
1155 1893
1155 1771
1156 1638
1157 1853
1158 2146
1159 2191
1159 1836
1160 1186
1160 1860
1160 2069
1160 1915
1161 1185
1161 1636
1161 1224
1161 1230
1161 1649
1162 1459
1163 1689
1163 2164
1163 2125
1164 1412
1164 1511
1164 2096
1165 1512
1166 1847
1166 2009
1167 2187
1167 1325
1167 1779
1168 1600
1168 1745
1168 2036
1169 1441
1169 1357
1169 1170
1170 1382
1171 2042
1171 1364
1171 1187
1171 1325
1173 1481
1174 1644
1175 1417
1175 1238
1176 1734
1176 1998
1176 1886
1176 1209
1177 1449
1177 1183
1178 1426
1178 2061
1178 1398
1178 1551
1180 1515
1180 1941
1180 1848
1181 1216
1181 1778
1181 2137
1181 1277
1182 1817
1182 2046
1183 1238
1183 1328
1184 2093
1184 1453
1186 1344
1186 1349
1186 1200
1186 1492
1186 1660
1187 1362
1188 1929
1188 1499
1188 1334
1188 2009
1189 1224
1190 1583
1191 1243
1192 1933
1193 2020
1193 1803
1193 2035
1193 1525
1194 1594
1194 1994
1195 1379
1197 1341
1197 1735
1197 1239
1198 1730
1198 1678
1198 1208
1198 2084
1199 1440
1199 1614
1199 2097
1199 1618
1199 2070
1202 1304
1202 1217
1202 1597
1202 1334
1204 1344
1204 1518
1205 1834
1205 1403
1207 1293
1207 2063
1208 2120
1208 1530
1208 1691
1209 2051
1209 1868
1209 1460
1209 1430
1209 1844
1209 1787
1210 2019
1210 1884
1211 1637
1211 1254
1211 2032
1212 1856
1212 1827
1212 1476
1212 1509
1212 1256
1212 1870
1212 1544
1213 1386
1213 1713
1213 1650
1213 1750
1214 1227
1214 1358
1215 2052
1216 1926
1216 1523
1216 1303
1218 1416
1218 1357
1219 2166
1220 1501
1220 1911
1221 1756
1222 1924
1222 2087
1223 1610
1223 1613
1223 1784
1224 1305
1226 1897
1226 2095
1226 2197
1227 1896
1228 2160
1228 1770
1229 2116
1229 1309
1231 1417
1231 1712
1231 1980
1232 1539
1233 1896
1233 2185
1234 1610
1234 1805
1234 1983
1235 1849
1235 1298
1235 1499
1236 1345
1237 1656
1237 1523
1238 1964
1238 1488
1238 2070
1238 1498
1239 1677
1239 1580
1239 1261
1239 1850
1240 1894
1240 1350
1240 1526
1241 1270
1241 1431
1241 1470
1242 2016
1242 1443
1242 1446
1242 2157
1243 1921
1243 1827
1243 2032
1244 1942
1244 1258
1244 1814
1244 2116
1244 1915
1245 1440
1245 1899
1245 1259
1245 1567
1246 1904
1246 1843
1246 1852
1247 1568
1247 2086
1248 2186
1249 1703
1249 1805
1249 1745
1249 1556
1249 1724
1249 1725
1250 1631
1251 1656
1251 1774
1252 2072
1252 2004
1253 1887
1253 1671
1255 2133
1256 2081
1256 2179
1256 1452
1256 1434
1257 2178
1257 1389
1258 1861
1258 1768
1258 1807
1259 2026
1260 1792
1260 1808
1260 1432
1261 1440
1261 1723
1262 2149
1262 1903
1262 2071
1262 1626
1263 1570
1263 1412
1263 1514
1263 1965
1263 1659
1264 1773
1264 1306
1265 2174
1265 1332
1266 1988
1266 1447
1266 1321
1266 2005
1267 2171
1267 1587
1267 2131
1267 2151
1268 1932
1268 2065
1269 1833
1270 2023
1271 2123
1271 1980
1271 1623
1272 2125
1272 1622
1273 1634
1275 1720
1276 1514
1277 1995
1277 1906
1277 1458
1277 2073
1278 1389
1279 1379
1279 1809
1280 1502
1280 1733
1281 1784
1281 1825
1281 1991
1282 2024
1282 1482
1283 1650
1284 1344
1284 1896
1286 2196
1287 1891
1287 1324
1287 1743
1287 1662
1288 1294
1289 1715
1289 1524
1289 2071
1289 2075
1290 1729
1290 1585
1290 2104
1291 1699
1292 1880
1292 1857
1292 1459
1293 1321
1293 1563
1294 2192
1294 1463
1295 1425
1295 1561
1296 1975
1296 1639
1297 1762
1297 2175
1299 1418
1299 1328
1299 1366
1300 1697
1300 2189
1300 1337
1301 2162
1301 1326
1301 1528
1302 1675
1303 1767
1303 1533
1304 1410
1304 1666
1304 1998
1304 1763
1305 1734
1305 1611
1305 1620
1306 2026
1306 2158
1307 1346
1307 2029
1307 1843
1308 1380
1310 1438
1310 1820
1310 1373
1311 1530
1311 1858
1312 1512
1312 1341
1313 1661
1313 1327
1314 2128
1314 2056
1314 1819
1315 1505
1315 2142
1316 1449
1316 1915
1316 1821
1317 1771
1318 1394
1319 1747
1319 1989
1320 1444
1320 1798
1320 1818
1320 1374
1320 2047
1321 1779
1321 1350
1322 1363
1323 1793
1323 2022
1323 1511
1323 2155
1324 1534
1325 1987
1325 1829
1327 1387
1327 1842
1327 1591
1327 1468
1328 1949
1328 1399
1329 2129
1330 1573
1330 1862
1331 1869
1331 1905
1333 1358
1333 1586
1333 1875
1333 1593
1333 2172
1334 1957
1334 2022
1334 1394
1334 2045
1336 2015
1336 1447
1337 1379
1337 1584
1337 2073
1338 2179
1338 1831
1338 1676
1338 1915
1339 1722
1339 1398
1341 1692
1342 2004
1342 2036
1342 1901
1342 2095
1343 1760
1343 1390
1344 1921
1344 2145
1345 1619
1345 1509
1346 1710
1346 1973
1347 2169
1347 1445
1348 1426
1348 1718
1349 1755
1349 2023
1350 2112
1350 1376
1352 1488
1352 1823
1353 1452
1353 2015
1354 1971
1355 1536
1356 1991
1357 1445
1357 1707
1357 1742
1358 2163
1358 1630
1359 1630
1360 2152
1362 1432
1362 1815
1363 1684
1363 2109
1364 1518
1365 1721
1365 2155
1366 1525
1366 1918
1367 1649
1367 2197
1367 1823
1368 1946
1368 2011
1368 1405
1368 1439
1369 2155
1369 1905
1369 2195
1370 1643
1370 1503
1371 1514
1371 1612
1372 1573
1374 2133
1375 2055
1375 1564
1375 2029
1375 1874
1376 2095
1377 1573
1377 1927
1377 1804
1377 1756
1378 1707
1378 1485
1378 1935
1378 1682
1378 1602
1378 1762
1379 1895
1381 1443
1381 1430
1382 1556
1385 1947
1385 1852
1386 1896
1386 1562
1387 1957
1387 1905
1388 1892
1389 1729
1389 2161
1389 2102
1390 2108
1391 1910
1392 1602
1392 1661
1392 1857
1394 1778
1394 2100
1394 2181
1395 2071
1395 1713
1395 1697
1396 1646
1398 1869
1398 1811
1398 1750
1400 1746
1400 1500
1401 1446
1401 1669
1402 1452
1402 1613
1402 2173
1403 1480
1404 1634
1406 1587
1406 1613
1406 1414
1407 1856
1407 1541
1408 1985
1410 1845
1411 1524
1411 1435
1413 2124
1413 2162
1414 1786
1414 1454
1415 2086
1415 1607
1416 1733
1416 1901
1416 1774
1418 2082
1420 1779
1421 2035
1421 1666
1422 1474
1422 1844
1423 2168
1424 1587
1424 1462
1424 1671
1425 1463
1426 2081
1427 1625
1428 2131
1428 1567
1429 1568
1430 1852
1430 1983
1431 2171
1431 1743
1432 1960
1433 2017
1433 1510
1433 2113
1434 1751
1435 1761
1435 1846
1435 1752
1436 1666
1436 1954
1437 2066
1438 2116
1438 1545
1438 1809
1440 1964
1440 1452
1440 1973
1440 2107
1441 2080
1441 1585
1442 2168
1442 1468
1442 2165
1443 1557
1443 1462
1444 2107
1444 1904
1444 2015
1444 1501
1445 1973
1446 1570
1446 2074
1446 1724
1447 2156
1447 1652
1448 2043
1448 1587
1449 1977
1449 1692
1450 2161
1451 1854
1452 2124
1452 2033
1452 2186
1453 1921
1453 1736
1454 1616
1455 1572
1455 1765
1455 1724
1456 1730
1456 1947
1457 1856
1457 1546
1457 1931
1457 1868
1458 2165
1459 1704
1459 1999
1460 1948
1460 1801
1461 1509
1462 1609
1462 1966
1463 2113
1464 1693
1465 1553
1465 1951
1466 2008
1468 1689
1468 1619
1469 1547
1469 2062
1470 1539
1470 1849
1470 1747
1470 1763
1473 1785
1473 2098
1473 1957
1475 2001
1475 1538
1476 1954
1477 1784
1477 1889
1478 1881
1478 1967
1479 1956
1479 2188
1479 1778
1479 1651
1480 1641
1480 2165
1481 2118
1481 1917
1483 1726
1483 1550
1484 2084
1484 1606
1484 1770
1484 1663
1485 2026
1485 2020
1485 1917
1486 1512
1486 1679
1486 1917
1487 2095
1487 1595
1489 1736
1490 2186
1491 1628
1491 1970
1492 1838
1492 2039
1493 1550
1493 1744
1493 1938
1494 1999
1494 2033
1494 2034
1496 1956
1496 1510
1496 1542
1497 2186
1498 2182
1498 1865
1498 1555
1498 1749
1498 1687
1499 1692
1500 2115
1500 2175
1501 1865
1502 2178
1502 1906
1502 1625
1504 2116
1504 1629
1505 1728
1505 1689
1507 1968
1507 1947
1507 2109
1509 1754
1510 1830
1510 2098
1511 1756
1512 1847
1512 2079
1513 2109
1513 2014
1515 1659
1516 1858
1516 1677
1517 1940
1518 1968
1518 1555
1519 1547
1519 2140
1519 1991
1520 1777
1520 1660
1522 1820
1525 2145
1525 1948
1526 2059
1527 1554
1528 2129
1531 1969
1531 1642
1531 2177
1532 1827
1532 1934
1532 1656
1532 2045
1533 2020
1533 1802
1533 2061
1533 2004
1533 2137
1534 1537
1534 2117
1534 2194
1535 1672
1536 1538
1536 1603
1536 1719
1538 2013
1538 1684
1538 1791
1539 1858
1539 1827
1541 1897
1541 1967
1541 1908
1541 1723
1542 2005
1543 1703
1545 1882
1545 1742
1545 1716
1545 1594
1546 1851
1547 1897
1547 1909
1548 2042
1549 1759
1550 1697
1550 2146
1552 1969
1553 1732
1553 2118
1553 1811
1555 1721
1555 1887
1556 1769
1556 1749
1556 1918
1557 2038
1559 2087
1559 2003
1559 1798
1559 1943
1560 1685
1561 1742
1561 1748
1561 1598
1561 2079
1562 1563
1562 2186
1564 1986
1564 1915
1565 1981
1565 2015
1567 1840
1567 1758
1568 2157
1570 1888
1570 2164
1571 1985
1571 1895
1571 1673
1571 1933
1572 1836
1572 2076
1573 1829
1574 1931
1575 1664
1575 2179
1575 1640
1575 1752
1575 1593
1580 1740
1580 2172
1580 1853
1581 1858
1581 2118
1581 1766
1581 2003
1582 1902
1582 1830
1583 1825
1583 1996
1583 1710
1583 1838
1584 1946
1584 1668
1585 1970
1585 1981
1586 1657
1588 1628
1591 1929
1591 2123
1593 1763
1593 1778
1593 2035
1594 2059
1594 2030
1594 1618
1595 1706
1595 1867
1596 1785
1596 1614
1597 1664
1597 2149
1598 1964
1599 1792
1599 1805
1599 2021
1600 2170
1600 2188
1602 1984
1602 2121
1602 1860
1602 1883
1603 1811
1604 2136
1604 2108
1604 1620
1604 1858
1605 1784
1605 2069
1605 1951
1606 2178
1606 2033
1606 1897
1606 1840
1607 2028
1608 2173
1609 1823
1610 1613
1610 1775
1610 1694
1611 2016
1611 2160
1612 1825
1614 1701
1614 1966
1616 1747
1618 1881
1619 1732
1619 1680
1620 1765
1620 1652
1622 1792
1622 2060
1624 1925
1624 1836
1624 1997
1624 1945
1626 2181
1626 1709
1626 2157
1627 1818
1627 1670
1629 1804
1631 2183
1632 2088
1633 2174
1634 1884
1636 1872
1637 2027
1638 1956
1639 1953
1639 1893
1641 1784
1641 1750
1643 1908
1643 1851
1647 1872
1648 2153
1649 1864
1649 1746
1649 1851
1651 2088
1651 1690
1652 2074
1654 1780
1655 1670
1655 2022
1655 2094
1655 2008
1658 2024
1658 2047
1658 1703
1659 2018
1660 1970
1661 2119
1661 1978
1661 2172
1662 2186
1662 1968
1662 1777
1663 2024
1663 1911
1664 1902
1664 1751
1664 1816
1665 2180
1665 2104
1666 2081
1668 2161
1668 2137
1670 1928
1670 1843
1671 1738
1671 1950
1673 1873
1673 1876
1673 1951
1674 1765
1674 1964
1674 2194
1674 1876
1675 1792
1676 2153
1676 2097
1678 1884
1679 2186
1681 1739
1682 1910
1684 2131
1684 1816
1685 1803
1685 1742
1686 1840
1686 1811
1686 2010
1687 2170
1687 2015
1688 1866
1688 1743
1690 1888
1690 1927
1691 2016
1693 2108
1693 1714
1693 2105
1694 2188
1695 2082
1698 1845
1698 2166
1700 1915
1701 1729
1701 1942
1703 2172
1703 1857
1704 2096
1705 1935
1706 2051
1706 1977
1706 1917
1707 1936
1710 1841
1710 1820
1712 2161
1713 2080
1713 2019
1714 1995
1716 2086
1716 1905
1718 1830
1720 1901
1721 1964
1721 1722
1722 1838
1723 1802
1724 1828
1728 2125
1728 1881
1729 2075
1730 2005
1731 2094
1733 1826
1734 1993
1735 2146
1735 1875
1736 1841
1737 1985
1737 1746
1740 1873
1740 1891
1740 2041
1743 2063
1743 2165
1744 2114
1744 2147
1745 1952
1745 1804
1745 1975
1746 1871
1746 1960
1747 2081
1747 1887
1748 2031
1749 1834
1750 2035
1751 2193
1751 1910
1751 2045
1752 2022
1753 2073
1754 2166
1756 1985
1756 1821
1758 2001
1759 1927
1761 1892
1761 1788
1762 2087
1763 1947
1763 1983
1764 2161
1764 1905
1765 2115
1766 1823
1766 1793
1767 1901
1768 1825
1768 1887
1771 2185
1773 1925
1773 2127
1773 1783
1774 2059
1774 1943
1775 1833
1778 1811
1779 2193
1779 2194
1781 2176
1787 1788
1788 1889
1788 1909
1789 1869
1789 2149
1791 1927
1791 1845
1791 2076
1792 2152
1792 2109
1793 2189
1793 2197
1794 2034
1794 1941
1795 1975
1796 1888
1797 2123
1797 2179
1798 1938
1798 2092
1799 2118
1801 2037
1801 2015
1802 2053
1803 2060
1803 2100
1803 2140
1804 2036
1804 1911
1805 2072
1806 2036
1810 2018
1811 1889
1811 2122
1815 1828
1817 1897
1817 2063
1817 2098
1818 2036
1820 2181
1823 2128
1824 2071
1825 1950
1827 2189
1828 1852
1828 1869
1829 1958
1829 1937
1832 2184
1833 2014
1835 2148
1835 1868
1835 2097
1839 2142
1839 2007
1840 2137
1841 2176
1841 1865
1841 1973
1841 1981
1843 2007
1845 2012
1845 2173
1846 2128
1846 1882
1848 2026
1850 2048
1851 2158
1852 2067
1853 1921
1853 2089
1855 2089
1857 2022
1857 2194
1859 2006
1860 2042
1863 1864
1863 2001
1863 2194
1864 1938
1864 1935
1865 1872
1865 1881
1867 1909
1868 2131
1870 1976
1871 1875
1872 1949
1873 2113
1873 1974
1874 2032
1874 2149
1876 2053
1878 2081
1879 2036
1881 1934
1882 1948
1884 2081
1884 2004
1886 1955
1889 1994
1890 2142
1891 2070
1892 1983
1892 2044
1893 1967
1895 2065
1895 2098
1897 2073
1899 2148
1902 1946
1905 2189
1905 2035
1908 2092
1909 2094
1910 1988
1910 2078
1913 1923
1914 2077
1918 2129
1920 2090
1921 2085
1921 1982
1922 2052
1924 1998
1933 2071
1935 2185
1936 2110
1939 2007
1941 2035
1943 2155
1943 2142
1944 1969
1945 2075
1946 2120
1946 1967
1948 2128
1953 2095
1958 2195
1959 2062
1961 2031
1962 2148
1968 2169
1976 2108
1978 2154
1980 1990
1980 2032
1980 2069
1980 2076
1982 2103
1984 2009
1985 2139
1986 2059
1986 2175
1987 2144
1991 2137
1993 2103
2002 2022
2005 2143
2006 2182
2007 2009
2008 2113
2012 2034
2013 2117
2016 2053
2017 2138
2020 2168
2021 2031
2022 2102
2032 2100
2034 2122
2036 2099
2037 2154
2037 2187
2038 2178
2044 2055
2054 2176
2055 2082
2060 2094
2069 2194
2074 2188
2077 2095
2079 2130
2081 2150
2084 2096
2084 2133
2095 2170
2100 2128
2100 2140
2101 2180
2108 2137
2110 2174
2112 2179
2114 2119
2115 2119
2117 2144
2121 2178
2121 2199
2127 2147
2127 2143
2130 2184
2134 2140
2134 2166
2135 2172
2139 2163
2157 2177
2161 2176
2162 2188
2168 2169
2189 2197
