0 131
0 219
1 293
1 294
2 172
3 219
3 108
4 45
4 517
5 50
6 427
6 581
7 42
7 555
7 699
8 632
8 182
9 88
9 576
9 562
9 634
9 390
11 117
12 386
13 296
13 370
13 469
13 303
14 408
14 432
14 502
14 350
15 497
18 269
18 85
18 440
18 569
18 117
18 383
19 163
20 581
21 312
21 391
22 116
23 487
23 199
24 548
24 525
24 175
25 660
25 404
26 138
26 293
27 641
27 206
28 49
28 593
28 409
29 319
29 311
30 168
30 585
30 670
30 103
31 308
33 424
33 513
33 118
34 222
36 555
37 393
37 325
37 697
37 535
38 72
39 287
39 231
40 182
41 592
41 562
41 646
42 698
42 235
42 206
44 568
44 307
44 195
44 76
45 493
47 536
47 148
47 662
48 528
48 146
48 469
48 359
49 363
50 496
50 538
50 323
52 428
52 381
53 60
54 176
54 584
54 652
54 212
55 303
56 603
56 254
57 478
58 217
59 464
60 360
60 383
61 226
62 218
62 165
62 429
63 536
63 460
63 254
63 198
64 137
65 611
66 514
67 85
68 587
69 207
70 422
72 395
72 172
72 350
74 185
74 679
74 102
74 225
75 326
78 297
78 228
78 508
78 126
79 347
79 527
80 89
80 558
80 253
80 526
81 163
81 614
81 302
81 231
82 452
82 374
82 671
83 307
83 156
83 622
83 542
84 283
85 487
86 130
87 245
88 380
89 244
89 438
90 685
91 456
91 633
92 395
94 619
94 495
95 579
95 435
95 165
96 262
98 596
98 452
100 388
100 430
102 603
102 290
102 326
102 527
103 181
103 621
104 368
104 583
104 307
104 367
105 369
107 593
107 277
108 418
108 428
108 223
109 680
111 462
111 535
112 288
112 135
114 613
115 267
115 411
115 165
116 589
117 416
117 683
117 194
118 237
119 393
119 675
119 325
119 533
120 668
122 289
122 402
123 656
127 416
129 307
129 667
130 644
130 180
131 569
131 682
133 385
133 306
133 139
133 509
134 149
137 427
138 151
140 194
140 301
140 679
142 497
142 555
142 397
142 585
145 425
145 367
145 175
147 498
147 602
149 312
149 441
150 208
150 688
150 299
150 231
151 664
151 521
151 154
152 424
152 542
153 690
155 384
155 636
157 225
157 411
158 425
159 297
159 277
160 188
160 327
161 382
162 635
162 340
164 227
165 225
165 520
165 344
166 660
166 293
167 495
169 288
169 267
170 301
170 413
171 689
171 383
172 404
172 662
173 517
175 480
176 241
176 399
177 506
181 443
181 462
182 667
184 626
185 266
187 392
188 305
188 350
192 480
193 450
193 228
195 557
198 561
199 401
200 580
201 476
202 634
202 460
203 272
203 449
203 204
203 318
203 592
204 537
204 261
204 565
206 635
206 454
206 521
206 468
206 346
207 644
207 269
209 527
211 304
212 424
212 440
213 401
213 676
214 362
214 546
217 332
217 317
218 636
218 317
221 552
221 467
223 256
226 479
227 464
227 265
227 445
228 439
230 644
232 496
232 687
233 321
235 289
235 309
235 629
237 362
237 387
237 533
239 254
241 627
242 404
243 560
243 323
244 291
246 298
246 610
247 459
247 659
248 670
249 342
250 466
251 688
251 515
251 659
252 376
253 649
254 537
254 658
256 489
257 433
257 450
257 548
257 319
258 353
258 618
258 425
259 301
259 390
260 448
260 435
264 442
264 374
265 478
266 354
266 555
266 367
268 497
268 566
269 342
270 417
270 290
270 330
272 607
273 658
274 563
274 533
275 557
276 293
277 571
278 659
279 462
280 608
280 542
281 299
283 487
284 482
285 331
286 345
287 375
287 525
289 571
289 487
290 460
291 295
293 392
294 660
294 334
295 672
296 641
297 540
298 329
298 588
300 474
301 428
302 619
304 610
307 449
308 347
309 505
310 485
311 459
312 340
313 335
314 485
315 386
315 639
315 383
316 472
317 419
317 487
318 407
320 389
320 639
323 328
323 344
325 544
325 563
325 423
327 564
332 336
334 627
334 655
335 479
336 513
338 468
338 366
339 449
340 415
341 434
341 597
341 382
341 631
342 360
342 613
342 481
343 650
344 479
345 355
346 567
348 387
353 590
355 460
355 537
358 624
361 404
361 533
365 583
365 383
367 470
369 389
369 473
370 380
370 693
371 521
373 616
374 590
376 609
377 643
377 591
378 595
378 390
380 427
380 453
380 679
382 512
382 682
384 472
385 492
385 423
386 402
386 502
387 618
388 579
390 464
391 483
392 691
393 654
394 645
394 623
395 612
395 486
397 573
400 487
401 656
401 647
401 542
403 604
404 687
404 568
405 412
406 426
406 412
407 440
407 414
410 660
411 555
411 461
411 694
411 508
414 538
414 549
418 450
418 563
418 567
421 449
422 476
423 451
428 549
428 468
428 668
429 457
429 538
430 629
434 673
438 489
441 585
441 531
444 656
444 571
445 580
445 507
446 482
449 686
450 644
450 532
453 525
454 605
456 497
456 626
456 502
457 565
460 612
460 473
461 484
462 553
462 589
462 626
464 678
471 570
473 500
476 584
477 532
477 695
478 544
478 691
484 633
484 587
485 487
490 640
492 658
492 677
495 653
497 589
501 610
502 631
503 697
504 588
506 626
508 614
510 634
513 549
518 581
520 649
524 624
527 651
529 692
536 649
538 621
538 557
545 688
548 553
555 616
556 563
560 679
563 685
564 679
570 571
570 662
574 593
576 609
582 641
585 681
591 606
599 657
603 634
606 679
610 699
622 642
632 682
639 674
641 678
657 671
691 698
691 694
