0 545
0 130
0 1286
0 584
0 1276
0 234
0 235
0 367
0 464
0 664
0 342
0 1017
0 522
0 377
0 1111
0 1212
0 157
1 1025
1 666
1 1117
1 842
1 938
1 205
1 467
1 669
1 403
1 117
1 1112
1 889
1 634
1 125
1 1150
1 861
2 833
2 418
2 1003
2 1158
2 455
2 263
2 730
2 427
2 76
2 546
2 47
2 1032
2 117
2 118
2 1239
2 1146
2 186
2 831
2 698
2 1278
2 629
3 321
3 1282
3 515
3 932
3 709
3 744
3 203
3 462
3 1000
3 174
3 570
3 507
3 1125
3 885
4 896
4 1026
4 291
4 776
4 795
4 1035
4 237
4 1134
4 813
4 849
4 146
4 947
4 1204
4 630
4 314
4 219
4 1212
5 1250
5 166
5 262
5 875
5 204
5 1134
5 718
5 339
5 21
5 985
5 889
5 1116
5 1277
5 1271
6 874
6 396
6 50
6 849
6 18
6 920
6 827
6 830
6 1023
7 1249
7 643
7 388
7 1125
7 457
7 1134
7 403
7 84
7 1129
7 1014
7 183
7 1188
8 1248
8 419
8 100
8 1158
8 104
8 1193
8 106
8 881
8 404
9 832
9 837
9 1158
9 295
9 585
9 150
9 792
9 251
9 445
9 319
10 1275
10 37
10 617
10 1047
10 1279
10 1010
10 404
10 713
10 953
10 539
10 1117
10 197
11 1051
11 292
11 902
11 1127
11 990
11 1054
11 1101
11 21
11 86
11 376
11 953
11 155
11 926
12 1088
12 485
12 360
12 572
12 1068
12 333
12 1006
12 592
12 1160
12 339
12 340
12 565
12 500
12 1274
12 444
12 413
12 350
12 255
13 130
13 583
13 810
13 684
13 690
13 1172
13 949
13 214
13 439
13 1020
14 768
14 100
14 677
14 648
14 1068
14 268
14 109
14 624
14 1042
14 1228
14 1141
14 374
14 184
14 964
14 477
14 1151
15 763
15 680
15 778
15 395
15 180
15 629
15 280
15 313
15 187
16 614
16 73
16 46
16 657
16 563
16 821
16 668
16 253
17 1218
17 37
17 103
17 904
17 585
17 1035
17 1042
17 596
17 312
17 601
17 668
17 862
17 991
18 992
18 1248
18 611
18 613
18 327
18 681
18 938
18 364
18 207
18 729
19 452
19 1159
19 394
19 909
19 400
19 55
19 292
19 570
19 957
20 1280
20 226
20 1058
20 1124
20 134
20 743
20 776
20 843
20 396
20 461
20 1229
20 657
20 275
20 277
20 1047
20 345
20 1179
20 284
20 1182
21 257
21 98
21 1092
21 961
21 105
21 845
21 174
21 239
21 496
21 593
21 1268
21 214
21 1193
21 600
21 57
21 1127
21 1245
22 800
22 929
22 867
22 103
22 1032
22 1152
22 428
22 717
22 50
22 30
22 1015
22 1179
22 222
22 959
23 352
23 292
23 518
23 839
23 361
23 557
23 1085
23 755
23 372
23 861
23 383
24 449
24 258
24 579
24 740
24 774
24 967
24 745
24 77
24 499
24 407
24 474
24 475
25 1008
25 291
25 1029
25 423
25 112
25 1202
25 995
25 56
25 121
25 1267
25 1116
25 158
25 1011
26 928
26 673
26 878
26 870
26 296
26 1070
26 1261
26 46
26 815
26 945
26 757
26 278
26 699
26 285
26 606
26 1215
27 864
27 1122
27 294
27 455
27 1100
27 327
27 972
27 302
27 433
27 1266
27 1237
27 1276
28 1281
28 706
28 1296
28 585
28 555
28 204
28 770
28 1006
28 336
28 1204
28 119
28 1147
28 895
29 1293
29 1169
29 109
29 175
29 497
29 915
29 1076
29 173
29 1079
29 239
29 589
30 923
30 165
30 618
30 493
30 910
30 559
30 848
30 849
30 1241
30 889
30 635
30 266
31 64
31 387
31 1124
31 869
31 167
31 361
31 815
31 338
31 1027
31 308
31 150
31 1049
31 795
31 926
32 928
32 1025
32 358
32 176
32 915
32 278
32 985
32 89
32 666
32 1212
32 93
32 1151
33 802
33 197
33 1190
33 1233
33 392
33 886
33 1068
33 653
33 1261
33 1064
33 1012
33 597
33 758
33 1177
33 888
33 953
33 1096
33 827
34 881
34 1074
34 827
34 596
34 557
35 1088
35 976
35 258
35 643
35 1092
35 37
35 519
35 939
35 770
35 1277
35 720
35 1155
35 276
35 1205
35 248
35 1151
35 1057
35 1255
35 63
36 322
36 99
36 388
36 518
36 999
36 297
36 812
36 853
36 310
36 1289
36 548
36 411
36 507
37 898
37 145
37 617
37 1260
37 1022
37 957
37 931
37 787
37 213
37 963
37 376
37 730
37 668
37 61
37 606
38 355
38 1254
38 934
38 231
38 554
38 974
38 466
38 277
38 504
38 251
38 414
38 671
39 673
39 642
39 1290
39 715
39 428
39 365
39 1198
39 237
39 369
39 820
39 374
39 343
39 474
39 655
39 572
40 321
40 226
40 807
40 969
40 1002
40 971
40 397
40 1070
40 560
40 52
40 441
40 1127
41 704
41 1059
41 805
41 678
41 1166
41 663
41 543
42 226
42 1227
42 846
42 902
42 838
42 43
42 1197
42 110
42 399
42 308
42 245
42 983
42 917
42 91
42 798
42 127
43 96
43 162
43 899
43 297
43 202
43 812
43 802
43 1247
43 1123
43 1204
43 473
43 634
43 827
43 831
44 1090
44 713
44 331
44 558
44 85
44 222
44 1269
45 832
45 130
45 1046
45 840
45 1135
45 630
45 567
45 696
45 1083
45 765
45 990
46 929
46 546
46 420
46 310
46 102
46 1097
46 682
46 785
46 342
46 997
46 351
47 641
47 1251
47 1125
47 1082
47 360
47 1132
47 844
47 143
47 947
47 822
47 314
47 1147
47 125
47 703
48 99
48 868
48 135
48 489
48 554
48 907
48 1100
48 621
48 1102
48 559
48 117
48 999
48 1223
48 93
48 766
49 193
49 708
49 1253
49 721
49 105
49 331
49 655
49 280
49 855
49 1203
49 885
49 407
49 216
49 441
49 413
50 746
50 1068
50 975
50 688
50 884
50 1210
50 312
50 1113
50 442
50 860
50 669
50 190
51 864
51 641
51 101
51 625
51 1132
51 1095
51 652
51 1199
51 1246
51 337
51 1010
51 852
51 885
51 1257
51 1273
51 122
51 794
51 478
52 780
52 170
52 540
52 614
53 769
53 912
53 807
53 524
53 877
53 719
53 304
53 401
53 853
53 1146
53 1263
53 637
54 1280
54 833
54 354
54 741
54 390
54 840
54 1137
54 1234
54 179
54 1207
54 667
55 384
55 763
55 211
55 587
55 908
55 143
55 536
55 283
55 412
56 1287
56 481
56 100
56 167
56 650
56 103
56 1261
56 208
56 1112
56 114
56 755
56 926
56 534
56 471
56 472
56 446
57 539
57 385
57 1186
57 59
57 959
57 831
57 872
57 972
57 1152
57 1239
57 556
57 397
57 655
57 150
57 663
57 917
57 283
57 543
58 225
58 389
58 776
58 432
58 561
58 1139
58 150
58 760
58 857
58 60
58 61
58 837
59 864
59 163
59 164
59 1224
59 426
59 364
59 733
59 196
59 951
59 440
59 458
59 1013
60 1152
60 289
60 962
60 1008
60 165
60 295
60 1288
60 811
60 1292
60 750
60 1085
60 400
60 1083
60 910
60 984
60 1019
60 1053
60 574
61 480
61 513
61 450
61 739
61 1094
61 673
61 265
61 1068
61 108
61 98
61 621
61 848
61 789
61 1190
62 609
62 100
62 489
62 554
62 844
62 239
62 1041
62 212
62 1260
62 1206
62 1112
62 308
62 125
62 990
62 639
63 706
63 1221
63 610
63 307
63 213
63 342
64 416
64 928
64 899
64 785
64 1217
64 1132
64 750
64 561
64 307
64 341
64 317
65 260
65 1158
65 1008
65 402
65 1235
65 830
65 1143
65 1112
65 1220
65 412
65 862
66 1191
66 764
66 332
66 334
66 1230
66 595
66 757
66 984
66 985
66 636
66 253
67 1009
67 1092
67 197
67 243
67 170
67 1163
67 975
67 465
67 339
67 188
68 384
68 100
68 741
68 1132
68 1245
68 819
68 1078
68 1271
68 568
68 883
68 1053
68 350
69 192
69 577
69 923
69 900
69 805
69 1007
69 527
69 114
69 723
69 379
69 1085
69 862
69 1093
70 354
70 776
70 642
70 212
70 1242
70 511
71 1283
71 996
71 710
71 169
71 1239
71 1257
71 926
72 226
72 420
72 906
72 1068
72 717
72 191
72 703
73 805
73 134
73 136
73 619
73 954
73 838
73 342
73 1079
73 570
73 634
73 1114
74 291
74 1252
74 389
74 358
74 967
74 427
74 813
74 912
74 739
74 1203
75 1218
75 932
75 840
75 236
75 526
75 443
76 388
76 1159
76 712
76 1101
76 430
76 728
76 174
76 1080
76 440
76 251
76 789
77 1152
77 578
77 1159
77 682
77 524
77 878
77 1181
77 1297
77 786
77 339
77 116
77 862
77 822
77 506
77 605
77 158
78 516
78 138
78 658
78 279
78 669
78 549
78 435
78 696
78 1214
78 834
78 1227
78 474
78 603
78 1117
78 228
78 357
78 1258
78 491
78 1298
78 958
78 1271
78 889
78 508
78 1022
78 767
79 608
79 835
79 421
79 390
79 839
79 872
79 1291
79 690
79 338
79 1012
79 1207
79 632
80 385
80 1195
80 872
80 809
80 940
80 140
80 655
80 1142
80 1143
80 251
80 508
80 1023
81 1027
81 1075
81 259
81 229
81 552
81 169
81 912
81 1297
81 131
81 916
81 1021
82 1083
82 164
82 363
82 727
82 509
82 850
82 918
82 87
82 411
82 508
82 253
83 1250
83 870
83 743
83 1037
83 782
83 1048
83 819
83 597
83 246
83 696
83 381
84 482
84 739
84 1041
84 1295
84 369
84 408
84 666
84 638
85 480
85 417
85 261
85 1126
85 449
85 1099
85 142
85 721
85 1042
85 275
85 180
85 846
85 918
85 1242
85 474
85 602
85 1054
86 224
86 129
86 514
86 355
86 389
86 649
86 401
86 498
86 1182
86 566
86 697
86 796
86 798
86 453
87 1189
87 194
87 963
87 484
87 229
87 714
87 1183
87 386
87 240
87 433
87 564
87 466
87 698
87 1019
87 826
87 223
88 963
88 1060
88 489
88 272
88 790
88 791
89 865
89 261
89 230
89 110
89 1106
89 212
89 633
89 998
90 1248
90 1291
90 1255
90 936
90 458
90 619
90 172
90 206
90 847
90 968
90 114
90 1076
90 110
90 1147
90 1020
90 671
91 290
91 105
91 1250
91 258
91 1133
91 881
91 1075
91 777
91 603
91 124
91 1098
91 799
92 512
92 1154
92 804
92 1126
92 970
92 687
92 982
92 856
92 1135
92 637
93 1253
93 587
93 173
93 687
93 1208
93 668
94 324
94 773
94 710
94 713
94 1166
94 208
94 1033
94 791
94 922
94 1244
94 701
95 288
95 129
95 1007
95 453
95 263
95 1002
95 1131
95 687
95 1265
95 1202
95 853
95 566
95 345
95 347
95 316
95 125
96 865
96 619
96 516
96 460
96 1295
96 656
96 145
96 883
96 149
96 246
96 983
96 1146
96 606
97 506
97 1269
97 197
97 296
97 393
97 748
97 1085
97 253
97 848
97 1096
97 117
97 1145
97 218
97 703
97 828
97 122
97 415
98 481
98 613
98 135
98 1129
98 989
98 203
98 334
98 527
98 242
98 343
98 1183
98 965
99 323
99 230
99 713
99 717
99 771
99 629
99 665
99 569
99 349
99 798
100 1290
100 972
100 173
100 1165
100 1160
100 918
100 951
100 989
101 388
101 746
101 687
101 1211
101 479
102 576
102 899
102 357
102 1255
102 661
102 113
102 1283
102 468
102 437
102 150
102 500
102 351
103 385
103 583
103 604
103 586
103 140
103 1113
103 978
103 1145
103 567
103 729
103 507
103 252
103 1213
104 385
104 1189
104 1116
104 525
104 621
104 296
104 572
104 862
104 255
105 192
105 705
105 1186
105 870
105 1198
105 911
105 793
105 249
106 772
106 325
106 486
106 784
106 565
106 698
106 955
106 764
107 832
107 420
107 651
107 302
107 593
107 1269
107 442
107 351
108 613
108 1030
108 1255
108 969
108 909
108 221
108 688
108 817
108 307
108 634
108 251
109 450
109 134
109 1064
109 201
109 1034
109 270
109 1263
109 1112
109 186
109 539
109 606
109 574
110 1232
110 420
110 620
110 236
110 1200
110 274
110 312
110 955
110 346
111 640
111 560
111 1188
111 973
111 304
111 690
111 1203
111 245
111 1239
111 184
111 949
111 219
111 638
111 127
112 1220
112 230
112 140
112 653
112 622
112 783
112 466
112 820
112 793
112 1243
112 479
113 1008
113 1136
113 432
113 1272
113 754
113 342
113 343
113 1240
113 1210
114 320
114 669
114 868
114 1062
114 1068
114 270
114 637
114 1176
114 403
114 960
114 538
115 353
115 802
115 227
115 613
115 881
115 1138
115 116
115 182
115 925
116 353
116 643
116 805
116 490
116 1071
116 274
116 183
116 1082
116 731
116 316
116 931
117 452
117 977
117 556
117 205
117 760
117 1234
117 408
117 1214
118 732
118 1133
118 470
118 1016
118 924
119 1238
119 891
119 1093
119 881
119 791
119 987
119 753
119 915
119 1227
119 471
119 536
119 217
119 443
119 894
119 1144
120 1227
120 684
120 621
120 125
120 1042
120 148
120 1206
120 795
120 1020
120 925
121 995
121 460
121 684
121 1134
121 980
121 278
121 1241
121 664
121 1146
121 798
121 799
122 1152
122 1186
122 1187
122 296
122 1129
122 371
122 396
122 1294
122 1173
122 408
122 922
122 383
123 864
123 228
123 487
123 681
123 845
123 623
123 627
123 1145
123 473
124 320
124 1286
124 1114
124 169
124 266
124 493
124 498
124 436
124 1178
124 649
124 473
124 282
124 284
124 938
125 1105
125 934
125 609
125 296
125 905
125 560
125 968
125 532
125 1012
125 1208
126 995
126 521
126 428
126 1037
126 367
126 1137
126 1298
126 1140
126 438
126 1161
126 858
126 348
126 991
127 928
127 515
127 134
127 263
127 1225
127 1260
127 402
127 579
127 726
127 379
127 796
127 669
127 1087
128 385
128 581
128 211
128 749
128 1230
128 146
128 179
128 1270
128 408
128 1081
128 1243
129 227
129 263
129 1130
129 683
129 560
129 657
129 817
129 221
129 1086
130 449
130 260
130 534
130 1254
130 423
130 776
130 823
130 176
130 689
130 595
130 660
130 181
130 310
130 791
130 968
130 351
131 328
131 335
131 1267
131 244
131 566
131 861
131 1183
132 576
132 450
132 899
132 454
132 487
132 585
132 1090
132 366
132 623
132 752
132 963
132 565
132 1175
132 1274
132 1103
132 734
132 597
133 960
133 163
133 772
133 326
133 337
133 1141
133 598
133 984
133 922
133 1237
134 1072
134 923
134 490
134 501
134 597
134 381
134 496
134 1134
134 276
134 277
134 1113
134 1178
134 447
134 189
134 605
135 800
135 621
135 1044
135 601
136 776
136 682
136 1229
136 238
136 1040
136 1032
136 147
136 1109
136 1207
136 1208
137 577
137 235
137 908
137 886
137 987
137 476
137 1085
138 1184
138 1275
138 324
138 1158
138 925
138 980
138 693
138 1242
138 379
138 508
138 317
139 1201
139 680
139 715
139 1064
139 1074
139 185
139 954
139 283
139 350
140 553
140 588
140 429
140 1166
140 978
140 286
140 632
140 410
140 220
140 1018
140 382
141 738
141 950
141 1290
141 428
141 1229
141 1008
141 882
141 1139
141 534
141 1144
141 409
141 637
141 1279
142 706
142 709
142 327
142 1068
142 696
142 620
142 1218
142 657
142 434
142 536
142 965
142 188
142 1245
142 767
143 835
143 1189
143 777
143 554
143 1143
143 945
143 852
143 1145
143 731
143 446
143 831
144 355
144 612
144 805
144 1096
144 951
144 1265
144 882
144 694
144 183
144 634
144 670
144 543
145 355
145 998
145 553
145 330
145 598
145 1068
145 942
145 239
145 592
145 970
145 659
145 980
145 246
145 824
145 285
145 1098
146 1026
146 388
146 680
146 956
146 1290
146 1069
146 627
146 793
146 851
146 700
147 1088
147 481
147 1287
147 835
147 1073
147 945
147 780
147 1066
147 1227
147 236
147 1133
147 847
147 168
147 725
147 251
147 926
147 1013
148 326
148 1002
148 204
148 845
148 239
148 912
148 1169
148 375
148 537
148 732
148 1130
148 734
149 418
149 643
149 294
149 657
149 514
149 494
149 241
149 978
149 664
149 697
149 1213
149 351
150 695
150 1294
150 511
150 425
150 1016
150 1079
150 1117
150 223
151 165
151 1254
151 554
151 525
151 1297
151 594
151 314
151 1138
151 1084
151 1194
152 160
152 1153
152 1123
152 200
152 559
152 656
152 983
152 569
152 1114
152 827
153 644
153 773
153 424
153 426
153 210
153 179
153 1237
153 1221
154 288
154 1083
154 645
154 690
154 661
154 726
154 730
154 667
155 1027
155 1092
155 325
155 494
155 1136
155 1246
155 979
155 1022
155 1220
155 318
155 287
156 1092
156 198
156 230
156 231
156 1096
156 745
156 942
156 559
156 1276
156 567
156 732
156 543
157 738
157 372
157 277
157 1140
157 986
158 353
158 707
158 225
158 938
158 1255
158 748
158 1070
158 719
158 753
158 722
158 1217
158 1141
158 1080
158 1048
158 1180
158 702
158 1209
159 612
159 456
159 1290
159 812
159 781
159 526
159 495
159 432
159 849
159 504
159 286
160 321
160 1250
160 1031
160 1029
160 1286
160 193
160 1256
160 969
160 394
160 843
160 526
160 1204
160 434
160 788
160 558
160 1078
160 761
160 185
160 954
160 1288
161 512
161 354
161 1155
161 900
161 421
161 529
161 1208
161 330
161 1265
161 1164
161 398
161 433
161 370
161 661
161 593
161 1048
161 442
161 955
161 828
162 1069
162 1225
162 876
162 493
162 1037
162 1112
162 565
162 344
162 601
162 1277
163 864
163 1088
163 965
163 228
163 1183
163 536
163 216
163 730
163 222
163 741
164 323
164 428
164 333
164 334
164 717
164 1243
164 835
164 1206
164 376
164 253
164 447
165 1122
165 860
165 1290
165 203
165 333
165 1011
165 317
165 863
166 928
166 1185
166 1031
166 585
166 299
166 274
166 334
166 719
166 210
166 574
166 790
166 664
166 668
166 254
166 325
167 801
167 1093
167 551
167 267
167 493
167 719
167 824
167 1010
167 341
167 822
167 999
167 542
168 576
168 1026
168 548
168 486
168 841
168 207
168 753
168 438
168 218
168 668
169 674
169 965
169 265
169 299
169 269
169 905
169 1191
169 286
169 511
170 736
170 912
170 226
170 1033
170 1261
170 208
170 277
170 700
170 382
170 543
171 484
171 613
171 328
171 1065
171 906
171 1229
171 754
171 534
171 356
171 927
172 224
172 193
172 354
172 615
172 1065
172 610
172 256
172 954
172 785
172 604
172 189
173 262
173 1295
173 400
173 799
173 1200
173 569
173 188
173 318
173 325
173 966
173 968
173 850
173 343
173 218
173 1245
173 871
173 1137
173 765
173 1150
174 608
174 901
174 742
174 583
174 936
174 684
174 266
174 685
174 498
174 908
174 377
174 347
175 386
175 195
175 260
175 838
175 358
175 903
175 1159
175 396
175 450
175 1168
175 1125
175 1235
175 1093
176 259
176 390
176 201
176 247
176 364
176 610
176 687
176 1012
176 951
176 982
176 279
176 1144
176 831
176 1228
176 797
176 1239
176 780
177 800
177 1218
177 580
177 362
177 718
177 953
177 884
177 633
177 708
177 348
177 319
178 577
178 1187
178 708
178 662
178 550
178 840
178 1130
178 1005
178 656
178 1016
178 723
178 213
178 406
178 728
178 1174
178 347
178 1022
179 289
179 450
179 549
179 1057
179 1239
179 1293
179 464
179 402
179 889
179 958
180 1284
180 609
180 484
180 1212
180 1104
180 668
180 651
180 784
180 947
180 281
180 604
180 1021
180 927
181 800
181 611
181 1061
181 296
181 1197
181 520
181 703
182 195
182 293
182 1287
182 508
182 332
182 269
182 1133
182 1009
182 1076
182 439
182 1204
182 1148
182 380
182 478
183 1056
183 969
183 1095
183 1263
183 719
183 1139
183 662
183 1273
183 1108
183 927
183 381
183 543
184 226
184 843
184 428
184 930
184 1041
184 693
184 502
184 824
184 1177
184 541
185 1291
185 804
185 998
185 808
185 917
185 729
185 1181
186 707
186 1124
186 569
186 617
186 298
186 951
186 303
186 368
186 913
186 215
186 313
186 860
187 1027
187 484
187 1157
187 295
187 1163
187 1228
187 1197
187 654
187 532
187 629
187 985
187 1082
187 975
187 541
188 740
188 807
188 1068
188 1039
188 900
188 1236
188 313
188 218
188 415
189 481
189 357
189 840
189 362
189 364
189 786
189 1068
189 1240
189 370
189 440
189 998
189 874
190 740
190 838
190 455
190 554
190 299
190 1101
190 686
190 719
190 775
190 1297
190 1135
190 1028
190 315
190 637
190 926
191 928
191 546
191 1029
191 1004
191 397
191 308
191 501
191 215
191 1081
191 539
191 1221
191 862
191 341
192 514
192 999
192 874
192 395
192 652
192 1293
192 1070
192 591
192 534
192 361
192 664
192 1211
193 419
193 1036
193 1195
193 653
193 978
193 532
193 1046
193 603
194 560
194 646
194 361
194 586
194 1207
194 206
194 336
194 853
194 566
194 1177
195 417
195 1157
195 422
195 330
195 1070
195 910
195 304
195 497
195 1266
195 1054
195 1111
195 667
195 1294
195 926
196 1025
196 355
196 1190
196 391
196 392
196 557
196 656
196 1265
196 530
196 440
196 218
196 348
196 479
197 1137
197 262
197 331
197 432
197 785
197 1170
197 531
197 982
197 250
197 1247
197 253
197 865
198 769
198 809
198 875
198 334
198 1169
198 245
198 536
198 991
199 352
199 771
199 934
199 1231
199 718
199 1039
199 1234
199 310
199 824
199 314
199 283
200 641
200 357
200 231
200 686
200 816
200 1203
200 404
200 1109
200 1207
200 953
200 410
200 730
200 1274
201 769
201 1154
201 324
201 812
201 585
201 1223
201 300
201 957
201 1268
201 502
201 1225
201 1220
201 442
201 573
201 255
202 1056
202 1088
202 264
202 489
202 499
202 1202
202 339
202 665
203 448
203 799
203 864
203 1055
203 1116
203 1261
203 739
203 958
203 344
203 251
203 668
203 350
203 543
204 449
204 231
204 941
204 1038
204 913
204 888
204 532
204 666
204 1083
205 224
205 1218
205 712
205 1226
205 1280
205 240
205 808
205 628
205 1044
205 700
205 1279
206 1043
206 513
206 876
206 813
206 814
206 1296
206 210
206 979
206 942
206 218
207 992
207 1057
207 644
207 1267
207 777
207 1040
207 1192
207 1171
207 1081
207 408
207 345
207 570
207 732
207 573
207 895
208 225
208 1085
208 548
208 1014
208 902
208 705
208 297
208 781
208 494
208 813
208 464
208 374
208 676
208 666
208 700
208 285
208 286
209 1190
209 710
209 1231
209 1214
209 1008
209 242
209 1054
209 470
209 793
209 281
209 218
209 1083
209 830
210 1024
210 1184
210 738
210 999
210 783
211 769
211 960
211 266
211 715
211 723
211 796
212 800
212 450
212 505
212 1092
212 874
212 610
212 340
212 470
212 439
212 760
212 602
213 1281
213 393
213 1036
213 622
213 979
213 1016
213 954
213 1179
214 1185
214 1187
214 356
214 933
214 648
214 527
214 241
214 1176
214 949
215 421
215 329
215 490
215 844
215 941
215 462
215 595
215 564
215 1142
215 1204
215 316
216 512
216 358
216 1233
216 904
216 716
216 333
216 270
216 829
216 341
216 502
216 727
216 542
216 477
216 446
217 896
217 993
217 391
217 471
217 460
217 1296
217 559
217 1246
217 789
217 374
217 535
217 1184
217 1213
217 1216
218 262
218 668
218 929
218 806
218 1077
218 1079
218 573
218 1095
218 340
218 982
218 1250
218 1002
218 1260
218 374
218 890
219 1263
219 517
219 297
219 813
219 532
219 341
219 951
219 1240
219 708
219 282
219 1167
219 1084
219 286
220 707
220 869
220 936
220 363
220 397
220 238
220 749
220 754
220 467
220 565
220 247
220 377
220 378
220 855
220 622
220 1070
220 1269
221 482
221 795
221 625
221 1096
221 1299
221 555
221 1139
221 561
221 690
221 659
221 756
221 662
221 1047
221 1176
221 443
221 915
221 991
222 1248
222 1251
222 296
222 713
222 867
222 530
222 435
222 247
222 1080
222 793
222 415
222 1086
222 255
223 1107
223 1043
223 1172
224 706
224 549
224 550
224 304
224 980
224 728
224 794
224 828
224 1221
224 1093
225 320
225 289
225 356
225 876
225 1198
225 303
225 448
225 596
225 827
225 1012
226 769
226 507
226 1192
226 1111
226 588
226 1293
226 814
226 1083
226 314
226 315
226 828
226 1182
227 1216
227 611
227 933
227 641
227 999
227 749
227 721
227 469
227 1246
227 501
228 576
228 1015
228 941
228 404
228 889
228 692
228 637
229 486
229 295
229 1163
229 273
229 909
229 1198
229 468
229 789
229 767
230 816
230 837
230 967
230 905
230 1002
230 877
230 1134
230 431
230 1233
230 307
230 372
230 982
230 953
230 1240
230 574
230 1189
231 1060
231 1292
231 557
231 1135
231 1112
231 562
231 532
231 920
231 1053
232 1200
232 418
232 1155
232 1281
232 394
232 816
232 278
232 472
232 665
232 507
232 831
233 929
233 260
233 1057
233 887
233 1133
233 368
233 691
233 724
233 245
233 759
233 824
233 315
233 735
234 656
234 483
234 753
234 1227
234 1069
234 592
234 337
234 922
234 379
234 350
235 1002
235 659
235 1198
236 429
236 1198
236 1238
236 603
236 639
237 896
237 1168
237 643
237 710
237 294
237 1096
237 267
237 303
237 912
237 1233
237 1235
237 278
237 1271
237 1087
237 869
238 1219
238 1153
238 515
238 1284
238 998
238 1191
238 956
238 1196
238 493
238 264
238 402
238 947
238 470
238 954
238 989
238 1150
239 737
239 261
239 1137
239 1159
239 527
239 573
239 1268
239 635
240 1185
240 419
240 486
240 872
240 940
240 748
240 1192
240 781
240 528
240 1069
240 1140
240 1055
240 255
241 323
241 485
241 1023
241 456
241 362
241 715
241 333
241 817
241 1155
241 955
241 1141
241 853
242 705
242 1123
242 275
242 1135
242 655
242 752
242 595
242 1206
242 697
242 315
243 692
243 355
243 388
243 886
243 1094
243 1135
243 944
243 404
243 917
243 822
243 375
243 1080
243 260
243 698
243 1167
244 1218
244 740
244 1253
244 747
244 1068
244 752
244 949
244 772
244 665
244 507
245 1211
245 518
245 1117
245 622
245 945
245 306
245 806
245 1134
245 815
245 1224
245 1053
245 1285
246 832
246 834
246 849
246 1201
246 1067
246 588
246 621
246 878
246 349
246 338
246 372
246 699
246 285
246 894
247 1090
247 1027
247 265
247 558
247 1144
247 883
247 1173
247 438
247 855
247 632
247 1275
247 575
248 325
248 966
248 433
248 774
248 1123
248 1030
248 581
249 1121
249 955
249 1028
249 1013
249 586
249 1087
249 530
249 755
249 757
249 312
249 473
249 347
249 1115
249 1060
249 447
250 356
250 460
250 1038
250 464
250 657
250 758
250 792
250 1149
251 816
251 771
251 1157
251 1291
251 441
251 412
251 1181
252 1136
252 1106
252 1285
252 391
252 435
252 775
252 274
252 403
252 1172
252 1077
252 534
252 538
252 766
253 643
253 327
253 553
253 1034
253 1106
253 1105
253 1283
253 405
253 641
253 324
253 1119
253 574
253 933
254 448
254 1122
254 807
254 1001
254 1260
254 909
254 660
254 1143
254 376
254 857
254 1020
254 1085
255 1026
255 547
255 772
255 389
255 1194
255 334
255 563
255 534
255 585
255 794
255 933
256 1026
256 647
256 1097
256 490
256 491
256 398
256 495
256 807
256 884
256 334
256 855
256 858
256 1276
256 637
256 895
257 1056
257 1008
257 1028
257 1281
257 1120
257 812
257 879
257 816
257 1278
257 631
257 1016
257 890
257 1182
257 991
258 429
258 497
258 819
258 1014
258 1276
258 895
259 881
259 1292
259 780
259 542
259 831
260 547
260 546
260 948
260 697
260 1178
261 512
261 354
261 419
261 1241
261 710
261 1273
261 1291
261 786
261 1107
261 1268
261 1239
261 1082
261 923
261 415
262 546
262 515
262 325
262 391
262 1096
262 935
262 1262
262 977
262 771
262 790
262 503
262 697
262 883
262 834
262 926
263 1030
263 769
263 844
263 652
263 430
263 433
263 307
263 665
264 614
264 486
264 551
264 1017
264 445
264 1189
265 832
265 545
265 1188
265 424
265 1003
265 1005
265 400
265 776
265 700
266 1140
266 651
266 358
266 935
266 456
266 331
266 402
266 276
266 537
266 730
266 315
267 1008
267 642
267 891
267 1252
267 1160
267 1249
267 1132
267 430
267 336
267 433
267 995
267 1014
267 1259
267 568
267 699
267 287
268 1155
268 900
268 966
268 807
268 751
268 528
268 500
268 1006
268 474
268 1086
269 1153
269 515
269 932
269 1061
269 1291
269 1039
269 983
269 356
269 1083
269 1084
270 1040
270 325
270 1190
270 679
270 520
270 1292
270 687
270 592
270 369
270 985
270 818
270 817
271 772
271 329
271 972
271 749
271 1010
271 312
271 1020
272 833
272 964
272 776
272 1097
272 400
272 979
272 890
272 732
272 922
273 417
273 1282
273 902
273 588
273 396
273 303
273 308
273 373
273 726
273 950
273 984
273 1244
274 676
274 742
274 553
274 1201
274 1198
274 1016
274 1190
275 417
275 1171
275 1222
275 743
275 904
275 1212
275 871
275 1011
275 570
275 1159
276 1120
276 545
276 898
276 932
276 871
276 744
276 459
276 840
276 1123
276 724
276 1171
276 315
276 382
276 703
277 514
277 291
277 1191
277 969
277 923
277 866
277 399
277 1162
277 1001
277 379
278 833
278 802
278 1284
278 1042
278 1079
278 507
278 959
279 496
279 898
279 513
279 617
279 781
279 789
279 985
279 1084
280 1153
280 1122
280 484
280 488
280 1073
280 296
280 586
280 895
280 906
280 287
281 320
281 740
281 840
281 1194
281 587
281 720
281 598
281 697
281 1147
281 894
282 929
282 740
282 295
282 744
282 1100
282 720
282 884
282 954
283 513
283 1158
283 813
283 848
283 1081
283 443
283 637
283 1151
283 1055
284 1029
284 358
284 904
284 778
284 914
284 1256
284 882
284 822
284 887
284 1268
284 382
285 1060
285 1287
285 616
285 1194
285 973
285 568
285 923
285 924
285 506
285 1086
286 1166
286 657
286 702
286 534
286 380
286 540
287 354
287 1090
287 1231
287 884
287 533
287 342
287 1177
287 415
288 322
288 324
288 741
288 743
288 1117
288 431
288 755
288 823
288 632
288 954
288 734
289 994
289 867
289 420
289 746
289 751
289 784
289 691
289 1206
289 755
289 409
289 573
290 896
290 609
290 674
290 389
290 806
290 648
290 937
290 1015
290 685
290 1101
290 751
290 949
290 471
290 1048
290 1193
290 992
290 1086
291 576
291 325
291 516
291 904
291 302
291 1232
291 375
291 932
291 709
292 736
292 583
292 333
292 879
292 730
292 860
292 606
293 448
293 815
293 880
293 487
293 1231
293 495
293 528
293 984
293 985
293 379
294 943
294 432
294 401
294 1042
294 759
294 473
294 378
294 789
295 673
295 772
295 520
295 1291
295 750
295 976
295 404
295 917
295 1177
295 474
295 735
296 1281
296 1154
296 651
296 909
296 1039
296 660
296 535
296 792
296 680
296 814
296 573
296 594
296 1254
296 632
296 505
297 737
297 775
297 1066
297 1102
297 719
297 338
297 693
297 1175
297 484
297 378
297 702
297 1055
298 1024
298 389
298 358
298 455
298 1161
298 586
298 365
298 1171
298 874
299 544
299 580
299 332
299 405
299 726
299 885
300 546
300 717
300 750
300 753
300 1270
300 1179
301 768
301 385
301 733
301 519
301 652
301 605
301 976
301 371
301 852
301 536
301 1116
301 509
301 862
302 838
302 808
302 829
302 952
302 341
302 891
302 699
302 413
303 514
303 998
303 519
303 941
303 1132
303 418
303 755
303 1197
303 760
303 802
304 776
304 1035
304 401
304 375
304 376
304 655
305 640
305 1185
305 738
305 645
305 646
305 647
305 523
305 1264
305 1104
305 838
305 598
305 1082
305 603
305 1190
305 607
306 352
306 321
306 899
306 1137
306 456
306 395
306 1071
306 913
306 470
306 695
306 1054
307 641
307 1222
307 977
307 1298
307 886
308 514
308 1004
308 1229
308 1117
308 784
308 725
308 1277
308 884
308 702
308 826
308 475
308 1050
309 567
309 816
309 1266
309 759
309 1177
309 1021
310 417
310 1179
310 1206
310 906
310 1243
310 753
310 1251
310 1204
310 950
310 1241
310 1177
310 1217
310 827
310 572
311 865
311 1002
311 1005
311 685
311 495
311 633
311 1146
311 1275
311 735
312 952
312 1269
312 678
312 746
312 499
312 366
312 792
312 595
312 604
312 319
313 512
313 464
313 578
313 1091
313 1060
313 677
313 1024
313 1116
313 842
313 907
313 336
314 1158
314 458
314 757
314 758
314 1016
314 1055
315 683
315 587
315 624
315 341
315 475
315 700
315 765
315 885
316 1217
316 354
316 708
316 422
316 668
316 919
316 1165
316 816
316 337
316 479
316 412
316 894
317 513
317 324
317 809
317 523
317 690
317 791
317 676
317 1020
318 1147
318 450
318 707
318 590
318 1011
318 1109
318 728
318 794
318 895
319 417
319 1058
319 421
319 838
319 609
319 362
319 747
319 556
319 632
319 873
319 1107
319 1217
319 1238
319 631
319 921
319 1034
320 978
320 706
320 1123
320 484
320 764
320 572
320 458
320 786
320 1052
320 401
320 468
320 534
320 1161
320 824
320 347
320 1150
321 356
321 1222
321 1194
321 1138
321 911
321 1204
322 416
322 388
322 551
322 1260
322 1294
322 948
322 535
322 800
323 549
323 1265
323 555
323 1297
323 869
323 376
323 985
323 639
324 676
324 549
324 528
324 989
324 1193
324 1148
324 511
325 656
325 661
325 1180
325 1191
325 1200
325 434
325 578
325 454
325 456
325 857
325 605
325 1260
325 623
325 1136
325 1009
325 376
325 917
326 577
326 1249
326 1194
326 590
326 786
326 1205
326 888
326 1012
326 1179
327 679
327 424
327 1234
327 1191
327 460
327 653
327 573
327 1072
327 814
327 1047
328 932
328 425
328 1139
328 563
328 821
328 1078
328 856
328 569
328 410
328 891
329 708
329 389
329 849
329 587
329 1200
329 817
329 670
329 1110
329 1124
329 506
329 895
329 348
329 382
329 805
330 608
330 536
330 1143
330 451
330 501
330 599
330 344
330 697
330 762
330 1148
331 865
331 554
331 993
331 680
331 524
331 333
331 786
331 883
331 381
332 771
332 1061
332 1224
332 1100
332 334
332 528
332 913
332 371
332 526
332 407
332 1237
333 1184
333 977
333 456
333 681
333 850
333 818
333 470
333 1239
333 347
333 764
334 1233
334 746
334 879
334 1201
334 980
334 854
335 704
335 422
335 678
335 977
335 1143
335 1292
335 742
335 1027
335 375
335 762
335 699
335 1093
336 1027
336 1159
336 972
336 847
336 657
336 467
336 373
336 825
336 408
336 730
336 734
336 853
337 1186
337 1255
337 1035
337 780
337 1103
337 561
337 885
337 1225
337 824
337 604
337 893
338 909
338 1067
338 749
338 1113
338 376
338 569
338 986
338 751
339 784
339 867
339 923
340 385
340 708
340 838
340 455
340 842
340 647
340 398
340 591
340 853
340 407
340 1087
340 637
340 917
341 1056
341 802
341 616
341 1071
341 557
341 749
341 1096
341 691
341 835
341 930
342 1184
342 741
342 721
342 874
342 1279
342 509
342 1171
342 725
342 983
342 1146
342 445
343 708
343 1154
343 552
343 810
343 367
343 912
343 1083
343 863
344 384
344 481
344 843
344 516
344 1097
344 674
344 880
344 1172
345 355
345 774
345 617
345 1067
345 397
345 496
345 465
345 534
345 1049
345 724
345 442
345 863
345 1193
345 1012
346 896
346 939
346 452
346 1158
346 614
346 584
346 906
346 523
346 1295
346 464
346 1202
346 1044
346 1166
347 1219
347 1222
347 681
347 524
347 563
347 510
348 1099
348 935
348 969
348 759
348 681
348 688
348 722
348 535
348 1208
348 667
348 927
349 1244
349 1066
349 621
349 494
349 1069
349 883
349 636
349 1162
349 995
350 480
350 523
350 1107
350 933
350 1068
350 1245
350 720
350 483
350 1270
350 1257
350 992
350 1212
350 1018
351 651
351 792
351 1278
351 715
352 470
352 966
352 1258
352 871
352 1166
352 560
352 945
352 502
352 1176
352 571
353 848
353 807
353 584
353 522
353 1071
353 656
353 1078
354 1173
354 423
354 489
354 945
354 1094
354 913
354 466
354 789
354 955
354 445
354 798
355 801
355 662
355 855
355 1179
355 741
356 416
356 683
356 1156
356 1193
356 1258
356 1101
356 562
356 467
356 468
356 953
356 1213
357 484
357 647
357 363
357 653
357 1106
357 690
357 534
357 1272
357 1243
358 1167
358 1268
358 469
358 953
358 729
358 958
358 1013
359 1256
359 1140
359 435
359 628
359 1264
360 1004
360 1110
360 524
360 653
360 975
360 662
361 739
361 455
361 425
361 967
361 781
361 848
361 1127
362 513
362 805
362 870
362 616
362 779
362 733
362 432
362 1042
362 1237
362 1112
363 673
363 932
363 838
363 1254
363 1225
363 855
363 717
363 1039
363 1072
363 1235
363 535
363 602
363 445
363 914
363 421
364 545
364 674
364 571
364 517
364 989
364 686
364 783
364 401
364 803
364 1230
364 375
364 922
365 992
365 770
365 678
365 690
365 1110
365 439
366 1217
366 1031
366 1226
366 1195
366 723
366 734
367 550
367 1069
367 815
367 1075
367 469
367 889
368 961
368 962
368 1094
368 1287
368 942
368 817
368 1203
368 1134
368 601
368 825
369 706
369 1227
369 1029
369 712
369 1031
369 1228
369 1154
369 753
369 754
369 725
369 1271
369 986
369 1181
369 799
370 771
370 1114
370 1159
370 892
370 845
370 1197
370 497
370 692
370 885
370 953
370 378
370 700
370 382
371 833
371 675
371 612
371 1265
371 1167
371 657
371 1027
371 660
371 695
371 1176
371 1092
371 796
372 897
372 610
372 1221
372 552
372 1228
372 880
372 625
372 1266
372 916
372 378
372 574
373 488
373 939
373 748
373 904
373 936
373 440
373 475
373 1278
374 676
374 936
374 679
374 559
374 498
374 1276
375 1008
375 906
375 715
375 685
375 849
375 917
375 1204
375 798
376 1157
376 1025
376 578
376 1298
376 1154
376 846
376 791
376 1243
376 407
376 575
377 545
377 581
377 1200
377 1016
377 469
377 663
377 600
377 665
377 1018
377 957
377 1221
378 578
378 903
378 1160
378 682
378 1068
378 749
378 877
378 809
378 975
379 873
379 757
379 502
379 905
379 380
380 393
380 491
380 908
380 825
380 793
381 1089
381 802
381 996
381 778
381 1100
381 784
381 852
381 473
382 450
382 1028
382 594
382 460
382 725
382 1022
382 1093
383 640
383 766
384 704
384 865
384 659
384 468
384 766
384 566
384 505
384 987
384 670
385 736
385 931
385 1153
385 935
385 492
385 1213
385 434
385 502
385 948
385 701
385 914
386 642
386 1253
386 518
386 877
386 398
386 784
386 1243
386 798
386 1215
387 932
387 584
387 586
387 1196
387 757
387 1053
387 703
388 513
388 1094
388 842
388 466
388 1264
388 1143
388 952
388 959
389 1024
389 1056
389 732
389 774
389 908
389 746
389 1116
389 937
389 1076
389 793
389 984
389 772
389 636
389 478
390 1221
390 1166
390 526
390 569
390 1205
391 1282
391 551
391 520
391 521
391 692
391 853
391 662
391 969
391 797
391 479
392 933
392 646
392 1032
392 745
392 1066
392 1006
392 1135
392 817
392 947
392 439
392 1124
392 1167
392 990
393 768
393 1250
393 1089
393 1161
393 458
393 971
393 620
393 1280
393 719
393 979
393 1110
393 571
393 893
394 1258
394 587
394 429
394 1038
394 1295
394 840
394 633
395 929
395 1127
395 1128
395 652
395 1134
395 851
395 1071
395 541
396 1024
396 451
396 772
396 659
396 487
396 425
396 497
396 1079
396 1244
396 573
397 608
397 705
397 867
397 993
397 522
397 779
397 781
397 1101
397 1192
397 562
397 788
397 1184
398 488
398 969
398 1026
398 1295
398 1118
398 1097
398 695
398 1108
398 1114
398 1245
398 990
399 449
399 1059
399 1158
399 1097
399 458
399 524
399 782
399 1100
399 725
399 915
399 1238
399 1193
399 1141
399 924
399 629
400 768
400 1205
400 418
400 517
400 945
400 1064
400 812
400 1199
400 450
400 754
400 917
400 1250
400 805
401 608
401 674
401 1068
401 1119
401 1207
401 817
401 1267
401 1183
401 698
401 635
401 604
401 830
401 1109
402 1152
402 834
402 937
402 973
402 689
402 1269
402 764
402 1290
402 543
403 609
403 647
403 1294
403 723
403 916
403 984
403 801
403 509
404 448
404 1190
404 1255
404 434
404 1041
404 471
404 888
404 891
404 554
405 513
405 1227
405 420
405 1258
405 559
405 797
405 1080
405 475
405 853
406 848
406 1192
406 905
406 1143
406 1149
406 1103
406 432
406 1114
406 727
406 1081
406 826
406 539
406 1082
407 1152
407 514
407 804
407 1057
407 465
407 585
407 598
408 451
408 678
408 550
408 1224
408 972
408 556
408 1180
408 889
408 923
408 860
408 538
408 1023
409 996
409 753
409 1063
409 622
409 589
409 561
409 531
409 473
409 783
409 444
410 835
410 900
410 1105
410 687
410 978
410 595
410 628
410 787
410 1160
410 1147
411 1185
411 1282
411 931
411 519
411 775
411 696
411 1123
411 536
411 1063
411 668
411 573
411 830
411 1247
412 1282
412 1211
412 517
412 1044
412 1174
412 695
412 927
413 737
413 899
413 778
413 748
413 970
413 978
413 541
413 991
414 739
414 1273
414 782
414 537
414 473
414 1051
414 1020
414 445
414 991
415 1003
415 1171
415 582
415 681
415 810
415 459
415 1296
415 944
415 1131
415 1012
415 1182
416 853
416 666
416 1245
417 1281
417 1124
417 903
417 455
417 1066
417 839
417 622
417 719
417 1234
417 596
417 1294
418 1066
418 1293
418 891
418 703
419 705
419 1034
419 888
419 1108
419 661
419 760
419 667
419 865
420 1227
420 513
420 567
420 1182
421 523
421 1094
421 774
421 1281
421 1084
421 1271
421 435
421 1227
421 803
421 668
421 573
422 1249
422 646
422 1201
422 749
422 560
422 1073
422 1235
422 1173
422 1278
422 1145
422 730
422 1071
422 830
423 960
423 929
423 1285
423 553
423 843
423 685
423 561
423 500
423 982
423 1271
423 1117
423 1087
424 1174
424 712
424 750
424 1109
424 438
424 509
425 737
425 834
425 566
425 426
425 783
425 1108
425 489
425 475
425 1118
426 512
426 1184
426 1026
426 1123
426 1285
426 973
426 1294
426 1104
426 658
426 905
426 1241
426 575
427 832
427 1123
427 966
427 665
427 555
427 944
427 979
427 1270
427 793
427 537
428 842
428 875
428 467
428 1197
428 435
428 660
428 437
428 631
428 1076
429 1121
429 835
429 876
429 1133
429 622
429 856
429 1107
429 499
429 470
429 824
429 733
430 1287
430 1153
430 548
430 716
430 1001
430 631
431 1152
431 1186
431 518
431 1185
431 557
431 781
431 789
431 535
431 1180
432 518
432 578
432 647
432 648
432 1191
432 882
432 467
432 1238
432 1098
433 549
433 750
433 464
433 498
433 1241
433 1031
433 752
433 816
434 900
434 1158
434 1224
434 1161
434 626
434 787
434 884
434 1061
435 993
435 1291
435 870
435 1226
435 487
435 719
435 499
435 565
436 514
436 709
436 967
436 1191
436 1200
436 886
436 440
436 890
436 1083
437 867
437 934
437 1160
437 1001
437 1130
437 987
437 657
437 660
437 665
437 473
437 475
438 738
438 484
438 933
438 1271
438 1266
438 882
438 757
439 1057
439 770
439 873
439 1131
439 630
439 951
439 795
439 797
440 961
440 707
440 1169
440 488
440 650
440 1034
440 1296
440 776
440 1010
440 794
440 964
440 570
440 668
441 1092
441 746
441 875
441 686
441 943
441 1042
441 822
441 1175
441 798
442 800
442 452
442 1061
442 577
442 520
442 1170
442 558
442 889
442 505
442 760
442 1271
442 479
443 897
443 1058
443 1158
443 957
443 624
443 1239
444 1120
444 1125
444 1287
444 846
444 754
444 1173
444 470
445 1195
445 516
445 1270
445 652
445 1043
445 713
445 667
445 1148
445 895
446 1185
446 932
446 536
446 1225
446 564
446 860
447 1184
447 1057
447 996
447 1169
447 828
447 541
448 1025
448 616
448 713
448 1298
448 688
448 1141
448 787
448 789
448 601
448 564
448 572
448 733
448 517
449 640
449 1219
449 1062
449 910
449 489
449 654
449 979
449 470
449 1033
449 476
450 642
450 643
450 1191
450 1021
450 1105
450 1227
450 952
450 761
451 521
451 1271
451 1229
451 1231
451 1097
451 730
451 938
451 607
452 821
452 630
452 637
453 641
453 900
453 683
453 1076
453 950
454 801
454 1251
454 683
454 1229
454 915
454 628
454 661
454 795
455 923
455 753
455 1228
455 717
455 1167
455 657
455 723
455 725
455 1176
455 724
455 474
455 1066
456 1024
456 513
456 913
456 1207
456 1167
456 1102
456 1069
456 789
456 470
456 503
456 538
456 1051
456 604
456 1130
457 869
457 1232
457 465
457 978
457 826
458 930
458 774
458 550
458 775
458 509
458 971
458 721
458 947
458 917
459 492
459 701
460 1124
460 1174
460 1190
460 811
460 492
460 1166
460 1167
460 1266
460 532
460 790
460 1255
460 799
461 1136
461 938
461 495
461 848
461 859
461 1085
462 1186
462 900
462 972
462 780
462 786
462 1055
463 614
463 520
463 1129
463 1096
463 562
463 660
464 929
464 649
464 907
464 1199
465 576
465 618
465 941
465 1261
465 1139
465 1091
465 827
465 478
466 1281
466 551
466 777
466 1259
466 1103
466 1278
466 597
466 988
466 798
466 1109
467 739
467 776
467 716
467 1070
467 1103
467 1171
467 477
468 487
468 1160
468 940
468 1098
468 1035
468 556
468 626
468 566
468 793
468 740
468 893
469 1249
469 514
469 1158
469 1193
469 877
469 946
469 1016
469 1020
469 1183
470 706
470 1140
470 775
470 540
470 1225
470 601
470 894
471 580
471 485
471 535
471 1196
471 685
471 1167
471 804
471 571
471 1053
472 644
472 741
472 1037
472 654
472 1294
472 1082
472 1085
472 638
473 1220
473 742
473 722
473 474
474 963
474 838
474 1160
474 941
474 984
474 1115
474 1091
474 955
474 573
474 1061
475 814
475 1094
475 719
475 1298
475 1049
475 1116
476 1104
476 1066
476 855
476 782
476 688
476 617
476 605
477 909
477 849
477 951
478 612
478 680
478 886
478 909
478 790
478 660
478 725
478 1050
479 866
479 710
479 1062
479 723
479 1077
479 1206
479 919
479 927
479 511
480 929
480 1092
480 872
480 585
480 491
480 1200
480 1171
480 533
480 984
481 544
481 928
481 547
481 614
481 844
481 493
481 829
481 1264
481 917
481 851
481 1182
482 899
482 1189
482 1126
482 711
482 686
482 598
483 868
483 1073
483 882
483 981
483 793
483 1243
483 764
484 1057
484 1040
484 1198
484 1179
484 797
484 645
484 673
484 686
484 838
484 711
484 1234
484 1124
484 499
485 674
485 1063
485 1033
485 1134
485 695
485 858
485 988
485 954
486 930
486 963
486 1190
486 555
486 971
486 1163
486 1259
486 1098
486 1246
487 736
487 656
487 675
487 1227
487 624
487 691
487 1215
488 955
488 1137
488 554
488 560
488 1042
488 724
488 826
488 923
488 572
488 991
489 772
489 614
489 1015
489 1197
489 846
489 593
489 862
489 606
489 1206
489 631
489 1177
490 997
490 781
490 594
490 634
490 988
490 1253
491 1254
491 520
491 555
491 849
491 722
491 718
491 1181
491 959
492 807
492 751
492 1202
492 1238
492 667
492 1052
492 1191
492 833
493 516
493 1218
493 519
493 802
493 845
493 785
493 1236
493 1294
493 807
494 873
494 1202
494 1238
494 858
495 577
495 874
495 524
495 945
495 1183
495 805
495 953
495 699
495 1054
496 1216
496 1282
496 1123
496 1070
496 657
496 571
496 926
496 1077
497 613
497 1194
497 1271
497 688
497 1267
497 1047
497 824
497 1177
497 1226
497 956
497 799
498 673
498 1163
498 548
498 967
498 874
498 619
498 1005
498 1188
498 1162
498 530
498 740
498 509
499 944
499 738
499 867
499 715
499 1101
499 688
499 882
499 976
499 1015
499 964
500 643
500 781
500 1021
500 720
500 786
500 693
500 925
500 798
501 868
501 782
501 1264
501 1174
501 567
501 1242
501 1051
501 522
501 1214
502 1029
502 902
502 801
502 626
502 661
503 524
503 560
503 1160
503 726
503 856
503 1117
504 1102
504 1203
504 948
504 606
504 1047
504 862
504 565
505 931
505 548
505 1264
505 1059
505 639
506 1154
506 931
506 998
506 870
506 705
506 553
506 974
506 873
506 1197
506 1206
507 975
507 618
507 559
507 1208
507 724
507 763
508 736
508 1168
508 726
508 1254
508 1202
508 589
508 728
508 1014
508 1082
508 893
508 1054
509 845
509 531
509 1172
509 888
509 604
509 669
510 1251
510 520
510 658
510 661
510 1151
511 1156
511 1123
511 647
511 711
511 845
511 590
511 676
511 750
511 537
511 698
512 870
512 1033
512 1259
512 556
512 974
512 1136
512 950
512 1117
512 926
512 543
513 674
513 1094
513 521
513 1068
513 1090
514 1248
514 868
514 1222
514 934
514 972
514 1182
514 1018
514 746
514 958
515 1088
515 748
515 1101
515 521
515 1067
515 620
515 749
515 1076
516 964
516 519
516 605
516 1009
516 1171
516 788
516 633
516 607
517 736
517 582
517 968
517 969
517 618
517 843
517 1202
517 943
517 561
517 626
517 761
517 1151
518 523
518 716
518 525
518 785
518 946
518 660
518 694
518 1211
518 572
518 606
519 1092
519 1124
519 903
519 1101
519 944
519 1283
519 789
519 1207
519 569
519 892
519 542
520 1292
520 1228
520 1265
520 564
520 1180
520 733
521 772
521 874
521 748
521 911
521 1040
521 785
521 1181
521 629
521 824
521 538
521 1178
521 995
522 615
522 999
522 659
522 1044
522 888
522 1095
523 720
523 898
523 1253
523 1095
523 1193
523 591
523 528
523 1114
523 997
524 997
524 774
524 925
524 1278
524 1172
524 792
524 1063
524 602
524 730
524 719
524 895
525 772
525 965
525 1290
525 1198
525 605
525 1139
525 727
525 1016
525 1093
525 1180
525 701
525 958
525 991
526 1254
526 972
526 1294
526 690
526 883
526 702
527 966
527 1298
527 565
527 982
527 830
527 703
528 835
528 750
528 1201
528 1239
528 1179
528 989
528 990
529 544
529 682
529 1135
529 625
529 1139
529 884
529 539
529 1020
529 541
530 544
530 1090
530 583
530 968
530 1259
530 595
530 534
530 923
530 956
531 711
531 1001
531 651
531 781
531 973
531 1014
531 1115
531 1253
532 704
532 647
532 1100
533 673
533 928
533 1063
533 1152
533 1280
533 947
533 951
533 856
533 1182
534 1294
534 930
534 1065
534 814
534 1081
534 1082
534 723
534 1120
534 1003
534 1133
534 851
534 1279
534 766
535 704
535 577
535 960
535 933
535 993
535 617
535 1156
535 809
535 1260
535 762
535 735
536 555
536 894
536 680
536 1005
536 878
537 1267
537 680
537 1292
537 592
537 1000
537 723
537 734
537 1142
537 1140
538 996
538 1131
538 725
538 886
538 605
539 609
539 1253
539 929
539 1161
539 1067
539 1133
539 1010
539 926
539 633
539 746
539 542
540 1236
540 902
540 744
540 990
540 1264
540 1265
540 818
540 788
540 824
540 542
541 681
541 1196
541 659
541 1079
541 787
541 762
541 894
542 994
542 1159
542 1105
542 905
542 859
542 1250
542 939
542 910
542 973
542 920
542 754
542 1067
543 1027
543 585
543 908
543 1101
543 1174
543 600
543 714
544 1157
544 616
544 1066
544 984
545 648
545 554
545 564
545 1181
545 1176
545 1015
545 792
545 573
545 862
546 736
546 1225
546 811
546 1203
546 1205
546 822
546 1049
547 706
547 549
547 870
547 1262
547 819
547 1124
547 1151
548 867
548 554
548 1131
548 941
548 936
548 596
548 718
548 1262
548 1256
548 766
548 1013
549 935
549 872
549 1099
549 978
549 942
549 1271
549 1188
549 883
549 604
550 1090
550 1123
550 839
550 1047
550 813
550 759
550 1115
550 1053
551 913
551 778
551 588
551 776
551 1049
551 921
552 1153
552 964
552 1030
552 682
552 877
552 830
553 774
553 906
553 1104
553 603
553 796
554 930
554 1008
555 903
555 904
555 780
555 749
555 1297
555 926
555 1057
555 816
555 574
555 1216
555 836
555 735
555 1256
555 745
555 621
555 750
555 1264
556 1202
556 910
556 1297
556 562
556 607
557 1249
557 741
557 812
557 974
557 1009
557 754
557 660
557 1208
557 692
558 807
558 938
558 562
558 696
558 1273
558 1052
558 1226
558 574
559 656
559 931
559 740
559 1180
559 586
559 691
559 954
559 996
560 1190
560 754
560 936
560 830
561 1186
561 580
561 969
561 650
561 765
561 856
561 664
562 1232
562 642
562 749
562 1157
562 912
562 629
562 823
563 900
563 1070
563 1075
563 570
563 798
563 639
564 798
564 869
564 999
564 1185
564 1076
564 670
564 758
565 924
565 764
565 866
565 1041
565 1042
565 693
565 1047
565 923
565 1149
566 694
566 849
566 611
566 629
566 607
566 636
566 979
567 1217
567 773
567 1224
567 757
567 1014
567 762
568 1248
568 612
568 711
568 1192
568 938
568 1164
568 1145
568 792
568 671
569 641
569 682
569 910
569 1229
569 920
569 726
569 700
569 1053
570 994
570 648
570 1026
570 1069
570 754
570 1076
570 675
570 729
570 987
570 732
571 1185
571 739
571 842
571 1265
571 788
572 815
572 699
572 668
573 813
573 1297
573 739
574 1074
574 598
575 742
575 745
575 971
575 684
575 766
576 1221
576 1251
576 745
576 650
576 676
576 789
576 830
577 1028
577 711
577 840
577 1067
577 1297
577 760
577 1156
578 1092
578 1190
578 715
578 1210
578 1054
579 1185
579 1002
579 684
579 1069
579 974
579 656
579 824
579 1170
579 979
579 759
579 1212
579 1130
579 1278
580 1216
580 674
580 740
580 1233
580 988
580 682
580 587
580 908
580 770
580 909
580 1067
580 725
580 1135
580 700
581 597
582 967
582 1272
582 1043
582 1080
582 1241
582 1246
583 868
583 828
583 637
583 914
583 895
584 1298
584 835
585 934
585 1194
585 1228
585 1029
585 1011
586 1222
586 776
586 770
586 632
586 1016
586 790
586 1197
586 602
586 797
586 734
587 1057
587 967
587 1256
587 940
587 942
587 820
587 1194
587 824
587 1225
587 735
588 1124
588 726
588 1186
588 910
588 599
588 857
588 1055
589 1152
589 1280
589 733
589 1125
589 1039
589 1296
589 1171
589 1017
590 1126
590 625
590 812
590 913
590 1011
591 1161
591 1040
591 950
592 881
592 872
592 971
592 1236
592 629
592 1114
592 763
592 637
593 736
593 1218
593 1189
593 714
593 653
593 629
593 1033
593 985
594 972
594 1294
594 1135
594 1104
594 606
595 827
596 673
596 906
596 748
596 729
596 1130
596 958
597 928
597 1092
597 1163
597 1132
597 1053
597 945
597 665
597 797
598 1248
598 1009
598 973
598 1018
598 881
599 609
599 1010
599 1043
599 661
599 1145
599 956
600 1124
600 1030
600 1289
600 1037
600 717
600 847
600 1197
600 725
600 760
600 826
600 1213
601 800
601 613
601 745
601 664
601 1068
601 692
601 949
601 632
601 761
601 1274
601 1279
601 1142
601 933
601 805
602 992
602 1028
602 936
602 811
602 651
602 685
602 1192
602 886
602 984
602 1194
603 714
603 1003
603 852
603 654
603 890
603 796
603 1023
604 1062
604 874
604 914
604 958
605 1120
605 833
605 1196
605 1034
605 1026
605 627
605 1112
605 996
605 959
605 957
605 741
606 942
606 1201
606 1276
606 1018
606 1119
607 610
607 731
607 815
607 656
607 725
607 699
607 1020
607 669
607 1118
608 704
608 934
608 1068
608 940
608 1077
608 1148
609 1199
609 943
609 1295
609 853
609 662
610 1168
610 905
610 942
610 946
610 887
610 1016
610 701
610 830
611 898
611 1093
611 658
611 624
611 803
611 692
611 757
612 839
612 809
612 1258
612 1133
612 658
612 854
612 955
613 832
613 802
613 820
613 761
613 1275
613 767
614 1131
614 940
614 1201
614 1139
614 952
615 962
615 644
615 1093
615 1096
615 724
615 853
615 1207
615 1080
615 732
616 842
616 948
616 1017
616 921
616 704
617 1250
617 974
617 719
617 627
617 1014
617 805
618 929
618 1105
618 967
618 970
618 1183
618 918
618 671
619 1099
619 975
619 1141
619 1047
620 1152
620 1128
620 1290
620 1165
620 787
620 643
620 1110
620 1140
620 859
621 868
621 945
621 853
621 955
622 741
623 672
623 832
623 1254
623 807
623 939
623 1133
623 654
623 1170
623 1076
623 1118
624 843
625 1186
625 1251
625 805
625 781
625 942
625 1253
625 984
625 1082
625 997
626 1100
626 1199
626 853
626 1115
626 725
627 1248
627 867
627 709
627 678
627 842
627 781
627 1070
627 855
628 679
628 779
628 1202
628 1045
628 1176
629 699
629 714
629 899
629 916
629 760
630 1031
630 1066
630 652
630 816
630 947
630 852
631 1121
631 806
631 785
631 685
631 657
631 1260
631 849
632 705
632 1058
632 1169
632 1010
632 1270
633 801
633 1061
633 1191
633 854
633 1148
633 799
634 706
634 739
634 641
634 1064
634 752
634 1207
634 999
634 673
634 922
634 682
634 1150
634 1079
635 1251
635 1133
635 877
635 759
636 810
636 1228
636 1122
636 1053
636 698
636 1054
637 656
637 944
637 1298
637 650
637 846
637 987
637 889
638 1099
638 707
638 868
638 1268
638 1064
638 1161
638 875
638 685
638 914
638 964
638 1115
638 924
639 1017
639 1217
639 1236
639 806
639 679
639 1001
639 871
639 1102
639 977
639 948
639 857
639 1225
640 673
640 909
640 1247
640 1295
640 1075
640 663
640 719
641 870
641 748
641 712
641 709
642 736
642 769
642 656
642 1297
642 1111
642 1084
643 1059
644 1030
644 1258
644 967
644 1276
645 1280
645 942
645 856
645 700
645 925
645 1246
646 1162
646 661
646 862
647 866
647 1267
647 1172
647 959
648 1284
648 649
648 1207
648 1065
648 1019
648 702
649 902
649 775
649 1033
649 714
649 951
649 823
650 1060
650 776
650 1196
650 746
650 939
650 1164
650 765
650 1238
650 1064
650 827
650 862
651 1152
651 881
651 661
651 1015
652 932
652 1098
652 846
652 967
652 880
652 1247
653 937
653 1229
653 665
654 672
654 673
654 1175
654 689
654 951
654 1245
655 1285
655 1191
655 909
655 723
655 855
655 861
655 926
656 1295
656 784
656 795
656 1051
656 804
656 1080
656 967
656 1236
656 725
656 867
656 1001
656 1133
656 1268
656 762
656 894
657 1145
657 705
657 857
657 878
657 825
657 794
658 896
658 740
658 1029
658 1065
658 1230
658 1174
659 1153
659 1141
659 810
659 857
659 766
659 1119
660 1187
660 934
660 944
660 724
660 829
660 831
661 1129
661 720
661 689
661 1042
661 1246
661 1239
661 1145
661 860
662 804
662 1131
662 782
662 1017
662 795
662 895
663 1286
663 839
663 1111
663 1164
663 732
664 1221
664 975
664 914
664 1146
664 796
665 1282
665 1065
665 1230
665 1069
665 692
665 1047
665 1179
665 829
666 775
666 784
666 1052
666 768
667 801
667 770
667 916
668 1104
668 867
668 676
668 869
668 964
669 841
669 973
669 695
669 889
670 1168
670 677
670 998
670 1184
670 1046
670 1129
670 1243
671 896
671 680
671 809
671 1139
671 793
671 1117
672 1248
672 1029
672 945
672 1291
672 913
672 892
672 1245
673 961
673 810
673 687
673 1124
673 886
673 1231
674 1120
674 1243
674 1293
674 1014
674 1078
675 1216
675 1138
675 1269
675 857
675 1245
675 734
676 822
676 882
676 1080
676 985
676 1046
677 738
677 836
677 998
677 1064
677 1197
677 1110
678 1031
678 1098
678 684
678 984
678 1269
678 815
678 1246
678 831
679 1219
679 790
679 1190
679 1039
679 756
680 1088
680 769
680 1028
680 1157
680 1224
680 707
680 893
681 1060
681 967
681 1097
681 1145
682 1137
682 778
682 904
682 1049
682 922
682 1047
682 1150
683 731
683 1035
683 1038
683 1105
683 1123
683 831
683 773
684 992
684 1191
684 751
684 888
684 1266
684 718
685 1161
685 906
685 1236
685 1083
685 1023
686 800
686 1291
686 722
686 724
686 1078
687 898
687 944
687 1160
687 1096
687 745
687 810
687 1276
687 1196
687 1128
687 1082
687 789
687 1150
688 707
688 1159
688 810
688 1102
688 1139
688 760
688 729
688 798
688 767
689 864
689 953
689 1246
689 767
690 1227
690 807
690 1129
690 999
690 1073
690 959
691 868
691 718
691 1084
692 1091
692 1036
692 887
692 1004
692 1111
692 1112
692 730
692 1149
692 735
693 1058
693 1255
693 907
693 1257
693 733
694 1189
694 813
694 1102
694 1240
694 1011
694 758
694 1048
694 1017
694 957
694 709
695 775
695 844
695 954
695 724
695 1166
695 854
696 1279
696 846
696 1290
696 845
696 991
697 1124
697 1000
697 848
697 1107
697 1241
697 1018
697 1083
697 1022
697 799
698 1075
698 1290
698 967
698 968
698 796
698 1167
698 1168
698 1145
698 1241
698 1083
698 1117
699 1156
699 1125
699 808
699 1006
699 1202
700 1222
700 802
700 1073
700 745
700 986
700 1029
701 999
701 1288
701 908
701 812
701 781
701 1076
701 853
701 1016
702 1261
702 1078
702 891
703 745
703 970
703 1199
703 1298
703 1251
703 893
703 1119
704 960
704 1035
704 817
704 888
704 1193
704 1256
705 1264
705 1033
705 1283
705 715
705 739
705 884
705 1015
705 1274
706 1078
706 874
706 820
706 1015
706 1236
706 1087
707 1057
707 770
707 804
707 1072
707 977
707 1267
707 919
708 1185
708 1204
708 778
708 1063
708 825
709 950
709 1089
709 967
709 1281
709 1266
709 1241
710 719
710 1207
710 1117
711 1298
711 1269
711 1111
712 900
712 1298
712 1045
712 982
712 1271
713 1184
713 1092
713 1105
713 1161
713 944
713 913
714 832
714 879
714 757
714 728
714 1053
715 1132
715 973
715 1255
715 725
715 1031
715 986
715 1242
716 1184
716 1219
716 846
716 790
717 1111
717 1060
717 1127
717 767
718 1259
718 1096
718 845
718 1229
718 784
718 981
719 1182
719 1258
719 1296
719 836
719 1052
719 766
720 1028
720 773
720 935
720 843
720 1214
720 1017
720 1148
720 789
721 1284
721 837
721 775
721 935
721 1228
721 1070
721 1295
721 754
721 1011
721 887
721 985
721 1297
722 1052
722 1165
722 814
722 1039
723 1088
723 1124
723 826
723 891
723 1246
724 1123
724 1004
724 1296
724 1260
724 884
724 1279
725 997
725 1260
725 788
726 865
726 1283
726 1128
726 1001
726 950
727 932
727 971
727 1037
727 883
728 836
728 1063
728 1244
728 877
728 974
728 1150
728 855
728 825
728 1257
729 1030
730 1071
730 1076
730 954
730 1093
730 991
731 838
731 1287
731 1224
731 878
731 880
731 978
731 827
732 1094
732 841
732 957
732 1158
732 805
733 891
733 1192
733 990
733 942
733 752
733 881
733 1144
733 1288
733 1116
733 1226
733 1247
734 1108
734 923
734 863
735 834
735 1160
735 1259
735 844
735 880
735 1219
735 1195
736 953
736 990
737 973
737 1275
738 783
738 1113
738 1244
739 778
739 1189
739 1100
739 973
739 810
739 1253
740 1293
740 1257
740 1023
741 1025
741 1032
741 1289
741 1186
741 804
741 806
741 1194
741 1196
741 975
741 1125
741 753
741 1269
742 1120
742 1057
742 750
742 1111
742 1114
743 1127
743 1104
743 765
744 1282
744 1286
744 776
744 1052
744 1271
744 1229
744 1038
744 1193
744 1181
745 1059
745 1125
745 975
745 1007
745 1068
745 1104
745 1173
746 1019
746 1161
746 781
746 1251
746 1204
746 821
746 869
747 913
747 1027
748 829
748 765
748 1041
748 1061
749 1107
749 877
749 1048
749 1081
749 923
750 1137
750 937
750 808
750 824
751 779
751 1197
751 1235
751 890
751 1279
752 1202
752 1063
752 1224
752 1034
752 1069
752 1197
752 1143
752 1017
753 943
753 1173
753 827
753 1157
754 911
754 1074
754 889
754 858
754 816
755 955
755 936
755 1260
755 1100
755 1165
755 827
755 796
756 898
756 1062
756 774
756 1293
756 975
756 819
757 940
757 1233
758 1040
758 1015
758 788
758 827
758 1020
758 766
759 1248
759 1188
759 842
759 940
759 975
759 1270
759 826
760 1088
760 1097
760 819
760 1268
760 1135
761 897
761 777
761 941
761 1135
761 1043
761 1199
762 965
762 806
762 1036
762 823
762 764
763 1060
763 1134
763 1176
764 896
764 1059
764 930
764 853
765 802
765 1190
765 1094
765 1225
765 1044
765 849
766 1299
766 849
766 900
767 964
767 1158
767 1230
767 826
767 1212
768 1282
768 939
768 818
768 982
768 953
768 1021
769 1290
769 907
769 844
769 1199
769 854
769 1031
769 770
769 1211
769 794
769 830
769 930
770 1047
770 972
770 973
770 1021
770 1086
771 864
771 1139
771 890
771 1279
772 834
772 931
772 877
772 1036
772 1237
772 861
773 1137
773 1041
773 817
773 1170
773 1139
774 1137
774 1271
774 1004
774 805
774 869
775 1088
775 923
775 814
775 1075
775 1148
775 1166
775 1240
776 783
776 799
776 929
776 1237
776 861
776 869
776 1127
776 880
777 867
777 1255
777 1084
777 1112
777 828
778 1130
779 1060
779 969
779 1163
779 844
779 782
779 1092
779 1290
779 1054
779 927
780 802
780 1063
780 962
780 846
781 966
781 840
782 877
782 945
782 1076
782 1175
783 976
783 1253
783 1277
783 1287
783 1202
783 1007
783 787
783 884
783 1238
783 890
783 1117
783 1023
784 1124
784 1036
784 845
784 983
784 1020
785 1100
785 821
786 896
786 1160
786 915
786 1045
786 988
787 1185
787 906
787 986
787 1082
788 928
788 859
788 1057
788 1286
788 993
788 1088
788 892
788 1153
788 891
788 1148
788 825
788 1288
788 895
789 1095
789 890
790 807
790 1043
790 980
791 904
791 1298
791 978
791 1192
791 956
792 931
792 1010
792 884
793 1152
793 1095
793 1297
793 850
794 1122
794 1285
794 1073
794 1000
794 976
794 1202
795 951
795 1213
795 1233
795 1010
795 953
795 1211
796 1195
796 805
796 842
796 1135
796 876
796 1004
796 975
796 1016
796 998
796 830
797 1091
797 1292
797 1041
797 938
798 813
798 1160
798 1282
798 927
799 1154
799 1189
799 1162
799 1198
800 1014
800 1032
800 969
800 1159
800 1164
800 947
800 1262
801 1221
801 839
801 908
801 1244
801 1117
802 1244
802 1085
802 952
802 1253
803 898
803 967
803 1258
803 1007
803 1011
803 1016
804 1148
805 1265
805 1178
805 891
806 1153
806 887
806 1008
806 851
807 1286
807 1130
807 1271
807 1102
807 1015
807 1231
807 988
808 995
808 1028
808 1235
808 1064
808 883
809 848
809 993
809 1002
809 908
809 813
809 1011
809 886
810 960
810 1043
810 1075
810 1227
810 1228
810 1178
810 893
811 1121
811 1171
811 866
811 947
812 1099
812 869
812 968
812 1253
812 1244
812 1198
812 1047
812 824
812 1116
812 926
813 936
813 875
813 1096
813 1108
813 1258
813 1183
814 1075
814 821
814 1053
815 1058
815 899
815 1275
816 1123
816 996
816 1292
816 1255
816 1013
817 941
817 878
817 937
817 1178
817 1214
818 832
818 1109
818 956
818 959
819 939
819 1186
819 1279
820 865
820 846
820 1191
820 1262
820 1048
820 1021
821 864
821 1078
821 1260
821 1004
821 1011
821 872
821 1290
821 989
822 1188
822 1221
822 1126
822 1244
822 964
822 1196
822 911
822 1028
823 933
823 1073
823 883
824 1060
824 902
824 825
824 1020
825 1090
825 1029
825 1289
825 1067
825 851
825 1016
826 1059
826 1191
826 1037
826 1112
827 963
827 1149
827 974
827 1103
827 1186
827 861
828 1227
828 1256
828 896
828 951
829 1188
829 837
829 1265
829 1246
829 852
830 1258
830 1111
830 966
830 1146
831 1219
831 914
831 1011
832 999
832 1098
833 1155
833 1171
833 1030
833 1224
833 844
833 1213
833 1114
833 1054
834 970
834 1021
834 1247
834 893
835 1265
835 927
836 1152
836 993
836 899
837 1295
837 1247
838 1281
838 1069
838 1016
838 1245
839 1122
839 936
839 1069
839 946
839 922
839 891
840 1094
840 845
840 1249
841 971
841 1260
841 1115
842 1218
842 1235
842 865
842 1129
842 1236
843 938
844 971
844 946
845 1039
846 1227
846 1189
846 983
846 874
846 1011
846 1110
846 951
846 980
847 1153
847 1281
847 1013
847 1177
847 858
848 878
848 1297
848 1266
849 1296
849 946
849 1108
849 1243
850 1129
850 1134
850 949
851 1156
851 1106
851 1105
851 1013
851 856
852 1154
852 916
852 982
852 901
853 1003
853 1126
854 876
854 879
854 1140
854 886
855 1187
855 1267
856 1094
856 1009
856 1137
857 1075
857 1235
857 1115
858 1098
858 1019
858 1117
859 870
859 1073
859 1204
860 990
860 1225
860 947
860 1124
861 960
861 1078
861 944
861 1042
861 911
861 918
861 949
862 1157
862 962
862 1297
862 1044
863 922
864 1113
864 1242
865 1102
865 943
865 1145
866 1232
866 1136
866 1240
866 949
866 1277
867 1075
867 983
867 1247
868 1185
868 964
868 1030
868 1017
869 1124
869 1040
869 949
870 1187
870 1204
871 963
871 1066
871 957
872 1124
872 1233
872 1088
872 877
872 952
872 980
873 1152
873 1025
874 893
874 942
875 910
875 1213
875 1055
876 1281
876 1176
877 1226
877 1003
877 1133
877 1008
877 914
877 1277
877 1272
878 1248
878 1000
878 1193
878 916
878 1273
879 1280
879 1094
879 1099
879 1229
879 1013
879 1146
879 1141
880 1106
880 990
881 1121
881 1134
881 904
881 1016
882 888
883 1056
883 1098
883 1117
883 1255
884 1097
884 947
885 1218
885 1254
885 1194
885 1036
885 1069
885 1298
886 1235
886 1060
886 979
886 929
886 1006
886 1008
886 1081
886 1183
887 1201
887 1116
887 1106
888 939
888 1167
888 924
888 958
889 1209
890 913
890 1078
890 1273
890 1236
891 1234
891 1067
891 1130
891 909
891 1012
892 1266
892 1137
892 1273
893 971
893 1148
893 1239
894 1235
894 904
894 1196
894 1070
894 1075
895 1092
895 1146
895 1082
896 1138
896 1002
896 971
896 1008
896 1187
896 1236
898 1184
898 1262
898 1080
898 1211
898 1182
899 1184
899 939
899 989
899 908
899 1026
899 1283
899 1048
899 1020
899 917
900 992
900 908
900 1100
900 1201
900 1246
901 1250
901 1028
901 1253
901 1032
901 1037
901 1165
901 1177
901 1084
901 1150
902 1232
902 1029
902 1298
903 968
903 1130
903 1014
903 1083
904 1088
904 1126
904 966
904 1129
904 1074
904 955
904 1066
905 928
905 1115
905 936
905 1256
905 1234
905 1278
905 1289
906 1159
906 1199
907 928
907 1066
907 1268
908 1063
908 1102
909 1152
909 1269
910 1130
910 1164
910 1131
910 1272
911 1293
911 1144
912 1285
912 998
912 1297
912 951
913 1046
914 1011
914 1082
915 1280
915 1290
915 1006
915 1115
916 1034
916 1145
916 1247
918 1190
918 1136
919 1220
919 1193
919 1247
919 943
919 1115
919 990
920 933
920 1266
921 1162
921 1103
921 1084
921 1087
922 1153
922 1219
922 1108
922 1247
923 1173
923 1196
923 1151
923 1055
924 1079
925 1024
925 1043
925 1063
925 1058
925 1072
926 978
927 1216
927 1269
927 1242
928 1221
928 1162
928 1255
928 1114
928 1021
929 1144
930 1255
930 969
930 1294
930 1044
930 1207
930 1049
931 987
931 1256
931 1065
931 1233
932 1038
933 1216
933 1028
933 1165
933 1008
934 1066
934 1018
934 1243
934 1214
935 1120
935 1218
935 1156
935 1256
935 1232
935 1288
936 1089
936 1189
936 1004
936 1265
936 1015
937 1060
937 1126
937 1260
937 1177
937 959
938 1061
938 1219
938 1043
938 974
938 953
938 1151
939 1072
939 1271
940 1185
940 1145
940 1046
940 1081
941 1227
941 1196
941 1159
941 996
942 1216
942 1249
942 963
942 998
942 1143
943 1196
943 979
944 955
944 1297
944 1010
945 1190
945 962
945 1025
945 1136
946 966
947 997
947 1260
947 1229
947 1233
947 979
947 1189
948 1067
948 1165
948 1204
948 1141
948 1278
949 1025
949 1058
949 1156
949 1112
949 1048
949 1210
950 1120
950 1222
950 1074
950 1142
951 1007
952 1280
952 1167
952 1160
952 1012
952 1294
952 1151
953 1204
953 1272
953 954
954 1064
955 993
955 1263
955 985
955 1162
956 1155
956 1036
957 1291
957 1242
957 1082
957 990
957 1087
958 975
958 1102
959 989
959 1209
960 1015
960 1178
960 986
960 1125
961 1185
961 1297
961 1145
962 995
962 1002
962 1010
962 1214
963 993
963 1177
964 991
965 1020
965 1146
966 1262
966 1142
966 1111
967 1092
967 998
968 971
968 1085
968 1187
968 1229
968 1223
970 1281
970 1233
970 1240
970 1208
970 1215
971 1160
972 1254
972 1214
972 1173
973 1075
973 1154
973 1054
973 1179
973 1180
974 1175
974 986
975 1024
975 1255
975 1086
976 1192
976 1101
976 1142
976 1119
977 1223
977 1201
978 1158
978 1191
978 1246
978 1234
979 1168
979 1196
979 1046
980 1249
980 1253
980 1175
980 1274
980 1053
981 1258
981 1202
981 1051
981 1034
982 1187
983 1185
983 1292
984 1123
984 1090
985 1210
986 1061
986 1211
986 1125
987 1167
988 1120
988 1074
988 1035
988 1072
989 1029
989 1191
989 994
989 1101
989 1149
990 1148
990 1172
991 1194
992 1233
992 1033
992 1070
992 1105
993 1024
993 1152
993 1015
994 1092
994 1070
994 1046
995 1063
995 1295
995 1201
995 1109
995 1257
996 1025
996 1061
996 1003
996 1137
996 1109
997 1143
997 1145
998 1291
999 1000
999 1196
999 1201
1000 1032
1000 1071
1000 1137
1001 1263
1001 1074
1001 1273
1001 1220
1002 1204
1003 1152
1003 1293
1004 1200
1004 1177
1005 1049
1005 1210
1006 1107
1007 1216
1007 1176
1008 1009
1008 1283
1008 1046
1009 1089
1009 1175
1009 1142
1010 1239
1010 1215
1010 1255
1010 1011
1011 1132
1011 1078
1012 1257
1012 1034
1012 1045
1013 1194
1013 1167
1013 1076
1013 1239
1014 1258
1014 1261
1015 1037
1015 1179
1015 1053
1016 1209
1016 1181
1017 1155
1017 1294
1018 1216
1018 1162
1018 1279
1018 1244
1018 1077
1020 1090
1020 1289
1020 1141
1020 1204
1020 1268
1021 1126
1021 1191
1022 1085
1023 1105
1023 1041
1023 1039
1023 1108
1023 1268
1024 1070
1025 1178
1025 1277
1025 1150
1026 1218
1026 1146
1027 1166
1028 1280
1028 1241
1028 1111
1028 1279
1029 1287
1030 1094
1030 1169
1030 1197
1030 1239
1031 1143
1032 1111
1033 1036
1033 1228
1033 1081
1033 1247
1034 1051
1035 1167
1036 1056
1037 1258
1038 1127
1038 1070
1038 1171
1039 1065
1039 1101
1040 1226
1040 1140
1040 1070
1041 1133
1041 1049
1041 1087
1043 1164
1044 1259
1044 1190
1044 1127
1044 1234
1044 1107
1046 1259
1047 1167
1048 1063
1048 1086
1048 1239
1048 1147
1049 1062
1049 1110
1050 1168
1050 1172
1050 1054
1051 1099
1051 1188
1051 1167
1051 1238
1052 1244
1052 1229
1052 1261
1052 1141
1052 1148
1053 1286
1053 1253
1053 1264
1053 1210
1055 1217
1055 1283
1055 1267
1056 1175
1056 1202
1056 1239
1056 1247
1057 1184
1058 1074
1059 1225
1060 1126
1060 1262
1060 1112
1060 1135
1060 1079
1061 1130
1061 1150
1062 1175
1062 1275
1062 1278
1063 1218
1063 1191
1063 1260
1063 1285
1063 1253
1064 1261
1064 1075
1064 1172
1064 1148
1065 1216
1065 1108
1065 1295
1066 1260
1066 1279
1067 1288
1067 1267
1067 1149
1068 1161
1068 1208
1068 1211
1068 1218
1069 1280
1069 1202
1069 1180
1069 1086
1070 1276
1070 1213
1070 1275
1070 1146
1071 1122
1071 1291
1071 1197
1071 1212
1072 1267
1073 1235
1073 1294
1073 1183
1074 1086
1075 1265
1076 1145
1077 1184
1077 1230
1077 1267
1078 1293
1078 1173
1079 1224
1079 1142
1079 1187
1080 1163
1080 1150
1080 1110
1081 1145
1082 1153
1083 1108
1084 1224
1084 1105
1084 1144
1085 1185
1085 1111
1085 1167
1085 1107
1087 1127
1088 1135
1088 1199
1089 1163
1089 1277
1089 1236
1090 1159
1090 1100
1091 1094
1091 1211
1092 1292
1092 1201
1092 1208
1093 1216
1093 1250
1093 1233
1093 1110
1094 1174
1095 1195
1095 1252
1096 1280
1096 1197
1097 1264
1097 1189
1097 1263
1097 1167
1098 1115
1099 1166
1099 1209
1099 1151
1100 1206
1100 1139
1101 1106
1102 1281
1103 1216
1103 1185
1103 1123
1103 1171
1103 1111
1104 1218
1104 1250
1105 1192
1105 1238
1106 1293
1106 1172
1107 1128
1109 1256
1111 1293
1112 1262
1113 1136
1114 1219
1114 1191
1114 1120
1115 1177
1115 1182
1115 1161
1116 1221
1116 1160
1117 1154
1117 1218
1117 1266
1118 1192
1118 1177
1119 1136
1119 1176
1119 1241
1120 1251
1120 1226
1120 1291
1121 1220
1121 1266
1121 1206
1122 1124
1122 1222
1122 1255
1123 1285
1123 1254
1123 1281
1125 1252
1125 1194
1125 1292
1125 1204
1125 1206
1125 1209
1126 1282
1126 1264
1126 1266
1126 1289
1128 1143
1128 1279
1129 1213
1130 1282
1130 1253
1132 1257
1132 1167
1133 1248
1133 1276
1134 1154
1135 1248
1135 1139
1135 1237
1136 1298
1137 1200
1138 1247
1139 1162
1140 1165
1141 1250
1141 1158
1141 1236
1142 1250
1142 1156
1144 1253
1145 1161
1145 1298
1145 1201
1145 1243
1147 1292
1147 1270
1150 1203
1151 1186
1153 1248
1153 1290
1154 1159
1154 1231
1155 1254
1156 1241
1157 1191
1158 1173
1158 1159
1159 1184
1161 1171
1163 1256
1163 1208
1164 1284
1165 1233
1166 1285
1167 1209
1168 1200
1170 1214
1172 1194
1172 1295
1172 1274
1173 1216
1173 1253
1174 1209
1175 1188
1175 1221
1175 1238
1176 1251
1178 1230
1178 1253
1179 1259
1179 1201
1180 1236
1183 1189
1183 1192
1183 1200
1183 1288
1184 1195
1184 1251
1186 1274
1186 1278
1187 1202
1188 1224
1190 1249
1191 1259
1193 1213
1195 1247
1199 1229
1199 1242
1200 1264
1200 1231
1203 1280
1203 1204
1203 1277
1204 1296
1205 1255
1205 1278
1206 1272
1207 1264
1210 1229
1210 1211
1213 1228
1213 1269
1215 1232
1220 1283
1223 1296
1223 1228
1223 1245
1225 1248
1225 1232
1228 1264
1232 1234
1232 1262
1235 1262
1235 1298
1238 1249
1238 1297
1243 1283
1247 1249
1249 1293
1252 1289
1252 1272
1253 1254
1255 1284
1255 1290
1256 1276
1260 1266
1261 1270
1263 1293
1264 1270
1271 1287
1272 1295
