0 999
0 841
0 491
0 753
0 918
0 599
0 223
0 255
1 194
1 740
1 711
1 509
1 530
1 627
1 377
1 602
1 381
2 992
2 769
2 675
2 132
2 327
2 335
2 721
2 535
2 764
2 733
3 84
3 770
3 387
3 837
3 372
3 875
3 397
3 463
3 240
3 626
3 595
3 244
3 117
3 57
3 442
3 853
4 866
4 580
4 837
4 651
4 77
4 851
4 919
4 508
5 644
5 616
5 329
5 978
5 718
5 273
5 850
5 627
5 632
6 777
6 940
6 492
6 238
6 752
6 186
6 475
6 282
7 683
7 389
7 327
7 652
7 647
7 12
7 974
7 84
7 566
7 937
7 250
7 63
8 778
8 805
8 870
8 231
8 456
8 583
8 39
8 782
8 733
8 146
8 275
8 714
8 382
9 435
9 323
9 103
9 201
9 935
9 274
9 721
9 82
9 147
9 675
9 347
9 572
10 360
10 137
10 682
10 971
10 685
10 14
10 721
10 343
10 250
11 577
11 387
11 100
11 44
11 978
11 338
11 979
11 21
11 214
11 23
11 472
11 548
11 859
11 92
12 449
12 740
12 649
12 460
12 463
12 114
12 564
12 695
12 724
12 698
12 411
13 67
13 936
13 906
13 395
13 365
13 494
13 61
13 477
13 718
13 186
13 413
14 291
14 169
14 908
14 344
14 349
14 159
15 773
15 170
15 525
15 207
15 528
15 990
16 998
16 966
16 424
16 338
16 334
16 429
16 721
16 242
16 86
16 88
16 921
16 461
16 415
17 513
17 902
17 487
17 257
17 272
17 313
17 121
17 639
18 481
18 226
18 708
18 109
18 669
19 803
19 997
19 785
19 235
19 175
19 113
19 274
19 665
20 706
20 453
20 199
20 272
20 822
20 439
20 863
21 804
21 685
21 656
21 913
21 27
21 31
22 98
22 452
22 104
22 553
22 970
22 174
22 520
22 841
22 164
23 361
23 465
23 755
23 885
23 827
24 611
24 484
24 361
24 170
24 879
24 560
24 723
24 469
24 569
24 410
24 831
25 544
25 292
25 933
25 105
25 80
25 469
25 477
26 739
26 292
26 711
26 874
26 945
26 153
26 442
26 91
26 730
27 390
27 358
27 72
27 269
27 943
27 488
27 872
27 120
27 917
27 890
27 253
27 287
28 708
28 170
28 276
28 670
29 165
29 968
29 43
29 882
29 313
29 127
30 219
30 942
30 398
30 632
30 910
30 150
30 504
30 953
30 315
30 572
30 509
30 447
31 544
31 801
31 899
31 486
31 791
31 492
31 720
31 242
31 596
31 150
31 439
31 57
31 890
31 635
32 165
32 614
32 584
32 783
32 532
32 502
32 826
32 858
32 734
32 773
33 257
33 106
33 206
33 111
33 944
33 274
33 755
33 798
33 735
34 293
34 998
34 308
34 693
34 982
34 763
34 476
35 674
35 995
35 197
35 812
35 876
35 501
35 760
36 964
36 293
36 966
36 72
36 427
36 972
36 205
36 973
36 593
36 948
36 600
36 996
36 645
37 768
37 705
37 746
37 176
37 147
37 180
37 857
37 57
38 66
38 491
38 137
38 587
38 718
38 847
38 183
39 865
39 711
39 682
39 519
39 115
39 244
40 833
40 418
40 389
40 137
40 491
40 844
40 834
40 822
40 444
40 700
41 130
41 67
41 964
41 138
41 460
41 450
41 945
41 50
41 340
41 183
41 826
41 159
42 643
42 772
42 549
42 780
42 711
42 649
42 172
42 333
42 368
42 884
42 905
42 856
42 379
42 156
43 195
43 617
43 650
43 241
43 914
43 565
43 924
44 356
44 54
44 262
44 549
44 941
44 689
44 467
44 984
44 661
44 150
44 503
44 917
44 485
45 553
45 123
45 196
45 294
45 243
46 706
46 260
46 746
46 962
46 778
46 821
46 439
46 312
46 987
46 573
47 770
47 616
47 137
47 651
47 658
47 273
47 402
47 339
47 852
47 568
47 953
47 979
48 288
48 416
48 579
48 935
48 364
48 241
48 438
48 412
48 350
48 351
49 416
49 900
49 724
49 296
49 747
49 590
49 244
49 311
49 409
49 605
50 393
50 833
50 450
50 292
50 421
50 583
50 72
50 330
50 588
50 738
50 815
50 247
50 868
50 187
50 991
51 674
51 229
51 166
51 316
51 876
51 750
51 208
51 756
51 910
51 534
51 504
51 123
51 188
51 254
51 639
52 295
52 521
52 939
52 748
52 957
52 371
52 873
52 828
52 637
52 414
53 480
53 546
53 812
53 685
53 430
53 402
53 435
53 884
53 110
54 386
54 739
54 742
54 679
54 962
54 55
54 731
55 452
55 775
55 880
55 946
55 310
55 823
55 793
55 671
56 737
56 322
56 869
56 454
56 360
56 523
56 845
56 303
56 212
56 660
56 410
56 239
57 873
57 458
57 268
57 750
57 792
57 632
57 889
57 154
57 189
57 95
58 897
58 132
58 923
58 356
58 199
58 775
58 754
58 466
58 277
58 791
58 569
58 795
58 821
59 865
59 484
59 455
59 234
59 207
59 80
59 177
59 82
59 346
59 380
59 634
60 353
60 130
60 389
60 641
60 974
60 465
60 190
60 318
60 853
61 962
61 265
61 268
61 558
61 77
61 176
61 377
61 701
61 702
62 225
62 550
62 582
62 833
62 621
62 922
62 717
62 434
62 813
62 783
62 221
63 171
63 361
63 970
63 119
63 781
63 622
63 559
63 401
63 183
63 185
63 570
63 215
63 767
64 355
64 456
64 204
64 558
64 401
64 179
64 184
64 570
65 459
65 132
65 838
65 198
65 942
65 523
65 621
65 910
65 690
65 533
66 480
66 482
66 923
66 454
66 743
66 595
66 446
66 598
66 187
66 668
66 478
66 997
67 258
67 579
67 260
67 744
67 973
67 397
67 635
67 643
67 675
67 346
67 411
67 191
68 899
68 102
68 294
68 73
68 338
68 934
68 966
68 380
68 829
69 418
69 356
69 997
69 520
69 234
69 530
69 942
69 82
69 820
69 149
69 664
69 868
69 314
69 444
69 426
70 279
70 451
70 676
70 517
70 362
70 427
70 977
70 771
70 950
70 311
70 377
70 442
70 188
70 986
71 108
71 974
71 84
71 410
71 348
71 637
72 132
72 809
72 139
72 818
72 750
72 792
72 539
72 924
72 927
73 545
73 482
73 196
73 869
73 167
73 744
73 522
73 175
73 401
73 309
73 150
73 473
73 568
73 765
74 418
74 996
74 197
74 519
74 936
74 845
74 334
74 145
74 270
74 953
74 954
74 830
75 193
75 771
75 261
75 588
75 882
75 628
75 762
75 574
75 581
76 993
76 903
76 618
76 589
76 854
76 920
76 700
76 797
76 895
77 608
77 292
77 397
77 532
77 408
77 468
77 535
77 280
77 121
77 795
78 295
78 970
78 80
78 145
78 343
78 856
78 92
78 798
79 704
79 289
79 419
79 200
79 521
79 202
79 558
79 591
79 401
79 915
79 794
79 571
79 702
80 688
80 515
80 932
80 518
80 807
80 811
80 171
80 975
80 240
80 692
80 532
80 630
80 787
80 92
80 381
81 482
81 454
81 295
81 207
81 306
81 500
81 501
81 596
81 411
81 661
82 123
82 267
82 335
82 528
82 790
82 115
82 963
82 723
82 553
82 536
82 442
82 491
82 446
82 319
83 801
83 962
83 451
83 950
83 838
83 649
83 529
83 243
83 725
83 278
83 824
84 576
84 193
84 420
84 229
84 200
84 730
84 776
84 658
84 410
84 573
85 448
85 701
85 194
85 904
85 860
85 956
85 317
85 529
85 629
85 121
85 475
85 668
85 285
86 848
86 450
86 964
86 360
86 810
86 811
86 174
86 467
86 468
86 632
86 761
86 410
86 508
87 672
87 386
87 391
87 930
87 270
87 751
87 465
87 185
87 346
87 378
88 610
88 901
88 553
88 625
88 148
88 503
88 472
88 858
88 155
88 830
88 95
89 915
89 713
89 427
89 685
89 627
89 691
89 892
89 317
89 661
90 196
90 918
90 732
90 683
90 112
90 948
90 566
90 476
90 670
91 615
91 232
91 348
91 587
91 467
91 307
91 212
91 181
91 918
91 984
91 558
91 284
92 227
92 132
92 133
92 717
92 579
92 983
92 734
93 736
93 737
93 838
93 945
93 702
93 438
93 222
93 885
94 833
94 326
94 679
94 267
94 977
94 306
94 820
95 517
95 429
95 529
95 339
95 406
96 850
96 516
96 806
96 714
96 716
96 498
96 527
96 402
96 725
96 119
96 794
96 508
96 778
97 576
97 161
97 483
97 321
97 171
97 339
97 821
97 375
97 760
97 608
98 417
98 516
98 748
98 679
98 105
98 364
98 718
98 271
98 113
98 916
98 312
98 794
98 833
99 707
99 456
99 983
99 403
99 269
99 880
99 936
99 211
99 727
99 377
100 973
100 267
100 141
100 205
100 785
100 282
100 367
100 319
101 240
101 912
101 485
101 970
101 845
101 335
101 176
101 367
101 278
101 247
101 600
101 559
101 251
101 669
101 607
102 133
102 230
102 311
102 178
102 502
102 183
102 252
103 258
103 812
103 302
103 751
103 977
103 630
103 951
103 570
104 209
104 620
104 812
104 769
105 257
105 997
105 742
105 200
105 258
105 527
105 450
105 456
105 726
105 921
105 943
105 863
106 641
106 868
106 454
106 746
106 343
106 542
107 800
107 130
107 301
107 368
107 952
107 883
107 664
107 634
107 347
107 413
108 225
108 386
108 467
108 598
108 990
109 834
109 585
109 778
109 850
109 654
109 943
109 369
109 792
109 442
109 317
109 159
110 227
110 686
110 720
110 274
110 979
110 854
110 472
110 349
110 799
111 640
111 406
111 688
111 126
111 502
111 599
111 153
111 570
111 318
111 639
112 257
112 739
112 996
112 584
112 137
112 426
112 809
112 528
112 535
112 891
112 778
113 161
113 872
113 745
113 779
113 463
113 946
113 277
113 347
114 453
114 454
114 805
114 149
114 375
114 377
114 954
114 284
114 345
114 607
115 161
115 451
115 165
115 653
115 270
115 464
115 417
115 547
115 645
115 223
116 131
116 966
116 461
116 654
116 463
116 174
116 283
117 930
117 548
117 233
117 427
117 721
117 755
117 340
117 213
117 568
117 819
117 891
118 609
118 354
118 645
118 705
118 234
118 971
118 738
118 285
118 789
118 791
118 298
118 350
119 577
119 263
119 812
119 848
119 402
119 596
119 887
119 858
119 543
120 155
120 263
120 810
120 171
120 429
120 720
120 819
120 698
120 702
120 231
121 960
121 797
121 139
121 175
121 400
121 531
121 308
121 696
121 820
121 602
121 509
121 638
121 799
122 742
122 426
122 910
122 691
122 666
122 316
123 765
123 581
123 934
123 243
123 264
123 807
123 623
123 840
123 468
123 894
123 803
123 628
123 285
123 318
124 481
124 304
124 594
124 947
124 372
124 276
124 720
124 159
125 835
125 292
125 677
125 362
125 946
125 496
125 850
125 885
125 887
125 792
125 377
126 673
126 167
126 520
126 906
126 679
126 204
126 621
126 552
126 530
126 211
126 180
126 213
127 257
127 866
127 200
127 496
127 369
127 980
127 982
127 249
127 666
127 540
128 354
128 324
128 199
128 334
128 501
128 804
128 506
128 309
129 394
129 558
129 468
129 540
129 618
129 958
130 195
130 936
130 426
130 141
130 305
130 867
130 724
130 630
130 951
130 714
131 496
131 518
131 508
131 239
131 432
131 316
131 925
132 444
132 492
132 322
132 401
132 350
132 543
133 229
133 550
133 744
133 651
133 848
133 986
133 827
134 299
134 975
134 208
134 913
134 469
134 732
134 637
135 740
135 310
135 280
135 924
135 221
135 958
136 578
136 483
136 356
136 940
136 941
136 570
136 251
137 544
137 257
137 866
137 453
137 929
137 206
137 914
137 239
137 720
137 797
137 735
138 645
138 753
138 232
138 555
138 492
138 918
138 273
138 466
138 596
138 821
138 150
138 983
138 981
138 831
138 989
138 766
138 511
139 640
139 993
139 229
139 714
139 780
139 758
139 824
139 346
139 188
139 261
140 288
140 899
140 711
140 848
140 849
140 536
140 891
140 444
140 221
140 735
141 650
141 236
141 573
141 370
141 410
141 815
141 442
142 866
142 228
142 518
142 838
142 909
142 524
142 898
142 815
142 983
142 286
143 196
143 453
143 583
143 713
143 492
143 813
143 877
143 880
143 370
143 182
143 535
143 316
143 606
144 262
144 390
144 531
144 533
144 502
144 313
145 324
145 325
145 582
145 489
145 485
145 874
145 238
145 733
145 627
145 381
145 351
146 977
146 895
146 711
146 883
146 427
146 268
146 813
146 625
146 243
146 724
146 693
146 602
146 827
146 286
146 639
147 642
147 235
147 499
147 980
147 309
147 630
147 701
148 609
148 746
148 972
148 879
148 508
149 906
149 685
149 206
149 239
149 496
149 469
150 770
150 168
150 369
150 664
151 514
151 803
151 329
151 682
151 939
151 951
151 631
151 665
151 413
152 616
152 566
152 534
152 686
153 290
153 956
153 555
153 301
153 310
153 668
153 639
154 288
154 608
154 451
154 586
154 817
154 788
154 504
154 252
154 349
154 254
155 674
155 776
155 168
155 462
155 368
155 904
155 244
155 661
156 226
156 259
156 334
156 963
156 630
156 601
156 926
157 523
157 449
157 994
157 451
157 196
157 261
157 839
157 169
157 267
157 174
157 605
157 309
157 985
157 858
157 285
157 543
158 701
158 614
158 246
158 166
158 349
159 613
159 445
159 688
159 657
159 691
159 661
159 186
159 347
159 282
160 161
160 290
160 808
160 650
160 983
160 750
160 727
161 864
161 616
161 617
161 631
161 403
161 921
161 978
161 279
161 761
161 409
161 223
162 397
162 597
162 407
162 410
162 602
162 254
163 996
163 327
163 396
163 367
163 339
163 218
163 986
164 741
164 423
164 168
164 334
164 975
164 853
164 535
164 697
164 188
164 575
165 193
165 746
165 461
165 180
165 181
165 758
165 884
165 853
166 944
166 522
166 496
166 970
166 861
167 518
167 269
167 274
167 309
167 566
167 215
167 922
168 424
168 876
168 844
168 403
168 407
168 761
168 922
168 764
168 573
169 802
169 398
169 955
169 767
170 768
170 827
170 303
170 658
170 949
170 439
170 862
170 671
171 550
171 173
171 984
171 758
171 861
172 708
172 809
172 431
172 816
172 275
172 245
173 879
173 308
173 181
173 982
173 728
173 916
173 890
173 543
173 735
174 802
174 487
174 519
174 297
174 810
174 267
174 175
174 983
174 729
174 378
174 251
175 604
175 577
175 732
175 846
175 721
175 842
175 268
175 689
175 498
175 884
175 629
175 407
175 188
176 993
176 196
176 648
176 686
176 783
176 976
176 754
176 691
176 750
176 991
177 897
177 485
177 487
177 680
177 655
177 180
177 918
177 887
177 669
178 450
178 803
178 645
178 199
178 746
178 782
178 623
178 821
178 889
178 569
178 413
178 637
179 640
179 834
179 611
179 801
179 962
179 210
179 355
179 984
179 605
179 670
180 898
180 838
180 807
180 424
180 426
180 376
180 443
181 416
181 418
181 451
181 650
181 891
181 205
181 445
181 901
182 450
182 970
182 851
182 661
182 502
183 520
183 682
183 556
183 208
183 773
183 885
183 791
183 314
183 346
184 801
184 355
184 456
184 590
184 306
185 507
185 516
185 358
185 487
185 975
185 913
185 211
185 601
185 475
186 356
186 549
186 456
186 809
186 656
186 561
186 658
186 872
186 443
187 992
187 801
187 454
187 680
187 473
187 217
187 798
188 320
188 577
188 834
188 615
188 714
188 781
188 981
188 378
188 591
188 348
188 719
189 867
189 746
189 525
189 889
189 210
189 884
189 313
189 346
189 604
190 864
190 386
190 229
190 684
190 514
190 493
190 336
190 658
190 949
190 639
190 575
191 384
191 900
191 779
191 630
191 823
191 537
191 380
191 414
192 770
192 996
192 741
192 935
192 916
192 830
192 601
192 348
192 349
192 542
193 451
193 461
193 974
193 571
193 221
194 451
194 705
194 685
194 686
194 495
194 272
194 689
194 278
194 923
195 400
195 635
195 407
196 416
196 321
196 357
196 353
196 752
196 397
196 645
197 740
197 581
197 969
197 683
197 274
197 563
197 436
197 857
198 259
198 644
198 743
198 296
198 589
198 849
198 722
198 307
198 596
198 953
198 735
199 669
199 627
199 663
199 819
199 703
199 540
199 381
199 639
200 556
200 461
200 690
200 595
200 506
201 992
201 902
201 455
201 904
201 600
201 822
201 823
201 536
201 603
201 253
201 703
202 323
202 228
202 392
202 302
202 272
202 599
202 857
202 315
203 640
203 388
203 390
203 906
203 685
203 538
203 859
203 639
204 321
204 643
204 864
204 519
204 968
204 906
204 814
204 720
204 691
204 660
204 854
205 482
205 779
205 458
205 747
205 923
205 909
205 880
205 854
205 952
205 698
205 347
206 425
206 393
206 394
206 844
206 302
206 767
206 735
207 358
207 237
207 402
208 513
208 644
208 769
208 457
208 942
208 882
208 628
208 602
209 484
209 677
209 934
209 490
209 842
209 750
209 687
209 228
209 285
210 643
210 965
210 295
210 781
210 495
210 402
210 922
210 958
211 386
211 581
211 839
211 876
211 523
211 268
211 855
211 607
212 834
212 548
212 559
212 284
212 511
213 672
213 769
213 424
213 556
213 594
213 573
214 929
214 685
214 878
214 849
214 788
214 885
214 758
214 441
214 954
214 349
214 958
215 880
215 834
215 387
215 261
215 806
215 295
215 425
215 432
215 579
215 504
215 639
216 640
216 516
216 230
216 903
216 780
216 266
216 236
216 724
216 566
216 218
216 539
216 799
217 644
217 807
217 968
217 597
217 985
217 349
217 606
217 287
218 768
218 291
218 657
218 473
218 219
218 829
218 766
219 673
219 866
219 227
219 634
219 230
219 359
219 584
219 429
219 680
219 981
219 630
219 509
219 930
220 964
220 615
220 523
220 332
220 529
220 754
220 531
220 953
220 568
220 441
220 605
221 513
221 618
221 396
221 621
221 973
221 944
221 721
221 889
221 859
222 963
222 517
222 680
222 268
222 782
222 254
222 485
223 257
223 941
223 338
223 920
224 780
224 361
224 332
224 502
224 791
224 285
225 487
225 460
225 851
225 820
225 629
226 841
226 306
226 464
226 341
226 503
227 352
227 476
227 400
227 881
227 690
227 590
227 282
228 577
228 259
228 421
228 705
228 617
228 954
228 690
228 500
228 344
228 699
228 603
228 746
229 768
229 873
229 716
229 525
229 787
229 724
229 732
229 613
230 481
230 483
230 836
230 883
230 461
230 942
230 465
230 435
230 788
230 373
230 950
231 576
231 486
231 813
231 238
231 916
231 910
232 353
232 946
232 817
233 483
233 284
233 726
233 777
233 249
233 667
233 508
233 575
234 544
234 934
234 622
234 943
234 561
234 534
234 376
235 419
235 690
235 781
235 434
235 440
235 868
235 542
236 608
236 672
236 679
236 707
236 996
236 455
236 488
236 553
236 487
236 993
236 691
236 852
236 437
236 249
236 866
237 480
237 417
237 901
237 584
237 458
237 973
237 885
237 887
237 479
238 353
238 241
238 586
238 289
238 568
238 906
239 545
239 586
239 491
239 312
239 435
239 393
240 896
240 304
240 388
240 433
241 955
241 840
241 586
241 300
241 529
241 667
241 618
241 703
242 965
242 455
242 297
242 266
242 843
242 877
242 719
242 307
242 917
242 919
242 888
242 607
242 732
243 384
243 834
243 420
243 518
243 747
243 916
243 309
244 416
244 355
244 815
244 535
244 410
244 317
244 510
244 511
245 353
245 326
245 568
245 648
245 715
245 957
245 433
245 435
245 755
245 563
245 471
245 440
245 712
246 689
246 442
247 288
247 521
247 299
247 493
247 334
247 272
247 670
247 761
247 473
247 346
247 540
247 254
248 787
248 364
248 357
248 925
249 868
249 837
249 973
249 687
249 915
249 964
249 751
250 940
250 624
250 753
250 789
250 886
250 377
250 345
251 480
251 770
251 678
251 400
251 916
251 526
251 475
252 513
252 902
252 457
252 522
252 756
252 632
252 820
252 411
252 862
253 455
253 528
253 818
253 499
253 824
253 668
253 637
254 448
254 516
254 293
254 296
254 306
255 545
255 611
255 260
255 924
255 778
255 396
255 829
255 931
255 708
255 732
255 445
256 965
256 424
256 654
256 724
256 664
256 538
256 766
257 293
257 929
257 595
257 570
258 897
258 421
258 519
258 687
258 979
258 763
258 573
259 267
259 463
259 956
259 348
259 767
260 367
260 464
260 403
260 921
260 571
260 349
260 990
261 814
261 829
261 754
261 308
261 757
261 470
261 660
261 847
262 356
262 325
262 646
262 871
262 684
262 845
262 654
262 877
262 753
262 596
262 438
263 448
263 328
263 457
263 626
263 717
263 562
263 915
264 571
264 356
264 710
264 746
264 334
264 943
264 560
264 376
264 729
264 954
264 350
265 353
265 496
265 851
265 730
265 827
266 931
266 294
266 840
266 395
266 400
266 273
266 762
267 295
267 972
267 276
267 632
268 448
268 546
268 311
269 526
269 624
269 401
269 995
269 437
269 439
269 861
269 798
270 512
270 289
270 834
270 677
270 307
270 716
270 371
270 883
270 915
271 747
271 354
271 526
271 493
271 816
271 627
271 309
271 761
271 987
271 860
271 957
272 385
272 305
272 776
272 810
272 879
272 786
272 755
272 597
272 618
273 897
273 385
273 548
273 775
273 329
273 364
273 560
273 538
273 591
273 668
273 798
273 869
274 963
274 749
274 691
274 553
274 280
274 825
274 730
274 926
275 643
275 361
275 712
275 739
275 788
276 516
276 982
276 422
276 391
276 583
276 365
276 374
276 347
276 766
277 513
277 920
277 795
277 639
278 713
278 650
278 844
278 658
278 820
278 311
279 992
279 653
279 882
279 884
279 568
279 510
280 904
280 530
280 565
280 700
281 864
281 521
281 590
281 442
281 634
281 959
282 928
282 550
282 554
282 690
282 305
282 498
282 438
282 938
283 416
283 613
283 680
283 330
283 844
283 465
283 409
283 959
283 677
284 910
284 303
284 665
284 479
285 928
285 485
285 423
285 463
285 433
285 436
285 709
286 576
286 482
286 774
286 812
286 300
286 335
286 878
286 538
286 795
286 604
286 698
287 744
287 298
287 397
287 462
287 909
287 760
287 627
287 597
287 543
287 637
287 511
288 720
288 803
288 817
288 369
288 948
288 958
288 699
288 765
288 414
289 550
289 486
289 295
289 299
289 307
289 952
289 414
290 737
290 896
290 649
290 655
290 466
290 468
290 634
290 699
290 735
291 643
291 741
291 847
291 882
291 931
291 569
291 346
292 675
292 551
292 539
292 732
293 417
293 656
293 916
293 380
294 783
294 518
294 681
294 525
294 345
294 507
295 962
295 651
295 958
295 716
295 428
295 754
295 889
295 302
295 313
295 542
296 798
296 932
296 785
296 713
296 811
296 748
296 533
296 662
296 964
297 544
297 866
297 867
297 973
297 655
297 529
297 628
297 758
297 951
297 988
298 448
298 643
298 943
298 628
298 666
298 539
299 832
299 389
299 413
300 912
300 324
300 708
300 460
300 784
300 530
300 403
300 340
300 693
300 692
300 507
301 684
301 845
302 539
302 450
302 315
302 932
302 934
302 455
302 815
302 867
302 631
302 888
302 379
302 575
303 512
303 962
303 808
303 779
303 332
303 946
303 755
303 663
303 378
304 448
304 482
304 419
304 870
304 742
304 775
304 910
304 887
304 603
305 968
305 941
305 509
305 821
305 314
305 315
306 769
306 965
306 421
306 678
306 391
306 912
306 856
306 378
306 865
307 456
307 937
307 652
307 943
307 819
307 381
308 941
308 559
308 625
308 376
308 859
308 765
309 588
309 907
309 659
309 685
309 492
309 365
309 398
309 468
309 381
309 857
309 605
310 716
310 398
310 591
310 688
310 696
310 893
310 863
311 482
311 361
311 394
311 788
311 791
311 728
311 382
312 869
312 935
312 713
312 651
313 930
313 360
313 887
313 589
313 849
313 375
313 538
313 638
314 785
314 876
314 556
314 667
314 636
314 477
314 894
314 479
315 451
315 452
315 453
315 587
315 685
315 845
315 883
315 628
315 575
316 480
316 613
316 525
316 878
316 813
316 757
316 959
316 764
316 869
317 385
317 419
317 517
317 486
317 449
317 777
317 554
317 653
317 728
317 783
317 381
318 704
318 898
318 461
318 926
319 929
319 454
319 519
319 999
319 845
319 534
319 538
320 742
320 968
320 682
320 941
320 717
320 367
321 680
321 333
321 853
321 535
322 450
322 939
322 492
322 723
322 372
322 953
322 539
322 796
323 547
323 388
323 619
323 720
323 745
324 651
324 468
324 538
324 507
324 890
325 498
325 993
326 772
326 844
326 428
326 399
326 531
326 403
326 503
326 985
326 507
326 573
327 880
327 482
327 585
327 557
327 816
327 849
327 402
327 915
327 952
327 507
327 639
328 994
328 588
328 430
328 334
330 641
330 426
330 492
330 433
330 792
330 381
331 441
331 938
331 985
331 627
331 633
331 345
331 863
331 573
331 377
332 513
332 866
332 771
332 462
332 338
332 440
333 804
333 902
333 456
333 500
333 344
333 938
333 446
334 672
334 579
334 524
334 842
334 406
334 857
334 701
334 606
335 518
335 679
335 875
335 341
335 774
336 912
336 688
336 370
336 638
336 927
337 642
337 932
337 572
337 522
337 844
337 848
337 753
337 533
337 634
337 668
338 704
338 779
338 388
338 777
338 982
338 861
338 926
339 959
339 774
339 807
339 652
339 586
339 951
339 428
339 557
339 375
339 377
339 591
339 874
340 448
340 580
340 646
340 783
340 598
341 865
341 741
341 678
341 904
341 719
341 382
342 673
342 807
342 680
342 586
342 619
342 589
342 568
343 641
343 610
343 998
343 845
343 592
344 618
344 619
344 435
344 535
344 349
345 523
345 518
345 492
345 913
345 601
345 794
346 933
346 423
346 970
346 461
346 626
346 828
346 574
347 653
347 800
347 899
347 806
347 810
347 461
347 784
347 986
347 444
348 967
348 515
348 753
348 467
348 771
349 864
349 502
349 903
349 785
349 563
349 439
350 513
350 866
350 581
350 477
350 869
351 544
351 642
351 698
351 977
351 946
351 755
351 598
351 378
351 506
352 933
352 902
352 521
352 432
352 913
352 690
352 727
353 778
353 392
353 893
354 800
354 386
354 864
354 487
354 714
354 972
354 482
354 821
354 823
354 763
355 784
355 774
355 968
355 555
355 688
355 401
355 594
356 619
356 655
356 981
356 763
356 895
357 739
357 805
357 424
357 781
357 558
357 771
358 577
358 583
358 683
358 781
358 561
358 595
358 468
358 703
358 446
358 479
359 416
359 388
359 773
359 774
359 873
359 785
360 609
360 838
360 651
360 527
360 529
360 787
361 801
361 459
361 772
361 620
361 492
361 720
361 625
361 507
362 646
362 903
362 943
362 883
362 532
362 917
362 696
363 578
363 616
363 555
363 657
363 885
363 695
363 792
363 988
364 571
364 487
364 459
364 628
364 539
364 924
365 993
365 810
365 747
365 432
365 851
365 862
366 898
366 515
366 517
366 554
366 747
366 941
366 495
366 432
366 438
366 407
367 770
367 392
367 521
367 846
367 952
367 376
367 922
368 683
368 998
368 967
368 955
368 879
368 592
368 662
369 992
369 952
369 568
370 870
370 809
370 623
370 980
370 793
370 447
371 776
371 781
371 946
371 925
372 544
372 608
372 485
372 747
372 592
372 912
373 578
373 423
373 674
373 851
373 760
374 377
374 443
374 473
375 389
375 586
375 587
375 687
375 719
375 925
376 705
376 771
376 595
376 892
377 797
377 389
377 976
377 603
377 990
377 709
378 744
378 976
378 751
379 473
379 622
379 999
380 779
380 818
380 663
380 697
381 981
381 516
381 442
381 988
381 383
382 384
382 609
382 483
382 945
382 404
382 603
382 693
383 867
383 455
383 842
383 625
383 435
383 441
384 515
384 491
384 429
384 771
385 449
385 964
385 517
385 710
385 615
385 725
386 694
386 652
386 778
386 546
386 718
386 909
386 563
386 466
386 594
386 957
387 832
387 747
387 807
387 570
387 666
387 606
388 897
388 614
388 489
388 844
388 563
388 691
388 723
388 787
389 645
389 924
389 525
389 654
389 850
389 788
389 882
389 510
390 465
390 531
390 537
390 666
390 922
391 418
391 490
391 535
391 426
392 736
392 483
392 711
392 491
392 693
392 443
392 751
393 678
393 456
393 876
393 490
393 396
393 432
393 721
393 968
393 566
394 878
394 846
394 698
394 446
394 853
395 930
395 520
395 496
395 403
395 954
396 864
396 738
396 869
396 751
396 628
396 762
396 478
397 454
398 938
398 979
398 415
399 518
399 807
399 404
399 853
399 857
399 664
399 569
399 861
400 420
400 497
400 788
400 405
400 504
401 455
401 656
401 888
401 506
402 799
402 772
402 522
402 492
402 825
402 892
402 447
403 614
403 905
403 817
403 887
403 504
403 772
403 956
403 677
404 992
404 871
404 521
404 843
404 885
404 694
404 509
404 479
405 496
405 898
405 803
405 975
405 786
405 922
406 418
406 872
406 784
406 915
407 587
407 723
407 888
408 978
408 772
408 966
408 742
408 874
408 460
408 879
408 882
408 566
408 697
408 633
408 827
408 893
409 418
409 426
409 754
409 500
410 683
410 532
410 946
410 725
410 479
411 609
411 776
411 811
411 558
411 590
411 543
412 984
412 667
412 931
413 610
413 996
413 466
413 875
413 866
414 868
414 929
414 523
414 632
415 808
415 463
415 761
415 477
416 687
416 760
416 633
416 666
417 771
417 421
417 966
417 845
417 594
418 575
419 865
419 739
419 804
419 490
419 689
419 695
420 784
420 715
420 940
420 563
420 828
421 710
421 678
421 545
421 551
421 620
421 593
421 893
422 929
422 611
422 520
422 655
422 656
422 693
423 834
423 742
423 614
423 717
423 434
423 501
423 953
423 676
423 795
424 646
424 559
424 456
424 822
424 660
424 538
425 946
425 427
425 974
426 556
426 495
426 856
426 655
426 926
427 994
427 707
427 453
427 487
427 436
427 635
427 991
428 512
428 705
428 487
428 844
428 463
428 442
428 476
429 448
429 838
429 479
429 511
429 730
429 732
430 550
430 823
430 893
430 913
430 754
430 535
430 572
430 477
430 926
431 604
431 978
431 996
431 628
432 741
432 771
432 984
432 997
433 741
433 744
433 841
433 562
433 541
433 670
434 931
434 868
434 742
434 970
434 909
434 952
434 730
435 772
435 454
435 810
435 595
435 773
435 758
435 964
435 634
436 865
436 549
436 903
436 589
436 817
436 632
437 931
437 644
437 977
437 632
438 802
438 579
438 548
438 730
438 834
438 526
438 893
438 857
438 572
438 930
439 744
439 908
439 469
439 443
440 839
440 657
440 826
440 506
441 519
441 956
441 815
441 913
441 919
441 666
442 545
442 674
442 727
443 682
443 567
443 730
444 895
444 656
444 561
444 596
444 669
444 517
445 801
445 616
445 970
445 749
445 718
445 561
446 801
446 716
446 589
446 973
446 502
446 603
447 696
447 798
448 768
448 741
448 558
448 781
448 627
448 631
448 660
448 637
449 741
449 967
449 858
449 634
450 486
450 552
450 554
450 971
450 902
451 681
451 855
451 560
451 849
451 725
451 674
451 575
452 546
452 859
452 486
452 808
452 489
452 684
452 846
452 495
452 668
452 957
453 513
453 518
453 673
453 590
453 948
454 520
454 782
454 925
454 700
454 861
455 544
455 737
455 679
455 650
455 811
455 978
455 871
456 736
456 504
456 646
456 631
456 788
456 668
457 864
457 739
457 519
457 814
457 658
457 500
457 597
457 839
458 544
458 805
458 998
458 785
458 497
458 504
458 479
459 612
459 641
459 560
459 695
459 859
459 700
459 861
460 672
460 652
460 804
460 650
460 781
460 494
460 888
460 658
460 468
460 597
461 768
461 993
461 845
461 670
461 575
461 864
461 511
462 483
462 612
462 776
462 476
462 509
463 872
463 692
463 524
464 545
464 583
464 656
464 818
464 980
464 567
465 955
465 846
465 978
465 531
465 601
465 730
466 483
466 837
466 885
467 539
467 626
467 728
467 666
468 699
468 582
468 948
468 841
468 592
468 500
468 985
468 852
469 569
469 495
469 593
469 815
469 765
470 587
470 813
470 942
470 925
470 473
470 730
470 573
471 733
471 851
471 573
472 996
472 780
472 944
472 730
473 935
473 891
474 609
474 547
474 636
475 960
475 706
475 870
475 981
476 653
476 899
477 931
477 644
477 549
477 636
477 912
477 850
477 499
477 910
477 540
477 925
478 644
478 871
478 683
478 910
478 596
478 538
478 731
478 858
479 523
479 716
479 565
479 859
480 577
480 868
480 552
480 648
480 498
480 793
481 611
482 864
482 961
482 483
482 675
482 694
482 787
483 579
483 901
483 972
483 620
483 658
483 559
483 720
483 706
483 799
483 880
483 824
483 735
484 653
484 742
485 554
485 491
485 781
485 782
485 733
485 887
485 790
485 855
486 677
486 680
486 738
486 592
486 872
486 979
486 638
487 646
487 979
487 782
488 679
488 653
488 655
489 676
489 518
489 716
489 688
489 917
489 664
490 994
490 773
490 650
490 523
490 888
490 753
490 849
491 712
491 532
491 796
492 669
492 815
492 579
492 933
492 714
492 557
492 739
492 655
493 936
493 560
493 947
493 536
494 504
494 756
494 813
495 771
495 822
495 824
495 861
495 670
496 776
496 594
496 602
496 671
497 873
497 811
497 628
497 953
497 991
498 618
498 556
498 797
500 992
500 806
500 917
500 605
500 862
500 991
501 770
501 593
501 680
501 590
501 899
501 984
501 765
501 702
502 898
502 963
502 556
502 632
502 832
503 769
503 909
503 890
503 798
504 809
504 759
504 606
504 694
505 994
505 507
505 678
505 518
505 649
505 563
505 629
505 635
506 807
506 661
506 886
507 930
507 973
507 526
507 664
508 711
508 585
509 998
509 798
509 632
510 578
510 743
510 937
510 728
511 828
511 860
511 713
511 588
511 798
511 984
511 639
511 668
511 542
512 929
512 867
512 518
512 716
512 978
512 884
513 801
513 845
513 599
514 643
514 651
514 912
514 823
514 728
515 588
515 593
516 998
516 946
516 914
516 798
516 858
517 930
517 836
518 738
518 812
518 759
518 620
518 657
518 629
518 585
519 591
519 633
519 847
520 992
520 555
520 996
520 935
520 621
520 909
520 945
520 887
520 596
520 926
521 835
521 840
521 524
521 589
521 886
521 957
522 835
522 836
522 965
522 904
522 585
522 536
523 610
523 655
523 788
523 798
523 570
524 586
524 913
524 566
524 682
524 629
525 642
525 583
525 682
525 587
525 628
525 823
525 826
526 950
526 744
526 593
526 611
527 774
527 744
527 653
527 911
527 659
527 861
528 864
528 779
528 722
528 852
528 757
529 705
529 642
529 714
529 982
529 887
530 546
530 643
530 801
530 564
530 663
530 826
531 865
531 875
531 940
531 662
531 997
532 709
532 806
532 568
533 966
533 967
533 979
533 824
533 761
533 990
534 661
535 608
535 822
535 987
536 578
536 659
536 730
536 796
537 549
537 564
537 891
537 924
538 608
538 913
538 679
538 652
538 594
538 792
538 575
538 736
539 737
539 954
539 732
539 986
539 990
539 927
540 771
540 946
540 571
540 956
541 552
541 860
541 830
541 919
542 592
543 898
543 707
543 743
543 654
543 804
544 565
545 833
545 742
545 712
545 970
545 940
545 689
545 859
545 830
546 771
546 685
546 634
546 898
547 644
547 741
547 710
547 932
547 867
547 922
548 921
548 959
548 639
549 806
549 669
549 818
549 920
549 955
550 871
550 754
550 857
550 639
551 961
551 816
551 693
551 794
551 766
553 978
553 808
553 925
553 683
553 754
553 847
553 797
554 748
554 684
554 938
554 588
554 589
554 986
554 787
554 767
555 866
555 910
555 951
556 678
556 809
556 654
556 852
556 618
556 661
557 673
557 879
557 682
557 591
557 725
557 719
558 609
558 694
558 664
558 608
558 916
559 864
559 871
559 913
559 863
560 864
560 678
560 972
561 640
561 772
561 820
561 566
561 760
562 912
562 798
563 807
563 686
563 881
563 795
563 892
564 584
564 808
564 983
564 888
564 602
564 988
564 858
565 640
565 779
565 751
565 829
566 961
566 690
566 947
566 822
567 898
567 827
567 619
567 653
567 719
567 596
568 900
568 907
568 812
568 659
568 596
569 654
569 979
569 694
569 855
570 822
571 675
571 711
571 819
571 760
572 736
572 599
572 703
573 880
573 789
574 964
574 653
574 784
574 850
574 723
574 697
574 633
575 589
575 880
575 739
575 918
575 636
576 691
576 636
577 967
577 906
577 932
577 765
578 896
578 777
578 590
578 593
578 851
579 924
579 593
579 757
579 890
579 639
580 803
580 717
580 911
580 628
580 859
581 930
581 872
581 649
581 933
582 930
582 932
582 710
583 610
583 646
583 620
583 764
583 946
584 769
584 871
584 684
584 661
584 951
585 774
585 810
586 932
586 886
586 658
586 626
587 647
587 784
587 657
587 920
587 953
587 785
587 989
588 866
588 742
588 967
588 716
588 975
588 712
588 916
588 631
588 665
589 854
589 782
589 698
590 910
590 946
590 851
591 897
591 717
591 839
591 661
591 665
591 719
592 786
592 654
592 921
592 690
593 676
593 922
593 925
593 963
594 663
594 767
595 628
596 907
596 723
596 916
596 598
596 761
596 703
597 968
597 642
597 717
597 601
597 922
597 859
598 899
598 714
598 851
598 948
599 996
599 933
599 673
599 860
599 796
599 640
600 609
600 910
600 756
600 633
601 678
601 614
601 761
601 724
601 987
602 743
602 648
602 905
602 887
602 628
602 665
603 613
603 786
603 756
603 820
603 821
604 648
604 849
604 882
604 948
605 866
605 934
605 917
606 772
606 777
606 845
606 881
606 815
607 737
607 915
608 676
608 716
608 754
608 852
609 709
609 906
609 724
610 939
610 677
610 976
610 636
611 866
611 828
611 764
611 811
611 694
611 636
612 907
612 740
612 965
612 934
612 819
612 732
612 894
613 614
613 931
614 800
614 842
614 748
614 892
615 886
615 767
616 755
616 822
617 808
617 796
618 945
618 941
618 883
618 713
618 798
619 674
619 691
619 885
619 927
620 969
621 802
621 839
621 845
621 627
622 640
622 868
622 656
623 768
623 645
623 971
623 881
624 961
624 710
624 714
624 690
624 799
625 853
626 995
626 650
626 717
626 721
626 658
626 860
626 735
627 804
627 685
627 774
627 833
627 845
627 830
628 741
628 629
628 632
628 895
629 845
629 816
629 916
629 894
629 821
630 652
631 974
632 769
632 958
632 713
632 921
632 755
632 633
633 664
634 683
634 969
634 941
635 914
635 792
635 883
636 714
636 760
637 772
637 937
638 976
638 819
638 981
639 704
639 838
639 890
640 760
640 912
641 643
641 781
641 759
641 849
641 948
642 952
642 726
642 663
642 760
642 689
642 957
643 651
644 769
644 964
644 871
644 707
644 732
644 949
645 681
645 977
645 905
645 970
646 962
646 838
646 905
646 759
646 767
647 724
647 727
648 905
648 874
649 928
649 912
649 778
650 744
650 909
650 914
650 894
651 992
651 987
651 702
652 756
652 922
653 962
654 810
654 913
655 803
655 942
655 724
655 693
655 985
655 948
655 668
656 772
656 798
657 662
658 978
658 847
659 952
660 866
660 805
661 962
661 712
661 670
662 672
662 928
662 883
662 991
663 782
663 955
663 894
664 679
664 787
664 935
664 824
665 678
665 999
665 826
666 704
666 898
666 683
666 846
666 975
667 738
668 932
668 755
668 815
668 819
669 994
669 764
670 950
670 880
670 822
670 787
671 903
671 874
672 928
672 876
672 781
672 787
672 792
672 826
672 925
673 719
674 741
674 678
674 714
674 731
675 936
675 996
676 867
676 694
676 887
676 957
677 704
677 837
677 872
677 749
677 948
677 686
678 934
678 719
678 787
678 692
680 840
680 944
680 884
680 957
681 842
681 811
681 698
682 941
682 982
682 925
682 862
683 705
683 932
683 759
684 994
684 967
684 879
684 688
684 900
684 794
685 792
686 902
686 701
687 880
687 787
687 702
688 838
688 981
689 775
689 925
690 869
690 993
690 812
690 868
691 945
691 777
691 988
692 969
692 954
692 734
693 763
694 972
694 879
694 821
695 793
696 872
696 845
697 807
697 718
697 975
697 824
697 954
698 706
698 710
698 787
699 803
699 741
699 967
699 919
699 942
699 912
699 995
699 759
699 804
699 794
700 708
700 813
701 928
702 929
702 811
702 787
702 956
703 704
703 963
704 738
704 742
704 976
705 930
705 718
705 798
706 711
706 744
706 923
707 927
707 893
708 901
708 914
708 976
709 842
710 873
711 770
711 966
711 971
711 717
711 877
711 712
712 727
713 975
713 895
713 956
714 880
714 870
714 845
714 820
714 802
716 802
716 885
716 768
717 849
718 841
718 813
718 926
719 802
719 844
720 778
721 944
721 803
721 804
721 809
722 739
722 932
722 745
722 988
722 829
723 832
723 967
724 806
725 814
726 984
726 823
727 744
728 800
728 801
728 899
728 970
728 815
728 978
728 820
729 737
730 783
730 803
730 824
730 856
730 761
730 831
731 814
731 804
732 943
732 977
732 982
733 937
733 983
733 904
734 992
734 741
734 903
734 889
734 862
735 743
735 999
735 785
735 791
735 829
736 966
736 817
736 907
736 757
738 910
738 974
738 981
739 758
739 799
740 982
741 823
742 936
742 850
742 947
743 778
743 887
743 984
743 796
744 956
745 994
745 838
745 879
745 953
746 841
747 949
747 822
748 957
749 825
750 906
750 783
750 955
750 925
751 826
751 975
751 808
751 797
751 894
752 992
752 940
752 907
753 999
754 962
754 877
755 928
755 911
755 933
755 823
755 855
755 886
756 872
756 917
756 957
757 928
757 834
757 775
757 819
757 857
758 865
758 839
758 970
758 997
759 879
759 920
759 882
760 843
760 917
761 885
761 894
762 893
763 853
763 906
764 900
764 847
764 808
764 917
764 920
765 874
765 877
766 783
766 850
766 860
766 989
766 927
767 979
768 787
768 853
768 901
769 820
770 934
770 954
771 801
771 983
771 823
771 825
772 790
772 791
772 954
772 882
772 860
773 926
774 872
774 971
774 814
774 995
775 962
775 934
775 909
776 912
776 929
776 858
777 963
777 962
777 954
777 884
777 922
777 795
778 959
778 927
779 864
779 838
779 825
779 981
780 955
781 933
782 887
782 886
782 890
783 973
784 993
784 955
784 912
785 961
785 875
785 805
788 810
789 873
789 856
789 831
790 869
791 978
792 933
792 852
792 888
793 988
794 804
794 956
796 994
796 877
796 821
797 998
797 859
799 884
801 953
801 825
802 968
802 860
803 974
804 971
805 842
806 846
806 989
806 861
807 992
807 813
807 830
808 874
808 857
809 896
809 961
810 990
811 883
811 985
813 894
813 818
813 914
814 893
815 928
816 867
816 900
817 867
817 910
818 884
818 981
819 955
819 872
819 876
820 958
820 823
821 948
822 859
824 840
824 889
825 939
825 870
825 918
825 956
825 863
826 992
826 986
827 995
828 896
828 984
830 857
832 933
833 906
834 843
835 946
835 901
837 914
838 964
838 882
838 905
838 996
838 969
839 866
839 972
842 979
842 847
843 847
843 887
844 899
844 905
844 978
844 895
846 920
848 907
848 876
848 895
850 947
852 859
854 887
855 870
855 925
855 979
857 966
859 943
860 894
861 904
862 933
862 970
863 976
864 988
867 934
868 874
869 978
869 952
870 901
870 939
870 953
871 989
871 983
871 984
871 893
872 917
873 888
874 905
874 877
874 981
875 940
875 910
875 995
876 914
877 939
877 976
877 989
878 998
878 908
878 923
878 957
879 898
882 944
882 991
884 965
885 936
885 906
885 894
886 931
887 971
888 899
888 968
889 966
889 974
890 939
890 988
892 939
892 948
893 961
893 958
894 984
895 936
895 916
896 942
896 911
897 957
898 990
901 989
905 995
905 912
906 927
906 918
907 943
912 993
912 917
913 983
913 989
917 983
918 986
919 923
921 977
924 995
926 940
927 962
928 972
930 980
934 979
936 959
936 989
938 977
942 946
943 989
943 952
944 984
945 969
946 979
948 955
949 995
949 975
949 952
950 987
953 976
957 963
962 980
963 978
965 991
974 984
976 998
976 977
