0 960
0 234
0 403
0 932
0 435
1 632
1 49
1 211
2 778
3 916
3 452
3 13
3 205
5 458
5 21
5 711
6 176
6 368
6 610
6 286
7 849
7 852
7 757
7 892
7 847
8 771
8 131
8 683
9 247
10 726
11 125
11 533
12 560
12 347
12 855
13 304
13 596
14 794
14 299
14 20
14 467
15 98
15 970
15 38
16 42
16 163
16 92
16 707
17 898
18 700
18 491
18 484
18 167
19 522
19 78
19 527
20 224
20 542
21 588
21 543
22 249
22 62
23 640
24 802
25 770
25 516
25 781
26 144
26 274
26 861
27 994
27 579
27 486
27 876
27 866
27 306
28 704
28 612
28 478
29 854
30 204
30 981
31 659
32 288
32 538
32 335
33 737
34 384
34 818
34 740
35 713
36 740
36 679
36 715
36 302
36 883
36 324
37 312
37 688
37 934
38 502
39 800
39 857
40 609
40 490
40 645
41 536
41 860
43 819
44 835
45 674
45 839
47 256
48 373
49 224
49 274
49 449
50 283
50 221
50 102
51 291
51 971
52 871
53 372
55 800
55 442
56 415
57 907
57 925
57 254
57 279
58 490
58 627
58 292
58 562
58 967
59 170
59 542
59 438
59 687
60 881
60 90
60 996
60 495
61 642
61 721
61 556
61 433
61 947
61 823
62 368
62 448
63 152
63 865
63 682
63 836
64 271
64 612
64 691
64 159
65 315
65 235
65 269
66 392
66 554
66 796
66 70
68 946
68 676
68 759
69 993
69 866
70 721
70 330
71 661
71 863
72 97
72 722
72 129
73 940
74 244
74 879
75 615
76 943
76 236
76 861
76 839
78 392
78 785
78 135
79 652
82 479
82 271
83 827
84 601
85 554
85 155
85 518
86 580
86 794
86 883
86 556
86 327
87 755
87 188
87 574
87 278
88 817
88 826
88 205
89 626
89 889
89 290
89 115
89 498
90 652
90 429
90 967
92 456
92 205
92 655
93 644
93 543
95 153
95 245
96 283
97 378
98 469
100 880
100 409
100 482
101 745
102 709
102 599
102 890
102 222
102 735
103 895
103 614
103 575
104 676
104 229
104 138
104 208
104 626
104 155
105 144
105 761
105 354
105 261
106 585
107 711
107 287
108 283
108 647
109 208
110 616
110 953
110 431
111 258
111 874
111 899
111 821
112 482
113 984
113 919
113 926
113 431
114 400
114 958
114 198
115 846
115 225
116 481
116 389
116 854
118 869
119 857
119 509
119 198
120 341
121 816
121 370
121 743
123 637
123 243
123 500
123 213
123 447
125 732
125 726
126 332
127 770
127 957
129 253
130 944
130 714
131 250
131 479
132 979
132 614
133 992
133 139
133 748
133 854
134 994
135 651
135 757
136 752
137 875
137 958
137 663
138 655
138 845
138 327
139 514
140 480
140 342
140 407
141 170
142 960
142 631
143 515
144 328
145 408
145 611
145 739
146 732
147 521
147 307
147 932
147 677
148 797
148 767
150 324
150 806
150 459
150 300
150 590
150 594
152 281
152 673
153 960
153 561
154 723
154 164
154 422
155 513
155 258
155 903
155 558
156 993
156 179
156 335
157 612
157 534
158 213
158 879
159 919
159 588
159 503
160 424
160 473
161 299
161 659
162 208
162 674
162 805
162 311
163 871
164 824
164 335
165 585
165 378
165 974
165 190
166 477
166 830
168 666
169 306
170 728
170 353
170 996
172 641
172 680
172 629
172 918
172 311
172 447
174 765
175 227
175 950
176 532
176 990
177 859
178 338
178 587
179 852
179 708
179 598
180 529
181 714
181 412
181 190
182 858
182 782
182 774
182 735
183 759
184 819
184 326
185 982
185 718
186 512
186 838
187 449
187 302
187 887
188 711
188 446
189 579
189 829
190 816
191 800
191 260
191 302
192 464
192 201
192 664
192 999
193 873
193 834
193 580
194 440
194 618
194 940
194 813
195 235
195 757
196 592
198 915
198 938
199 809
200 827
200 242
200 387
200 964
200 311
201 857
201 282
201 206
202 528
202 433
203 576
203 713
203 506
203 795
203 534
204 413
204 831
205 388
205 982
205 446
206 370
206 327
207 991
208 281
209 475
209 462
210 652
211 472
211 498
211 277
212 292
212 870
212 717
212 626
212 981
212 629
213 723
214 866
214 220
214 909
215 912
215 572
215 765
215 502
215 647
216 348
217 272
217 849
217 803
217 741
217 230
218 416
218 977
218 515
218 983
219 347
219 908
220 832
220 677
221 424
221 517
221 326
221 909
222 563
222 618
222 459
223 512
223 952
223 658
224 228
224 754
224 787
224 831
225 450
225 749
226 681
226 315
226 467
228 400
228 904
228 440
228 665
229 810
230 792
230 834
230 513
231 568
231 338
231 589
232 500
232 245
232 502
232 821
233 576
233 881
233 794
235 431
236 928
236 876
236 500
236 791
236 925
236 478
237 611
237 957
237 662
237 951
238 777
238 405
240 290
241 812
242 341
242 734
243 990
243 518
244 641
245 306
245 667
245 979
246 621
247 749
248 751
250 308
250 735
251 377
251 955
251 863
252 501
252 941
253 446
254 421
256 330
257 824
257 666
258 739
259 420
259 910
260 367
260 993
260 682
260 299
261 734
262 426
262 695
263 498
263 751
263 468
263 319
264 446
265 724
266 333
267 752
268 972
268 797
268 775
269 306
269 674
270 711
272 579
272 828
273 720
273 558
273 687
274 960
275 318
275 310
275 797
276 345
277 845
277 735
278 905
278 458
278 947
278 804
279 400
280 420
280 437
281 647
281 415
282 564
282 791
283 835
284 352
286 744
286 738
286 581
286 885
287 394
287 874
287 302
288 405
288 645
289 743
290 770
290 300
290 846
290 433
290 789
291 993
291 733
291 438
292 997
292 582
292 809
292 820
293 399
293 927
293 327
294 594
295 353
295 626
296 832
296 804
298 891
298 356
300 933
301 775
301 743
302 801
302 793
303 338
304 314
304 732
304 914
305 955
305 923
305 860
305 645
307 338
307 869
307 670
308 533
309 663
310 961
310 732
311 742
312 663
313 938
313 430
314 515
314 479
315 320
315 598
315 908
315 886
316 575
317 890
317 627
318 905
318 612
319 336
319 737
319 960
320 939
320 677
324 572
324 502
324 335
326 479
328 901
328 966
329 815
330 518
330 492
330 943
330 627
331 332
333 901
334 624
334 564
335 709
335 586
336 751
336 860
336 477
338 416
338 907
338 601
338 572
339 650
339 884
340 608
340 642
340 804
340 746
340 911
341 562
341 526
341 400
341 593
341 730
341 638
342 552
342 948
343 440
343 876
344 890
345 392
345 858
345 949
346 426
346 501
347 751
348 857
349 716
351 788
352 376
353 468
354 717
354 518
354 663
356 643
356 775
357 739
357 654
358 583
360 400
360 637
360 517
360 495
361 472
362 691
362 526
362 423
363 443
363 487
364 723
365 680
366 991
368 565
369 408
371 755
372 934
373 381
375 555
375 900
375 751
377 555
377 582
378 819
380 752
380 913
380 452
380 622
381 900
381 703
382 796
383 616
383 402
383 447
384 417
384 555
384 500
384 857
385 991
386 893
386 582
386 863
387 448
387 930
388 721
388 571
388 412
388 695
389 955
391 560
391 977
391 948
392 484
392 785
393 904
394 502
396 484
396 397
397 464
397 401
397 620
398 564
398 781
398 877
399 644
400 504
400 606
401 694
402 976
402 505
404 408
404 752
404 469
404 769
406 847
407 529
407 946
407 799
408 582
409 496
411 560
411 572
412 713
413 528
413 770
414 716
414 765
415 737
415 792
415 785
415 854
415 698
416 860
416 922
416 973
417 561
418 874
419 556
420 868
420 492
421 811
422 718
423 607
424 897
424 931
424 758
424 863
425 743
426 655
426 880
426 891
426 988
426 894
427 965
428 457
428 573
429 470
430 729
430 697
431 722
432 450
432 907
433 482
434 449
434 662
435 920
436 748
437 873
438 500
439 931
439 623
440 649
440 938
441 975
442 938
442 499
442 655
443 604
443 909
443 710
444 709
445 681
446 711
447 505
449 929
449 597
449 984
449 860
451 691
452 641
452 974
452 789
452 573
454 932
456 867
457 796
458 698
458 981
458 573
459 692
459 727
460 890
464 521
466 900
466 549
466 810
466 981
466 740
466 542
467 687
470 585
470 926
470 711
472 677
473 828
473 855
474 659
476 987
476 758
476 718
476 958
481 783
483 975
485 828
485 575
487 628
488 938
490 928
490 940
490 920
490 668
492 626
493 742
494 526
495 554
496 693
497 618
498 977
498 540
498 798
499 758
501 621
503 896
504 557
505 817
506 924
506 532
507 953
508 610
508 827
509 782
510 547
511 801
511 746
511 821
512 911
512 935
513 770
513 773
515 727
517 892
518 717
518 974
518 591
518 597
522 821
523 913
523 869
523 655
526 773
527 773
529 922
530 985
530 702
531 887
533 789
533 845
534 593
538 761
539 775
544 594
545 799
546 819
546 779
547 640
547 967
549 628
549 639
553 944
554 737
554 685
554 991
555 932
556 706
556 655
556 572
556 863
558 977
559 601
559 860
559 711
560 603
560 686
562 813
563 725
564 874
566 704
566 942
567 992
567 817
567 898
567 732
567 823
568 650
568 732
570 872
570 598
571 722
572 911
573 687
574 971
575 973
576 631
577 944
577 907
578 745
579 957
580 586
582 950
582 921
583 949
584 612
585 876
588 831
589 902
590 958
593 902
594 974
595 736
595 865
596 655
597 881
599 873
601 637
601 950
602 999
602 703
603 776
603 911
604 869
605 673
605 715
606 898
606 764
610 615
611 774
613 833
615 719
616 844
617 656
617 768
618 630
618 977
619 931
620 955
620 988
621 966
621 739
621 772
627 784
627 818
632 951
633 718
633 815
635 863
636 644
637 732
637 829
639 649
639 730
640 757
641 996
641 824
641 924
644 961
644 799
645 845
646 947
648 836
648 990
650 869
651 817
654 761
654 763
655 956
657 865
657 962
657 708
657 964
659 810
660 865
663 773
664 832
669 691
670 810
670 911
671 860
674 816
675 782
677 805
678 776
678 865
678 966
678 703
679 868
680 936
683 779
687 932
688 880
688 935
690 995
690 709
692 779
697 931
697 949
699 848
700 746
701 826
701 956
701 727
708 901
708 829
708 837
710 880
710 793
711 911
714 819
717 777
717 921
718 756
718 983
720 854
720 791
721 892
721 969
722 849
733 992
735 921
736 858
737 809
737 850
737 949
740 912
740 812
745 998
746 857
751 896
756 955
757 784
759 868
759 942
763 812
764 859
764 932
772 877
773 858
774 810
777 877
779 824
786 958
787 921
789 892
791 849
791 901
792 972
793 814
795 953
796 866
798 968
799 812
801 826
803 997
806 867
808 833
813 928
813 879
815 828
818 889
820 880
821 895
830 890
832 932
835 868
839 848
842 859
844 848
847 938
851 877
854 962
855 982
858 876
860 934
863 997
864 973
865 878
868 932
872 946
877 882
880 984
883 911
884 956
886 917
892 936
902 997
902 941
906 941
908 921
909 928
915 955
916 964
920 933
927 981
930 994
930 964
