0 464
0 412
0 565
0 878
1 463
1 335
2 240
2 473
2 355
2 606
3 896
3 998
3 118
4 801
5 737
5 836
5 773
5 392
5 653
5 973
5 80
5 81
5 638
6 621
7 864
7 69
7 734
8 422
8 711
8 778
8 851
8 472
8 570
9 576
9 872
9 618
9 783
9 223
10 355
10 804
10 237
10 879
10 305
10 798
11 197
11 454
11 553
11 274
11 373
11 279
11 955
12 75
12 364
12 294
12 963
13 864
13 65
13 962
13 677
13 449
13 275
13 436
13 760
14 546
14 675
14 531
14 212
14 21
14 982
15 195
15 201
15 107
15 269
15 557
15 626
15 570
15 316
15 990
16 536
16 178
17 960
17 393
17 350
17 625
18 289
18 60
18 629
18 526
18 191
19 698
19 486
20 288
20 193
20 547
20 620
20 492
20 49
21 854
21 38
21 944
21 756
21 917
21 502
22 472
23 736
23 843
23 418
23 835
23 557
24 393
24 916
24 524
24 953
24 641
25 777
25 739
25 733
26 816
26 460
26 438
27 296
27 828
27 173
27 230
27 301
28 377
28 74
28 382
29 132
29 591
29 880
29 882
29 728
29 495
30 37
30 614
30 617
30 910
30 434
30 852
30 60
30 318
31 896
31 786
31 509
31 126
31 271
32 417
32 258
32 978
32 841
33 388
33 714
33 283
33 172
33 719
34 385
34 809
35 128
35 345
35 667
35 460
35 728
36 130
36 739
36 459
36 684
36 239
36 531
36 572
37 248
37 351
37 79
38 794
38 763
39 545
39 987
39 484
39 459
39 334
39 784
39 530
39 374
39 536
39 571
40 925
40 106
40 77
40 847
40 209
40 218
40 829
41 226
41 681
41 537
41 730
41 699
41 798
41 671
42 417
42 573
42 486
43 256
43 464
43 450
43 752
43 678
44 512
44 68
44 785
44 565
44 183
44 894
45 640
45 696
45 400
45 280
45 372
45 213
45 184
45 825
46 221
46 454
47 904
47 748
47 492
48 259
48 807
48 909
48 749
48 333
48 659
48 175
49 799
49 917
49 697
49 187
49 789
50 91
50 188
50 963
50 607
51 98
51 743
51 778
51 203
51 206
51 573
51 469
51 89
51 794
51 541
52 960
52 820
52 242
52 364
52 126
53 130
53 772
53 775
53 887
53 82
53 804
53 536
53 185
53 895
54 681
54 330
54 163
54 427
55 384
55 593
55 664
55 419
55 142
56 265
56 987
56 836
57 129
57 674
57 483
57 87
57 301
57 750
57 343
57 728
58 184
58 961
58 751
58 694
58 583
59 266
59 914
59 600
59 634
59 700
59 766
60 349
60 692
60 950
60 377
60 346
60 284
60 122
61 230
61 969
61 208
61 689
61 473
61 185
62 750
63 612
63 530
63 92
64 842
64 421
65 870
65 454
66 281
66 886
67 876
67 611
67 468
67 947
67 326
68 961
68 947
68 283
68 861
69 200
69 395
69 876
69 560
69 506
69 287
70 152
70 209
70 716
70 816
70 135
71 133
71 478
71 213
72 521
72 490
72 300
72 272
72 282
72 382
73 696
73 791
73 707
73 772
73 759
74 364
74 108
74 117
74 920
74 441
74 251
75 583
75 360
75 873
75 685
75 462
75 207
75 744
75 179
75 783
75 979
75 319
76 834
76 930
76 848
76 535
76 505
76 703
77 896
77 849
77 686
77 104
77 564
77 952
78 224
78 930
78 971
78 327
78 427
78 781
78 403
78 276
78 438
78 216
78 959
78 191
79 706
79 326
79 617
79 714
79 107
80 336
80 490
80 724
80 879
81 100
81 295
81 299
81 213
81 504
81 345
82 191
83 764
84 257
84 962
84 374
84 230
84 837
85 194
85 188
85 822
85 702
86 193
86 887
86 500
86 213
86 847
87 924
87 967
87 692
87 679
88 794
88 427
88 132
89 998
89 327
89 298
89 403
89 273
89 723
89 728
89 698
89 350
90 346
90 179
90 548
90 853
90 406
91 114
91 940
91 492
91 210
91 629
91 189
92 296
92 539
92 251
93 984
93 919
93 205
93 333
94 320
94 217
94 500
94 190
94 663
95 165
95 585
95 204
95 337
95 952
95 442
96 593
96 290
96 759
96 782
96 207
97 400
97 673
97 957
97 158
97 639
98 675
98 837
98 671
99 896
99 575
100 320
100 226
100 987
100 548
100 364
100 347
101 448
101 137
101 472
101 158
101 857
102 385
102 907
102 680
102 331
102 803
102 476
103 163
103 227
105 953
105 381
105 957
106 361
106 685
106 109
106 787
106 502
106 575
107 803
107 136
107 333
107 756
108 288
108 162
108 295
108 875
108 866
108 938
108 661
108 402
108 309
108 701
108 415
109 576
109 156
109 782
110 665
110 577
110 819
110 832
110 183
111 920
111 938
112 391
112 840
112 216
112 857
112 122
112 445
113 377
113 782
113 947
113 614
113 470
114 394
114 909
114 526
114 879
114 337
114 595
114 174
114 855
114 924
115 578
115 908
115 877
115 755
115 247
115 186
116 529
116 319
116 922
116 155
116 540
116 735
117 640
117 547
117 618
117 274
117 286
117 767
118 386
118 556
118 528
118 661
118 415
118 479
119 905
119 845
120 609
120 165
120 521
120 722
120 405
120 822
121 993
121 139
121 356
122 625
122 280
122 309
122 216
123 374
123 703
124 898
124 788
124 181
124 782
124 223
125 570
125 331
125 133
125 930
126 899
126 645
126 364
126 569
126 602
126 223
127 753
127 661
127 929
128 262
128 873
128 618
128 437
128 473
129 163
129 791
130 357
130 425
130 463
130 351
131 704
131 517
131 358
131 743
131 678
131 430
131 239
131 310
131 965
131 189
131 447
132 952
132 294
133 193
133 332
133 623
133 311
134 480
135 450
135 811
135 421
135 427
135 877
135 245
135 280
136 742
136 150
137 464
137 155
137 403
137 597
138 576
138 977
139 609
139 355
139 769
139 947
139 347
139 383
140 417
140 146
140 364
140 190
141 182
141 207
141 563
141 310
141 824
141 543
142 496
142 770
142 694
143 684
143 676
143 331
143 652
143 687
144 410
144 691
144 660
144 558
145 852
146 474
146 821
146 909
147 608
148 305
148 330
148 187
148 612
149 560
149 657
149 681
150 712
150 572
150 430
150 278
151 843
151 527
151 210
151 727
151 827
151 191
152 883
152 243
152 764
152 677
153 616
153 489
153 314
153 798
153 254
154 392
154 337
154 821
154 857
154 837
155 672
155 769
155 555
155 201
155 413
156 734
156 617
156 510
157 249
157 967
157 263
158 256
158 388
158 327
158 232
158 366
159 699
159 837
159 566
159 999
160 840
160 369
160 362
160 238
161 648
161 601
161 794
161 607
162 224
162 317
162 694
163 672
163 167
163 925
164 480
164 788
164 708
165 539
165 397
165 975
166 482
166 362
166 951
166 472
166 825
166 350
167 496
167 938
167 550
168 409
168 403
168 380
169 561
169 322
169 483
169 253
169 934
170 780
170 219
170 564
170 427
170 335
171 456
171 602
171 459
171 484
171 398
173 677
173 198
173 745
173 364
173 205
173 398
173 669
174 449
174 880
174 775
174 559
174 400
175 288
175 440
176 536
176 896
177 544
177 644
177 806
178 792
178 802
178 420
178 977
179 456
179 788
179 998
180 240
180 750
181 480
181 896
182 200
182 642
183 898
183 363
183 912
183 369
184 579
184 246
185 943
185 932
185 598
186 760
186 571
186 554
187 450
187 314
187 383
187 671
188 973
188 782
188 824
188 667
189 959
189 425
189 547
189 419
189 663
189 474
189 639
190 596
190 538
190 531
191 419
191 903
191 988
191 591
191 437
191 215
191 924
192 968
192 618
192 965
193 832
193 433
193 626
194 480
194 516
194 265
194 596
194 954
194 405
195 453
195 334
195 467
195 989
195 446
196 992
196 898
196 883
196 876
196 241
196 851
196 824
196 763
197 643
197 805
197 241
197 952
197 698
197 924
198 608
198 422
198 872
198 461
198 720
198 406
198 218
199 385
199 573
200 449
200 484
200 365
200 655
200 357
201 995
202 384
202 345
202 528
202 639
203 547
203 836
203 501
203 344
203 698
203 477
204 994
204 237
204 666
204 379
204 540
205 978
205 586
205 263
206 393
206 758
207 836
207 927
207 463
207 564
207 341
207 886
207 655
207 917
208 800
208 353
208 705
208 689
208 498
208 600
208 668
208 849
208 927
209 546
209 589
209 558
209 632
209 539
211 940
211 244
211 278
212 989
213 228
213 901
213 262
213 808
213 563
213 920
215 675
215 327
215 269
215 823
215 952
216 640
216 738
217 610
217 335
217 919
217 314
217 863
218 538
218 709
219 423
219 745
219 819
219 841
219 857
220 945
220 475
221 912
221 369
221 762
221 231
222 472
222 481
222 488
223 832
223 578
223 868
223 758
223 474
224 517
224 332
224 546
224 371
224 407
224 605
225 837
225 327
225 497
225 307
225 597
225 283
225 350
226 322
226 302
226 809
226 410
227 776
227 928
227 564
227 933
228 560
228 622
228 245
229 272
229 771
230 898
230 483
230 581
230 712
230 241
230 338
230 951
230 732
230 510
231 917
232 292
232 459
232 242
232 281
232 666
232 571
233 874
234 411
234 686
234 350
234 615
235 835
235 901
235 809
235 340
235 405
235 485
236 545
236 323
236 584
236 483
236 980
236 441
236 794
236 348
236 797
236 606
237 640
237 547
237 677
237 936
237 654
237 527
237 659
237 376
237 797
238 505
238 570
238 366
238 513
239 741
239 817
239 818
239 599
239 900
240 619
240 626
240 469
240 830
241 547
241 774
241 995
241 602
241 607
242 668
242 663
243 520
243 354
243 744
243 530
244 860
244 731
244 967
245 256
245 731
245 498
245 532
245 501
245 475
245 575
246 704
246 519
246 789
246 793
246 601
247 593
247 818
247 324
248 617
248 977
249 672
249 519
249 296
249 809
249 624
249 424
249 312
250 544
250 332
250 557
251 778
251 711
251 680
251 531
251 701
252 280
252 520
252 436
252 841
253 609
253 710
253 875
253 978
253 533
253 889
254 920
254 743
254 693
254 417
255 985
255 682
256 321
256 687
256 920
256 499
256 628
256 632
256 633
257 364
257 567
258 653
259 282
259 579
259 348
259 658
260 769
260 758
260 383
261 984
261 857
261 747
262 320
262 453
262 480
262 799
263 679
263 728
263 658
263 630
263 440
263 958
264 704
264 609
264 875
264 499
264 563
264 531
264 278
264 719
265 400
265 923
265 705
266 952
266 443
266 437
266 878
267 307
267 990
268 601
268 477
268 990
268 685
269 864
269 797
269 329
269 629
269 285
269 639
270 794
271 738
271 585
271 500
271 830
271 344
271 927
271 286
272 388
272 466
272 728
272 378
272 509
272 543
273 998
274 551
274 941
274 853
274 986
274 606
275 803
275 996
275 686
275 526
275 445
276 824
276 429
277 882
277 797
278 430
278 948
278 891
278 636
279 875
279 417
279 451
279 559
280 934
280 789
281 572
281 324
282 641
282 332
282 411
282 701
282 638
283 738
283 391
283 719
283 565
284 385
284 738
284 828
284 553
284 684
284 521
285 800
285 740
285 555
285 525
285 669
286 594
286 787
286 622
287 576
287 354
287 586
287 437
287 663
287 958
288 992
288 804
288 691
288 828
289 369
289 820
290 934
290 714
290 621
290 529
290 437
290 758
290 634
290 444
291 459
291 659
291 350
292 528
292 801
292 744
292 799
293 761
293 671
294 944
294 841
295 664
295 363
295 846
295 824
295 885
295 440
295 537
295 906
296 941
296 953
297 496
297 307
298 886
298 582
298 599
299 795
299 523
299 963
299 513
300 547
301 664
302 976
302 321
302 377
303 361
303 414
303 487
304 314
304 374
305 626
305 363
305 509
306 674
306 657
306 659
306 980
306 918
306 828
306 477
307 565
308 611
308 839
308 619
308 387
308 854
308 954
308 477
308 894
309 874
309 709
310 905
310 654
310 953
311 888
311 638
312 386
312 836
312 648
312 796
312 586
312 459
312 528
312 633
312 316
313 700
313 862
314 901
314 518
314 487
314 943
315 762
315 877
316 999
316 624
316 344
316 606
318 521
318 833
319 531
320 512
320 386
320 839
320 556
321 964
321 749
321 594
321 379
322 622
323 473
323 699
323 949
323 997
324 615
324 330
324 657
324 535
324 538
326 631
326 469
327 544
327 657
327 536
328 602
328 974
328 966
328 847
329 645
329 449
329 820
329 391
330 800
330 389
330 365
330 373
330 950
330 761
332 416
332 739
332 455
332 457
332 490
332 374
333 612
333 488
333 884
334 658
334 991
335 458
335 914
335 362
336 772
336 540
336 844
336 804
337 488
337 885
337 410
338 864
338 594
339 734
339 586
339 419
339 662
339 494
340 834
341 487
341 820
341 477
342 601
343 515
343 948
344 977
344 782
345 929
345 688
345 722
345 985
345 377
346 598
346 398
346 935
347 690
347 662
347 575
348 904
348 580
348 811
349 900
349 366
349 435
349 470
349 471
349 667
350 967
351 867
351 869
351 879
351 483
351 789
352 939
352 615
353 552
353 749
353 950
353 983
353 511
354 757
354 475
355 845
355 442
356 868
356 934
358 676
358 707
359 393
359 535
359 383
360 561
360 918
360 414
360 759
361 369
361 793
361 804
362 806
362 807
362 779
362 824
362 953
362 413
362 895
363 739
363 870
363 943
363 976
363 862
364 481
364 871
364 976
364 865
365 695
366 862
366 838
366 494
366 562
366 500
367 880
367 709
367 693
367 503
368 990
368 607
369 419
369 455
369 519
369 524
369 910
370 827
370 615
370 916
370 727
370 575
371 400
371 372
371 639
372 419
372 500
372 591
373 877
374 795
374 596
374 509
375 417
375 452
375 708
375 655
376 909
376 529
376 756
376 455
377 456
377 524
377 840
377 724
377 558
378 561
378 821
380 594
380 862
380 647
381 544
381 616
381 457
382 598
383 648
383 559
383 478
384 774
384 812
384 786
384 851
384 788
385 496
385 432
386 678
386 588
386 685
386 535
386 857
386 954
387 890
387 957
388 420
388 659
388 772
388 956
388 947
389 955
389 596
389 746
389 558
390 569
390 923
390 750
390 630
391 662
392 779
393 965
393 554
393 855
394 848
394 953
394 787
394 666
396 743
396 713
396 903
396 981
396 697
396 762
396 507
397 829
398 481
398 903
398 975
398 891
398 988
399 873
399 771
399 525
399 511
400 417
400 407
401 799
401 764
401 759
401 436
401 503
402 664
402 865
402 522
403 908
403 751
403 951
403 536
403 479
404 971
404 758
404 478
404 535
405 673
405 689
405 818
405 540
406 881
406 829
407 433
408 756
408 818
408 651
408 652
409 577
409 829
409 737
410 722
410 905
411 811
411 626
411 565
411 603
411 894
411 895
412 882
412 543
413 751
414 689
414 912
414 954
415 856
415 615
416 864
416 780
416 851
416 798
416 767
417 878
418 801
418 839
418 484
419 771
419 814
420 513
421 848
421 612
421 746
421 528
422 458
422 647
423 482
423 613
423 592
423 817
423 562
424 750
424 566
424 593
425 771
425 992
425 595
426 705
426 616
426 811
426 975
426 538
426 783
427 495
427 591
427 956
428 448
428 496
428 794
428 710
428 832
430 770
430 998
430 583
430 489
430 585
430 997
431 952
431 644
432 941
433 454
434 635
434 822
435 754
435 770
436 960
436 999
436 944
436 927
437 493
438 448
438 676
438 748
438 560
439 949
440 674
440 520
440 829
442 710
442 556
442 848
442 821
443 651
444 569
444 975
445 992
445 844
445 661
446 552
446 873
446 794
446 814
447 699
447 797
448 802
448 623
449 868
449 588
449 624
449 958
450 611
450 678
450 529
451 820
451 452
451 869
451 518
452 536
452 875
452 682
454 649
454 885
454 535
454 765
455 886
455 471
455 953
455 700
455 893
456 837
456 809
456 561
457 610
457 675
457 715
457 556
457 791
458 653
458 513
458 613
459 802
459 630
460 792
460 843
461 968
461 562
461 763
461 517
462 851
462 659
462 757
463 483
463 966
463 860
465 666
465 573
465 823
466 827
466 509
466 726
467 580
467 572
468 478
469 504
470 981
471 895
471 580
472 891
472 831
473 541
473 567
474 704
474 668
475 615
476 568
476 812
476 845
476 519
477 864
477 493
477 926
478 992
478 644
478 996
479 652
479 845
479 903
480 808
480 651
480 591
480 507
481 952
481 866
482 651
483 836
483 849
483 542
484 936
485 646
485 621
485 630
485 985
485 638
486 676
487 970
487 683
487 529
488 554
488 946
488 502
489 804
489 809
489 723
489 979
490 602
490 715
491 904
491 687
492 835
493 890
494 816
494 912
494 820
495 558
496 717
496 809
496 698
497 842
497 943
497 613
497 655
498 941
498 630
498 679
499 760
499 917
500 707
501 609
502 714
502 618
502 595
503 786
503 889
504 694
504 969
506 932
506 746
506 692
507 901
507 586
507 817
507 955
507 732
508 978
508 763
508 780
508 709
509 753
510 836
510 850
511 961
511 619
512 897
512 715
512 702
513 694
513 635
514 649
514 721
515 937
515 701
515 686
516 828
516 974
516 958
516 935
517 561
517 837
520 963
520 903
520 593
521 597
522 744
525 570
525 551
526 609
526 540
527 888
527 699
527 604
528 541
529 713
530 648
530 555
530 941
530 600
530 915
531 997
532 743
533 983
533 975
534 745
534 540
535 647
535 701
536 939
536 776
536 594
538 841
538 788
539 690
539 788
539 821
540 609
540 734
540 789
541 648
541 909
541 766
542 797
542 574
542 559
543 604
544 579
544 644
544 970
544 878
545 824
545 698
546 721
546 700
546 733
548 867
549 579
549 644
550 904
551 841
551 783
552 690
552 855
552 569
553 611
553 800
553 944
554 642
555 961
555 812
555 789
555 568
556 611
556 647
556 817
557 977
557 629
558 786
559 602
560 750
560 883
560 868
560 638
561 776
563 802
563 934
563 915
564 686
565 761
565 861
566 738
567 690
567 628
568 990
569 720
570 836
570 957
570 885
571 742
571 877
571 763
572 587
572 889
573 595
574 926
576 848
577 995
577 679
577 746
577 914
578 737
578 678
578 806
578 971
578 717
578 997
578 862
580 911
580 600
580 604
580 947
581 720
581 894
582 819
582 794
582 949
583 952
583 754
584 881
584 627
584 974
584 726
585 868
585 701
586 928
586 658
586 601
587 715
587 783
587 662
587 919
587 632
588 627
589 832
589 694
590 793
591 811
591 845
591 911
592 778
593 849
594 952
594 663
595 937
596 954
596 989
597 653
599 991
600 833
600 909
600 925
601 819
602 633
603 665
603 730
603 901
605 634
605 876
606 771
606 674
607 811
607 754
607 783
609 615
609 763
610 628
611 812
611 876
613 939
613 662
613 889
615 730
616 631
616 794
616 989
617 705
617 713
617 699
618 993
619 901
619 860
619 702
620 915
620 629
621 904
623 967
623 709
624 991
624 917
625 961
625 724
625 681
626 714
626 988
627 853
627 679
628 673
629 948
630 692
631 826
631 854
631 853
633 755
633 816
634 929
634 955
634 766
635 853
636 875
636 727
637 640
637 967
638 779
638 657
638 917
639 644
639 839
640 813
642 976
643 755
643 700
643 765
644 851
644 884
645 914
647 759
648 809
648 848
649 729
649 887
650 701
652 791
653 950
654 666
654 847
654 789
656 889
656 794
656 718
656 969
657 739
657 965
657 693
657 831
658 964
658 713
658 699
659 901
659 771
659 671
660 712
660 802
660 815
662 684
662 941
662 977
662 756
662 893
663 918
664 868
665 878
666 995
666 786
666 851
667 847
668 820
668 846
669 942
670 981
671 839
671 795
672 824
672 950
673 842
673 889
674 914
674 920
674 923
676 776
676 702
676 766
677 768
677 837
677 875
677 895
679 973
680 785
681 821
681 796
682 731
683 896
683 929
683 901
683 844
683 788
684 685
684 821
685 749
685 893
685 863
686 770
686 798
687 809
687 978
688 947
689 964
689 691
689 982
690 846
691 912
691 866
691 862
692 719
693 840
694 939
694 957
694 959
696 783
697 768
697 931
698 739
698 967
698 881
699 930
700 866
700 867
702 898
702 718
702 943
702 721
703 799
704 969
704 881
706 840
706 977
706 917
707 971
707 990
708 976
708 945
708 954
709 736
709 879
709 752
712 976
715 888
715 953
716 786
717 981
718 916
719 995
720 898
720 925
720 741
721 820
722 985
722 727
724 924
725 995
725 934
728 938
728 839
728 995
729 871
730 828
731 911
732 828
734 924
735 841
736 758
737 841
737 829
738 835
738 955
739 954
741 760
741 771
742 936
742 829
743 812
743 858
744 982
745 844
745 846
745 984
746 751
747 924
749 774
750 941
750 822
750 794
751 996
752 982
752 974
753 781
754 832
754 906
755 878
755 841
757 995
757 861
758 789
758 886
759 790
759 924
760 930
760 986
761 807
761 811
761 973
761 952
762 865
765 899
766 891
766 813
766 852
767 957
770 870
771 964
772 993
772 968
773 811
773 987
773 775
774 954
778 916
779 824
779 921
780 984
781 982
782 999
784 941
785 941
785 997
787 996
787 804
788 825
788 893
789 970
791 877
792 984
792 966
792 814
795 853
796 881
797 902
797 921
799 938
799 950
800 834
800 820
801 921
803 899
803 990
804 960
805 880
805 909
808 976
810 932
811 990
812 995
813 888
813 977
813 967
817 951
818 974
820 964
820 881
820 860
820 944
820 990
821 933
821 940
822 894
823 933
825 930
825 996
825 945
825 830
826 923
826 948
826 909
830 991
831 910
832 902
834 842
834 953
835 873
836 894
837 991
838 928
842 971
842 848
842 956
843 889
843 964
844 939
845 945
848 904
849 911
852 963
852 949
853 883
855 997
856 930
856 959
856 971
859 908
861 968
862 976
862 990
866 972
866 914
867 976
868 958
872 980
872 908
872 925
877 990
877 995
879 917
879 919
880 908
881 931
885 902
895 912
897 970
897 949
898 936
898 974
899 914
900 925
902 980
903 944
905 968
909 972
909 979
910 913
910 966
913 965
918 971
925 995
927 928
927 940
927 979
934 954
944 976
945 989
945 991
950 995
953 964
963 998
973 997
985 990
