0 921
0 76
0 669
0 391
1 512
1 935
1 151
1 428
1 621
1 558
1 180
1 758
1 279
1 119
2 576
2 865
2 642
2 69
2 232
2 42
2 843
2 750
2 144
2 561
2 531
2 95
3 310
3 839
3 105
3 238
3 529
3 437
3 758
3 857
3 890
3 892
4 784
4 889
4 788
4 990
4 350
5 35
5 198
5 813
5 206
5 975
5 483
5 950
5 183
6 615
6 231
6 113
6 788
6 281
6 90
6 506
7 961
7 738
7 227
7 815
7 825
7 47
8 122
8 61
8 317
9 162
9 324
9 790
9 578
9 655
9 690
9 708
9 342
9 439
9 164
9 831
10 832
10 642
10 931
10 778
10 107
10 885
10 955
11 128
11 450
11 43
11 140
11 850
11 788
12 736
12 896
12 355
12 236
12 300
12 253
12 921
12 473
12 669
12 895
13 899
13 810
13 686
13 61
13 979
13 29
14 225
14 386
14 875
14 420
14 69
14 710
14 449
14 874
14 235
14 866
14 564
15 995
15 684
15 624
15 977
15 441
15 602
16 128
16 904
16 877
16 114
16 116
16 89
16 922
16 27
16 828
16 638
17 194
17 259
17 840
17 813
17 114
17 180
18 392
18 942
18 433
18 181
18 473
18 730
18 59
19 658
19 147
19 527
20 86
20 167
20 426
20 557
20 781
20 342
21 321
21 738
21 357
21 385
21 104
21 301
21 790
21 983
21 985
21 862
22 100
22 713
22 491
22 302
22 793
22 379
22 479
23 99
23 585
23 298
23 498
23 950
23 567
23 122
23 890
24 67
24 68
24 712
24 202
24 331
24 558
24 872
24 29
25 645
25 456
25 399
25 144
25 212
25 117
25 918
25 663
25 216
25 249
25 379
25 253
26 226
26 456
26 713
26 370
26 687
26 240
26 210
26 85
26 277
27 225
27 108
27 303
27 660
27 213
27 375
27 827
27 862
27 543
28 705
28 964
28 324
28 29
28 679
29 577
29 772
29 685
29 424
29 143
29 821
29 118
30 628
30 186
30 919
30 468
30 519
31 840
31 362
31 37
32 131
32 484
32 758
32 166
32 846
32 470
32 636
33 243
33 238
33 368
33 722
33 371
33 790
33 799
34 627
34 672
34 452
34 518
34 330
34 747
34 556
34 275
34 148
34 245
34 442
34 989
34 799
35 288
35 816
35 290
35 156
35 139
35 940
35 815
35 784
35 755
35 901
35 508
35 607
36 122
36 299
36 462
37 704
37 650
37 972
37 494
37 368
37 595
37 920
38 96
38 104
38 923
38 309
39 425
39 246
40 419
40 68
40 886
40 364
40 54
40 154
40 60
40 541
41 928
41 814
41 116
41 558
41 891
41 126
42 673
42 833
42 267
42 718
42 209
42 946
42 313
42 442
42 606
43 865
43 905
43 843
43 879
43 208
43 377
44 896
44 122
44 557
44 637
45 827
45 164
45 203
45 149
45 825
45 537
45 187
45 924
46 768
46 385
46 327
46 490
46 363
46 237
46 752
46 471
47 51
47 740
47 266
47 289
47 464
47 210
47 115
47 631
47 891
47 882
47 62
48 272
48 267
48 647
49 673
49 804
49 358
49 428
49 208
49 849
49 179
49 599
49 350
50 482
50 355
50 197
50 331
50 987
50 468
50 564
50 539
50 188
51 161
51 455
51 904
51 234
51 75
51 983
51 426
52 512
52 393
52 491
52 940
52 526
52 719
52 694
52 631
53 97
53 197
53 614
53 721
53 365
53 718
53 433
53 307
53 662
53 934
53 152
53 350
54 293
54 135
54 714
54 878
54 625
54 895
55 482
55 933
55 870
55 232
55 674
55 340
55 732
56 256
56 617
56 876
56 661
56 630
56 443
57 512
57 550
57 778
57 493
57 143
57 823
58 679
58 809
58 402
58 496
58 274
58 179
58 756
58 851
58 415
59 480
59 129
59 966
59 176
59 951
59 216
60 618
60 748
60 433
60 923
60 252
60 906
61 643
61 780
61 173
61 712
61 888
61 953
61 863
62 848
62 816
62 66
62 334
62 272
62 817
62 984
62 629
62 632
62 410
62 315
62 666
63 752
63 454
63 327
63 368
63 755
63 885
63 375
63 121
63 158
64 961
64 450
64 452
64 327
64 749
64 430
64 215
64 666
64 986
65 97
65 387
65 583
65 107
65 141
65 525
65 755
65 661
65 825
65 541
66 641
66 628
66 910
67 192
67 259
67 206
67 244
67 980
67 638
67 159
68 520
68 167
68 423
68 825
68 398
68 687
68 145
68 372
68 561
68 89
68 249
68 264
69 486
69 977
69 337
69 914
69 534
69 217
70 764
70 716
70 413
70 262
70 999
71 768
71 740
71 487
71 616
71 651
71 812
71 465
71 632
71 699
71 956
72 952
72 803
72 956
72 533
73 132
73 709
73 649
73 493
73 558
73 272
73 344
73 627
73 502
73 120
73 772
73 126
74 258
74 836
74 613
74 486
74 624
74 660
74 87
74 442
74 540
74 893
74 830
74 927
75 331
75 176
75 785
75 724
75 186
76 224
76 454
76 840
76 363
76 590
76 335
76 147
76 382
77 517
77 778
77 304
77 625
77 597
77 118
78 291
78 227
78 137
78 494
78 147
78 892
78 189
79 152
79 297
79 276
79 710
79 840
80 739
80 100
80 741
80 991
80 682
80 109
80 461
80 661
80 791
80 187
80 965
81 130
81 173
81 302
81 212
81 791
81 733
82 216
82 728
82 643
82 725
83 272
83 221
83 430
84 802
84 647
84 140
84 332
84 846
84 400
84 156
85 592
85 742
85 208
85 180
85 446
86 939
86 745
86 267
86 946
86 342
86 345
86 602
86 991
86 255
87 450
87 227
87 292
87 325
87 361
87 527
87 595
87 276
87 792
87 762
88 402
88 671
88 877
88 450
88 239
89 969
89 506
89 959
90 865
90 293
90 589
91 996
91 498
91 303
91 242
91 532
91 376
91 121
91 828
91 446
92 401
92 114
92 219
92 814
92 518
93 166
93 721
93 908
93 173
93 529
93 120
94 104
94 920
94 928
94 860
94 335
95 841
95 654
95 467
95 666
95 378
95 639
96 231
96 558
96 467
96 471
96 315
97 642
97 292
97 429
97 302
97 141
97 920
98 994
98 579
98 496
98 278
98 985
98 345
98 894
99 420
99 198
99 388
99 856
99 979
99 788
99 121
99 664
99 409
99 893
100 228
100 653
100 941
100 572
100 413
101 164
101 263
101 307
101 469
101 216
101 542
102 902
102 334
102 687
102 501
102 793
102 281
102 318
102 799
103 544
103 771
103 517
103 934
103 231
103 106
103 551
103 430
103 247
103 760
103 347
103 284
104 641
104 552
104 140
104 853
104 342
104 382
105 608
105 294
105 935
105 108
105 816
105 210
105 227
105 436
106 996
106 773
106 424
106 460
106 717
106 401
106 220
106 415
107 451
107 613
107 422
107 961
107 524
107 118
107 317
107 159
108 450
108 547
108 645
108 175
108 503
108 348
109 560
109 675
109 933
109 977
109 355
109 149
109 670
110 264
110 235
110 206
110 505
110 442
110 735
111 202
111 113
111 638
111 183
111 760
111 217
111 538
111 349
111 318
112 714
112 843
112 126
112 749
112 565
112 342
112 638
112 405
113 736
113 194
113 872
113 297
113 363
113 305
113 627
113 313
113 699
114 240
114 700
114 380
114 846
114 563
114 920
115 824
115 354
115 676
115 442
116 961
116 930
116 456
116 461
116 441
117 417
117 485
117 875
117 397
117 592
117 725
117 346
117 415
118 704
118 513
118 650
118 856
118 696
119 901
119 897
119 556
119 958
119 918
119 638
119 613
120 742
121 223
121 755
121 735
121 414
121 159
122 176
122 149
122 794
122 861
122 639
123 745
123 586
123 268
123 430
123 127
123 639
124 769
124 841
124 234
124 505
124 700
124 927
125 648
125 377
125 532
125 237
125 279
126 480
126 744
126 397
126 143
126 151
126 763
126 382
127 987
127 330
127 621
127 590
127 302
127 950
128 963
128 524
128 719
128 217
128 271
129 501
130 226
130 678
130 817
130 664
130 399
130 280
130 668
131 263
131 655
131 821
131 188
131 254
132 326
132 650
132 527
132 434
132 853
132 665
132 575
133 290
133 549
133 717
133 372
133 699
133 732
134 969
134 469
134 367
134 436
134 501
134 408
134 911
134 703
135 743
135 477
135 621
136 744
136 625
136 877
137 676
137 967
137 880
137 534
137 697
137 347
137 964
138 936
138 424
138 746
138 616
138 403
138 697
138 410
138 915
139 997
139 970
139 560
139 849
139 181
139 502
139 219
140 747
140 997
140 566
141 518
141 874
141 955
141 702
142 811
142 872
142 778
142 651
142 876
142 724
142 756
142 278
142 276
142 538
142 795
143 448
143 290
143 517
143 326
143 456
143 937
143 678
143 208
143 710
143 798
143 872
143 719
143 767
144 578
144 175
144 531
144 282
144 155
144 218
144 991
145 713
145 635
145 366
146 928
146 169
146 810
146 355
146 356
147 688
147 194
147 452
147 491
147 207
147 304
147 273
147 718
147 310
147 188
148 289
148 325
148 492
148 322
148 493
148 694
148 568
148 220
148 285
149 289
149 644
149 902
149 810
149 883
149 436
149 676
149 906
150 627
150 467
150 476
150 685
150 943
151 516
151 229
151 518
151 775
151 652
151 710
151 594
151 729
151 645
152 224
152 768
152 452
152 488
152 204
152 245
152 885
152 344
152 571
153 256
153 769
153 995
153 965
153 441
153 922
154 709
154 170
154 338
154 853
154 858
154 221
154 607
155 480
155 240
155 965
155 874
155 884
155 760
156 850
156 389
156 455
157 411
157 844
157 709
157 399
158 928
158 387
158 645
158 870
158 714
158 696
158 601
158 412
159 234
159 205
159 529
159 734
160 706
160 834
161 449
161 963
161 200
161 621
161 348
161 701
161 510
162 720
162 906
162 301
162 493
162 208
162 499
162 951
162 568
162 670
163 283
163 397
163 222
163 535
164 192
164 264
164 178
164 969
164 440
164 530
164 447
165 513
165 354
165 614
165 777
165 567
165 176
165 241
165 436
165 183
165 952
165 798
166 513
166 611
166 341
166 182
166 798
167 677
167 614
167 360
167 909
167 209
167 631
167 219
168 216
168 328
168 917
168 742
168 777
169 873
169 340
169 216
169 443
169 348
170 435
170 460
170 674
170 499
171 677
171 311
171 658
171 949
171 631
171 504
171 893
171 542
172 291
172 583
172 618
172 743
172 460
172 878
172 434
172 670
173 537
173 310
173 343
173 345
173 764
174 321
174 708
174 966
174 201
174 758
174 507
175 323
175 615
175 306
175 739
175 886
176 867
176 804
176 582
176 584
176 719
176 752
176 788
176 694
176 855
177 320
177 560
177 903
177 518
177 665
178 228
178 934
178 844
178 469
178 601
178 184
178 900
178 603
179 224
179 997
179 652
179 462
179 847
179 238
179 950
179 791
179 795
180 778
180 907
180 819
180 502
180 602
180 700
180 285
181 720
181 907
181 846
181 528
181 571
181 348
182 641
182 621
182 466
182 243
182 883
182 541
183 880
183 978
183 729
183 925
184 808
184 909
184 308
184 408
184 607
185 963
185 894
186 259
186 938
186 971
186 336
186 661
186 731
187 803
187 967
187 523
187 246
187 728
188 202
188 306
188 340
188 919
188 763
188 586
188 415
189 701
189 657
189 855
189 379
189 253
190 610
190 835
190 205
190 814
190 604
190 958
191 491
191 996
191 486
191 328
191 587
191 435
191 600
192 611
192 647
192 748
192 604
192 735
193 864
193 353
193 848
193 564
193 504
193 540
194 389
194 358
194 712
194 587
194 660
194 701
195 528
195 196
195 791
195 432
195 564
195 665
195 505
196 688
196 229
196 432
196 899
196 825
196 541
197 393
197 691
197 268
197 243
197 411
197 220
197 981
198 322
198 294
198 650
198 963
198 632
199 290
199 969
199 431
199 401
199 297
199 798
200 645
200 488
200 650
200 620
200 333
200 872
200 562
200 728
200 345
200 731
201 298
201 523
201 369
201 891
201 348
201 893
202 855
202 543
203 817
203 662
203 213
204 385
204 291
204 711
204 712
204 490
204 987
204 437
204 443
204 350
205 301
205 783
205 947
205 724
205 760
205 761
205 411
205 317
206 273
206 868
207 322
207 714
207 844
207 306
207 636
207 938
208 487
208 338
208 858
208 381
209 579
209 581
209 678
209 456
209 585
209 331
209 957
209 911
209 881
209 935
209 893
210 431
210 805
211 698
211 604
211 741
212 330
212 479
213 746
213 399
213 659
213 734
214 929
214 805
214 521
214 843
214 594
214 373
214 924
214 253
214 862
214 901
215 292
215 554
215 560
215 275
215 964
215 637
216 449
216 240
216 471
216 248
217 320
217 515
217 550
217 513
217 296
217 779
217 781
217 367
217 963
217 566
217 858
218 842
218 798
218 462
219 683
219 484
219 238
219 495
220 263
220 301
220 305
220 565
221 868
221 814
221 688
221 917
221 377
221 345
221 798
221 255
222 419
222 746
222 687
222 277
222 502
222 759
222 344
222 541
222 469
223 260
223 781
223 623
223 921
223 284
223 253
223 605
224 354
224 999
224 338
224 435
224 564
224 439
224 763
224 924
224 862
225 427
225 456
225 651
225 941
225 734
225 542
226 931
226 263
226 525
226 243
226 505
226 667
226 767
227 782
227 455
227 363
227 238
227 474
228 409
228 628
228 591
229 672
229 324
229 710
229 623
229 567
229 287
230 337
230 378
230 821
230 998
230 585
231 288
231 836
231 265
231 908
231 441
231 704
232 385
232 967
233 809
233 652
233 590
233 431
233 307
233 916
234 608
234 807
234 968
234 780
234 786
234 703
235 834
235 805
235 359
235 425
235 495
235 342
235 794
235 509
235 863
236 803
236 261
236 294
236 906
236 614
236 398
236 625
236 600
236 570
236 669
237 808
237 968
237 663
237 922
237 411
237 765
238 582
238 425
238 679
238 750
238 976
238 873
238 953
238 666
238 573
239 451
239 453
239 486
239 363
239 611
239 317
239 286
240 423
240 456
240 601
241 296
241 393
241 972
241 694
241 969
242 835
242 646
242 859
242 685
242 752
242 883
242 885
242 694
243 266
243 491
243 594
243 274
243 531
243 884
243 469
243 407
243 766
244 722
244 532
244 814
245 259
245 358
245 399
245 407
245 348
246 420
246 811
246 337
246 948
246 956
247 354
247 678
247 300
247 720
247 979
247 477
248 513
248 930
248 429
248 750
248 464
248 754
248 766
249 711
249 781
249 980
249 506
250 464
250 643
250 565
250 814
251 970
251 459
251 976
251 857
251 315
251 796
252 832
252 740
252 741
252 540
252 397
252 494
252 341
252 932
252 348
252 638
252 542
253 992
253 899
253 790
253 264
253 522
253 879
253 856
254 741
254 678
254 651
254 305
254 882
254 308
254 628
255 835
255 581
255 719
255 401
255 379
256 750
256 312
256 662
256 508
256 382
257 336
257 408
257 634
257 972
258 737
258 617
258 877
258 718
258 787
258 822
258 856
259 576
259 417
259 743
259 780
259 498
260 545
260 329
260 811
260 686
260 975
260 788
260 540
260 894
261 736
261 449
261 354
261 933
261 936
261 655
261 694
262 355
262 422
262 777
262 426
262 532
262 893
263 290
263 292
263 534
263 538
264 993
264 450
264 803
264 744
264 813
264 941
264 920
264 504
265 963
265 875
265 856
265 593
265 754
265 888
265 504
265 634
265 830
266 962
266 873
266 810
266 790
266 602
267 488
267 846
267 696
267 601
268 545
268 362
268 845
268 973
268 498
268 372
268 892
268 894
269 353
269 773
269 993
269 273
269 823
269 571
269 316
270 369
270 847
270 513
271 328
271 593
271 658
271 981
271 822
272 418
272 515
272 580
272 296
272 651
272 776
272 552
272 791
272 602
273 481
273 302
273 367
273 912
273 726
273 727
274 956
274 894
274 310
275 297
275 874
275 692
275 375
275 532
276 704
276 293
276 776
276 789
276 534
276 311
276 888
276 414
277 739
277 853
277 762
277 703
278 518
278 492
278 722
278 502
278 503
278 568
279 696
279 676
279 461
280 640
280 609
280 324
280 842
280 505
281 882
281 820
281 502
281 471
281 762
282 615
282 648
282 359
282 332
282 625
282 665
282 314
282 831
283 662
283 806
283 310
283 917
283 790
284 859
284 421
284 393
284 974
284 593
284 952
284 569
284 443
284 540
285 614
285 871
285 940
285 626
286 322
286 524
286 734
286 670
287 529
287 670
287 815
288 828
288 585
288 329
288 715
288 873
288 899
288 340
288 311
288 508
289 293
289 455
289 329
289 586
289 920
289 466
289 403
289 695
289 568
289 509
289 318
290 672
290 770
290 425
290 432
290 533
290 472
291 933
291 559
291 496
291 659
291 887
291 527
291 735
292 355
292 836
292 711
292 369
292 437
292 989
292 501
293 834
293 355
293 582
293 625
293 692
293 541
293 735
294 648
294 974
294 370
294 791
294 890
294 764
295 580
295 843
295 844
295 786
295 692
295 766
295 831
296 514
296 491
296 373
296 501
297 390
298 323
298 789
298 697
298 409
299 993
299 885
300 833
300 388
300 935
300 874
300 717
300 687
300 575
301 745
301 754
301 667
302 465
302 371
302 885
303 448
303 704
303 518
303 333
303 397
303 339
303 659
303 405
303 887
303 378
304 745
304 724
305 801
305 739
305 486
305 776
305 862
306 970
307 454
307 748
307 888
307 415
308 353
308 749
308 915
308 692
308 894
309 966
309 433
309 886
310 993
310 558
310 791
311 673
311 538
312 802
312 899
312 836
312 519
312 875
312 590
312 599
312 381
312 543
313 548
313 840
313 816
313 982
313 970
314 905
314 874
314 975
315 451
315 996
315 904
315 527
315 785
315 727
315 505
315 636
315 382
316 997
316 902
316 329
316 906
316 940
316 821
316 951
317 387
317 580
317 899
317 660
317 666
318 873
318 395
318 464
318 372
318 570
319 708
319 604
319 989
319 838
320 882
320 828
321 608
321 586
321 429
321 462
321 889
321 829
321 671
322 608
322 707
322 689
322 401
322 849
322 728
322 881
323 983
323 530
323 926
324 619
324 851
324 373
325 828
326 519
326 880
326 470
326 858
326 733
327 892
327 972
327 781
327 760
327 476
328 705
328 356
328 636
329 386
329 705
329 360
329 841
329 672
329 350
329 895
330 576
330 995
330 552
330 639
330 723
330 347
330 988
330 575
331 653
331 907
331 388
331 517
331 333
331 621
331 880
331 594
331 663
331 890
332 566
332 844
332 628
332 886
333 802
333 842
333 796
334 880
334 674
334 516
334 592
334 857
335 930
335 402
335 531
335 857
336 485
336 390
336 616
336 397
336 349
337 938
337 885
337 861
338 481
338 912
338 485
338 840
338 713
338 938
338 936
338 340
339 418
339 710
339 423
339 778
339 380
340 956
340 889
341 536
341 414
341 837
342 608
342 992
343 673
343 707
343 485
343 439
343 901
343 837
344 536
345 995
345 516
345 984
345 476
346 769
346 930
346 838
346 929
346 360
346 875
346 594
346 851
347 419
347 680
347 557
347 712
347 634
348 392
348 906
348 462
348 721
348 824
348 633
348 444
349 390
349 903
349 654
349 562
349 723
349 510
349 479
350 353
350 386
350 549
350 775
350 572
350 469
351 472
351 833
352 624
352 473
352 562
352 365
353 672
353 833
353 465
353 435
353 736
354 480
354 503
354 628
355 784
355 379
356 836
356 679
356 873
356 839
356 526
356 604
357 834
357 392
357 524
357 462
357 559
357 404
357 759
358 803
358 968
358 776
358 820
358 985
359 372
359 610
360 903
360 941
360 879
360 567
360 605
361 514
361 843
361 460
361 465
361 498
362 560
362 521
362 569
363 615
363 822
364 946
364 732
364 453
364 743
365 928
365 581
365 712
365 459
365 942
365 886
365 796
366 945
366 882
366 631
366 760
366 750
366 562
366 371
366 968
366 503
366 536
366 595
366 637
367 772
367 697
367 502
367 729
368 547
368 627
368 472
368 830
369 802
369 536
369 954
369 958
370 800
370 503
370 435
370 631
371 460
371 946
371 527
371 690
371 823
371 700
371 957
371 885
372 682
372 849
372 724
373 694
373 588
373 783
373 680
373 724
373 505
373 948
373 543
374 945
374 842
374 883
374 978
375 864
375 929
375 581
375 690
376 674
376 827
376 389
376 486
376 649
376 746
376 759
377 968
377 534
378 806
378 968
378 880
378 913
378 978
378 600
378 666
379 844
379 492
379 396
379 599
379 860
380 476
380 973
380 839
381 528
381 870
381 712
381 714
381 824
381 412
381 831
382 455
382 395
382 565
382 959
383 506
383 763
383 980
383 858
383 526
384 836
384 734
385 521
386 705
386 677
386 552
386 586
386 717
386 712
386 594
386 627
386 636
387 710
387 718
387 496
387 978
387 563
387 887
387 472
388 585
388 875
388 887
388 537
389 416
389 801
389 903
389 971
389 912
390 700
390 453
390 838
390 599
390 914
390 594
390 567
390 922
390 572
390 509
391 459
391 494
391 658
391 822
391 573
392 811
392 395
392 526
392 912
392 949
392 602
392 603
392 573
393 451
393 535
393 730
393 677
394 520
394 766
394 502
395 546
395 874
395 493
395 974
395 776
395 755
395 660
396 432
397 771
397 920
397 702
398 431
399 641
399 584
399 841
399 747
399 652
399 654
399 979
399 859
399 988
399 702
400 964
400 668
400 841
400 724
400 442
400 476
401 517
401 490
401 652
401 785
401 895
402 867
402 712
402 687
402 404
403 485
403 941
403 502
403 639
404 454
404 978
404 984
404 952
404 638
404 933
405 783
405 691
405 558
406 865
406 629
407 504
407 600
407 579
408 901
408 814
408 728
408 466
408 438
408 794
408 798
409 930
409 750
409 783
409 947
409 851
409 572
409 618
409 927
411 994
411 420
411 427
411 656
411 516
411 709
412 516
412 688
412 850
412 542
413 610
413 803
413 708
413 808
413 590
413 723
413 820
413 822
413 836
414 711
414 621
414 990
414 607
415 632
416 424
416 808
416 440
416 538
416 634
417 554
417 686
417 677
418 707
418 518
418 614
418 774
418 981
418 568
418 892
419 939
419 469
420 876
421 677
421 458
421 875
421 692
421 820
421 746
421 510
422 832
422 705
422 956
422 877
422 782
422 924
423 480
423 993
423 764
424 802
424 851
424 760
424 586
425 582
425 521
425 810
425 962
426 451
426 940
426 498
426 627
426 827
427 700
427 577
427 439
428 656
428 877
429 620
430 785
430 437
430 921
430 924
430 990
431 554
431 464
431 817
431 501
431 617
431 664
431 789
432 560
433 841
433 658
433 859
434 482
434 923
434 570
435 790
435 726
436 867
436 492
437 968
437 746
437 948
437 601
437 988
438 961
438 901
438 682
438 717
438 654
438 575
439 582
439 686
440 995
440 524
440 914
440 637
440 639
441 581
441 583
441 659
441 605
441 638
441 447
442 647
442 744
442 971
442 765
442 983
442 819
443 615
443 602
443 634
444 611
444 713
444 778
444 782
444 991
445 665
445 675
445 493
445 487
446 611
446 900
446 548
447 909
448 481
448 849
448 916
448 885
448 980
449 577
449 769
449 623
449 540
449 639
450 641
450 868
450 999
450 682
450 845
450 467
450 628
450 853
450 900
451 483
451 524
451 531
451 951
451 527
451 697
451 907
451 819
452 462
452 911
452 688
453 549
453 617
453 522
453 491
453 726
454 647
454 855
454 984
454 538
455 736
455 747
455 803
455 509
456 640
456 721
456 609
456 999
456 845
456 889
456 592
456 730
457 704
457 642
457 806
457 811
457 943
457 601
457 478
458 770
458 708
458 809
458 845
458 622
458 464
458 499
458 532
458 919
458 831
459 936
459 585
459 973
459 463
459 818
459 598
460 994
460 996
460 751
460 667
461 545
461 738
461 839
461 823
461 818
462 742
462 772
462 632
462 787
463 676
463 492
463 972
463 663
464 963
465 876
465 526
465 521
465 757
466 751
466 848
466 471
466 729
467 513
467 740
467 616
467 783
468 600
468 941
468 903
469 544
469 754
469 527
469 666
469 751
469 479
471 681
471 618
471 492
471 789
472 513
472 839
472 847
472 916
472 694
473 836
473 751
473 753
473 635
474 988
474 516
474 695
474 671
475 683
475 662
475 991
476 757
476 536
476 698
477 934
477 521
477 844
477 985
477 891
478 608
478 999
478 492
478 655
478 752
478 817
478 979
478 726
478 860
478 862
479 872
479 938
479 684
479 638
480 653
480 529
481 673
481 771
481 621
481 910
481 763
481 703
482 978
482 646
482 749
482 635
483 832
483 921
483 802
484 838
484 554
484 560
484 852
485 641
485 548
485 549
485 521
485 972
485 954
485 693
486 672
486 806
486 968
486 715
486 793
486 569
487 609
487 886
487 998
487 530
487 566
488 864
488 548
488 751
488 968
488 756
488 955
489 585
489 717
489 606
489 655
490 655
491 601
491 958
492 681
492 881
492 563
492 751
493 611
493 603
493 862
494 547
494 915
494 793
495 992
495 517
495 940
495 813
495 654
495 885
495 990
496 640
496 571
496 732
496 511
497 880
497 690
497 695
498 934
499 644
499 965
499 843
499 918
500 865
500 730
500 555
500 940
500 655
501 832
501 519
501 596
501 577
501 868
502 546
502 594
503 706
503 951
503 991
504 596
505 841
505 687
505 720
505 630
505 825
506 544
506 519
506 793
506 943
506 885
506 982
508 520
508 946
508 566
508 920
509 995
509 850
509 562
510 644
510 581
510 615
510 712
510 566
510 731
511 994
511 699
511 676
511 809
511 652
511 882
511 723
511 571
512 836
512 897
512 951
513 609
513 610
513 850
513 594
513 898
514 754
514 732
515 827
515 908
515 841
516 707
516 594
516 563
516 822
517 790
517 758
517 634
518 617
519 766
519 680
519 875
519 941
519 850
520 642
520 818
520 789
520 662
521 998
521 619
521 786
522 736
522 718
523 875
523 835
524 568
525 614
525 919
525 924
525 541
525 926
526 546
526 623
527 838
527 978
527 949
529 904
529 691
530 901
530 881
530 946
531 624
531 681
532 938
532 881
532 853
532 983
533 779
535 775
535 593
535 963
535 822
535 617
535 881
536 929
536 818
536 984
536 606
537 705
537 657
537 562
537 723
537 924
538 801
538 869
538 816
539 901
539 941
539 918
539 728
539 572
540 604
540 771
540 815
540 950
540 736
541 707
541 750
542 929
542 808
542 624
542 982
542 777
543 555
543 605
543 586
544 938
544 720
544 692
544 606
545 930
545 680
545 628
545 919
546 906
547 812
547 687
547 859
548 839
548 940
548 595
548 630
549 693
549 859
550 675
551 855
551 627
551 825
551 633
551 606
551 639
552 736
552 675
552 590
552 989
553 954
553 875
553 668
553 918
553 806
554 898
554 818
554 791
555 989
555 691
555 661
556 748
556 719
556 982
556 954
557 613
557 729
557 890
557 638
558 739
558 598
558 636
558 933
559 904
560 619
560 844
560 729
560 665
560 797
561 868
561 853
562 931
562 709
562 593
562 815
563 800
563 674
563 844
563 617
563 612
563 890
564 586
564 686
565 936
565 908
565 985
565 639
566 609
566 574
566 797
567 865
567 579
567 810
567 855
567 977
567 806
567 984
567 920
567 699
568 998
568 787
568 820
568 699
569 674
569 889
569 829
570 809
570 746
570 853
570 668
570 863
571 803
571 588
571 654
572 960
572 578
572 763
572 849
572 991
573 962
573 739
573 711
573 606
574 848
574 994
575 689
575 756
575 731
576 713
576 653
577 971
577 712
577 988
578 838
578 977
579 976
579 826
579 831
580 964
580 647
580 681
580 889
580 924
581 977
581 939
581 853
581 765
582 912
582 709
583 745
583 689
583 831
584 882
584 692
584 763
584 767
585 746
586 742
586 841
586 648
586 701
587 616
587 643
588 688
589 737
589 676
589 680
589 658
589 820
590 933
591 600
591 980
591 603
592 625
593 992
593 968
593 907
593 728
594 847
595 969
596 598
596 743
597 771
597 996
597 690
597 753
597 882
598 782
598 733
598 831
599 877
599 767
600 645
601 958
601 843
601 818
601 751
602 933
602 711
602 723
602 948
603 674
603 968
603 886
603 759
604 714
605 955
606 685
606 622
606 752
606 937
607 617
607 755
607 830
608 825
609 867
609 972
609 663
610 657
610 629
611 970
611 974
613 868
613 887
613 725
613 662
613 729
613 892
614 678
614 847
616 738
617 929
617 836
617 841
617 946
617 942
617 626
617 891
617 958
618 910
618 819
618 694
618 728
618 891
619 833
619 774
619 744
619 628
620 731
621 971
621 958
621 667
622 967
622 785
622 921
622 860
623 704
623 676
623 726
623 983
623 735
623 956
624 769
624 771
624 689
624 979
625 999
626 866
626 651
627 887
628 955
628 660
628 952
628 923
628 636
629 800
629 951
629 727
629 857
630 651
630 951
631 748
631 688
631 733
632 715
632 830
633 751
633 853
634 712
634 937
634 636
635 984
635 939
636 695
637 768
637 675
637 720
637 921
638 996
638 716
638 757
639 881
639 861
640 675
640 745
640 777
640 749
640 727
641 879
641 892
642 681
642 822
642 827
643 662
644 647
644 876
644 884
645 742
645 976
646 934
646 648
646 712
646 885
646 826
647 710
647 893
648 825
649 832
649 682
649 845
649 849
649 986
650 682
650 651
650 840
650 758
650 979
651 945
652 864
652 898
652 940
652 974
652 763
653 717
653 979
653 952
654 996
654 875
654 688
655 835
655 899
656 823
657 808
657 809
657 955
657 863
658 931
658 805
659 847
659 784
659 884
659 667
660 737
660 775
660 716
660 974
660 862
661 910
661 978
662 866
662 980
663 995
663 973
663 916
664 913
664 677
665 774
665 925
666 771
666 937
666 686
667 770
667 964
667 987
668 971
668 749
668 862
668 670
669 673
669 806
669 712
669 842
669 985
669 861
670 879
671 690
671 942
672 686
672 713
672 930
673 939
673 893
673 751
673 783
674 729
674 995
674 907
674 952
674 692
675 705
675 879
675 869
675 887
675 751
677 998
680 768
680 994
680 803
680 914
680 948
680 951
681 729
681 734
682 928
682 965
682 857
683 891
683 713
683 821
684 836
684 839
684 714
684 798
685 865
685 839
685 692
686 770
686 873
686 722
686 985
686 830
687 710
687 959
687 703
688 930
688 727
688 996
689 896
690 706
690 771
692 987
692 854
692 883
693 858
693 950
694 981
694 959
695 704
695 837
695 838
695 808
695 787
696 737
696 709
696 914
696 790
696 956
697 889
698 868
698 770
698 915
699 727
699 884
700 704
700 874
700 780
701 890
701 735
702 771
703 863
704 915
704 922
704 837
705 732
706 880
706 931
707 971
707 907
708 872
709 761
710 865
710 738
710 905
711 782
711 912
711 985
712 961
713 995
713 957
714 899
714 936
715 939
715 750
715 752
715 885
715 854
716 999
716 910
716 958
717 779
717 910
717 883
717 852
718 844
718 973
718 982
719 849
719 863
720 781
721 865
721 796
721 894
721 959
722 825
723 998
723 839
723 980
724 930
724 825
725 851
725 767
726 783
727 815
727 755
728 860
728 732
728 990
729 992
729 811
729 745
732 917
733 802
733 875
733 860
734 806
734 796
735 859
736 995
736 851
736 817
737 865
738 791
739 977
739 893
740 819
740 793
740 858
741 940
741 925
742 995
743 904
743 894
744 817
744 999
744 799
746 936
746 913
746 949
747 749
747 920
748 934
748 767
749 864
749 760
750 931
750 916
750 959
751 928
751 898
751 805
751 831
752 969
752 851
753 932
753 793
753 892
753 797
754 852
754 841
754 793
755 831
755 903
756 967
756 939
756 880
757 926
757 841
757 783
757 950
757 760
757 766
759 994
760 880
762 774
762 775
762 972
762 920
762 923
763 785
764 932
765 859
765 956
766 996
766 809
766 847
766 855
767 822
767 981
767 799
769 834
769 773
770 869
770 846
770 924
770 831
771 950
771 989
772 941
772 813
772 786
772 920
773 797
776 836
776 809
776 841
776 826
777 907
777 998
778 824
779 965
779 934
780 902
780 818
780 899
780 855
780 863
781 978
782 800
782 999
783 899
783 906
783 995
783 947
785 923
785 845
785 826
786 897
787 994
788 812
788 922
789 966
790 930
790 998
791 834
793 961
793 814
794 842
794 989
795 946
795 900
795 799
796 923
796 901
796 855
797 999
797 983
799 834
800 871
800 989
800 975
800 860
800 925
802 935
803 837
803 915
806 876
806 942
806 917
807 873
807 988
809 877
811 850
811 925
813 839
813 844
813 927
814 828
815 835
816 874
818 960
818 971
818 932
818 978
819 820
819 861
820 860
821 867
821 858
822 874
822 919
822 853
825 977
825 955
826 945
826 841
826 830
828 956
829 906
829 927
829 988
831 907
831 867
832 928
832 899
832 835
833 991
834 866
834 865
834 970
835 836
838 973
838 977
839 889
841 848
841 883
841 953
841 904
841 894
842 976
842 977
844 986
845 852
845 920
845 927
846 906
846 893
847 880
848 944
848 988
851 896
852 933
852 968
852 955
853 930
853 868
854 865
854 939
857 901
857 899
857 989
858 940
860 994
860 955
861 924
861 892
863 923
863 966
863 879
864 878
864 984
865 960
865 983
867 896
868 947
869 965
869 972
869 883
870 987
871 951
872 993
872 998
872 991
876 906
877 981
878 995
879 945
879 880
879 944
882 903
882 927
884 909
884 943
884 991
886 903
888 912
889 944
889 936
889 984
891 913
893 985
898 998
899 971
899 990
900 928
900 950
901 966
907 999
908 929
908 922
912 944
915 929
915 930
915 966
918 940
922 980
927 936
933 949
936 953
938 991
942 984
943 959
949 973
949 984
950 999
950 964
951 970
955 970
959 980
961 993
963 984
964 999
971 992
977 980
981 987
989 999
