0 769
0 1160
0 1673
0 108
0 1357
0 1078
0 735
1 451
1 550
1 614
1 750
1 1689
1 1189
2 152
2 1064
2 1098
3 1857
3 294
3 1483
3 1197
3 690
3 918
3 183
3 1273
3 1842
3 253
4 231
4 904
4 617
4 144
4 1494
4 535
5 1195
5 926
5 542
5 1095
6 1668
6 487
6 303
6 660
6 473
6 1340
6 125
6 734
7 864
7 1094
7 1511
7 776
7 1836
7 625
7 1842
7 95
8 709
8 745
8 301
8 142
8 303
8 240
8 1782
8 1176
8 670
9 931
9 1480
9 1102
9 1743
9 275
9 309
9 919
9 761
10 385
10 1384
10 1419
10 1868
10 1711
10 1040
10 1459
10 374
10 1775
10 1374
11 1351
11 909
11 1116
11 42
11 1643
11 301
11 781
11 48
11 660
11 1686
11 89
11 698
11 220
11 1466
12 354
12 1483
12 164
12 1462
12 1062
12 777
12 1291
12 141
12 1071
12 1108
12 22
12 1892
13 930
13 643
13 421
13 199
13 233
13 1733
13 1774
13 1841
13 1266
13 1142
13 1719
13 472
13 1660
13 1662
13 1221
14 1888
14 578
14 739
14 1380
14 357
14 1545
14 906
14 1301
14 950
14 1700
14 765
14 94
14 1461
15 708
15 71
15 1069
15 1264
15 1329
15 978
15 371
15 1364
15 219
16 1024
16 109
16 788
16 661
16 58
16 570
17 1152
17 258
17 516
17 328
17 1743
17 1712
17 1650
17 979
17 1172
17 855
17 57
17 282
18 128
18 481
18 261
18 1809
18 1448
18 1865
18 426
18 1453
18 1553
18 409
18 1246
18 543
19 641
19 579
19 1445
19 550
19 1276
19 973
19 1424
19 113
19 1075
19 1621
19 1496
19 1755
19 860
19 1117
19 1564
19 1781
20 643
20 1722
20 646
20 167
20 1675
20 241
20 467
20 314
20 922
21 672
21 674
21 870
21 778
21 1853
21 1202
21 1245
22 450
22 1030
22 295
22 392
22 844
22 1874
22 431
22 1618
22 1811
22 310
22 1356
22 1420
23 1088
23 1280
23 458
23 1005
23 622
23 1776
23 273
23 1459
23 1335
23 280
23 842
24 1510
24 135
24 106
24 1260
24 1678
24 1687
24 922
24 223
25 640
25 801
25 515
25 1254
25 1897
25 1166
25 239
25 820
25 442
25 1306
25 1246
26 440
26 1709
26 1661
26 1325
26 1525
27 448
27 1294
27 624
27 1586
27 1592
27 826
27 189
28 128
28 1259
28 880
28 370
28 1684
28 1242
29 1477
29 1065
29 1336
29 308
29 277
29 888
29 953
29 60
29 629
30 384
30 545
30 100
30 1000
30 1418
30 1512
30 87
30 1535
30 1852
30 1597
30 446
30 671
31 859
31 1851
31 1708
31 147
31 247
31 539
31 1692
32 516
32 618
32 1869
32 1326
32 847
32 1860
32 987
32 255
33 1504
33 449
33 1605
33 294
33 1899
33 1773
33 942
33 758
33 829
34 963
34 1740
34 806
34 871
34 456
34 105
34 1034
34 1708
34 1085
34 409
34 729
34 1295
34 989
35 1377
35 228
35 1125
35 1644
35 1483
35 300
35 531
35 1588
35 1796
35 345
35 604
35 1437
36 1569
36 1378
36 1431
36 1735
36 904
36 1786
36 395
36 1789
36 183
36 1432
36 633
36 730
36 1501
37 97
37 1254
37 1001
37 74
37 787
37 1719
37 1337
38 772
38 413
38 1306
38 1850
38 1790
38 1055
39 417
39 43
39 528
39 49
39 1176
39 538
39 1373
40 129
40 1090
40 1035
40 488
40 1865
40 875
40 1666
40 850
40 440
40 1434
41 1216
41 1312
41 646
41 1677
41 1773
41 121
41 1664
41 188
41 702
41 959
42 705
42 389
42 967
42 205
42 1262
42 1748
42 124
43 352
43 389
43 173
43 1422
43 1615
43 1011
43 1647
43 383
44 1158
44 1286
44 1494
44 361
44 241
44 1139
44 86
44 1381
45 1200
45 1027
45 164
45 1544
45 265
45 1614
45 175
45 1072
45 561
45 761
45 1370
46 928
46 1256
46 76
46 367
46 1746
46 254
46 856
46 1660
46 702
47 1339
47 682
47 1719
47 471
47 1529
47 1403
47 1226
47 542
47 1471
48 384
48 1505
48 1132
48 210
48 405
48 1047
49 737
49 1121
49 615
49 1500
49 590
49 239
49 1170
49 1063
49 1788
49 380
50 353
50 1605
50 1706
50 366
50 1456
50 1589
50 855
50 987
51 1377
51 1641
51 203
51 1452
51 659
51 1300
51 758
51 220
52 581
52 102
52 263
52 1609
52 1450
52 1015
52 269
52 947
52 404
52 1110
52 855
52 1527
52 1083
52 1116
53 486
53 934
53 840
53 624
53 696
53 1622
53 1079
53 312
53 1659
54 576
54 1794
54 361
54 555
54 272
54 1681
54 1426
54 1129
54 88
54 541
54 735
55 345
55 1535
55 556
55 1169
56 480
56 995
56 1384
56 1151
56 1006
56 1848
56 1360
56 1521
56 1427
56 916
56 855
56 536
56 1556
56 639
56 670
56 831
57 1612
57 1774
57 1135
58 640
58 547
58 1031
58 1519
58 147
58 725
58 1017
58 894
59 200
59 156
59 1003
59 1678
59 945
59 90
59 508
60 1793
60 964
60 805
60 1644
60 205
60 687
60 563
60 1081
60 955
60 1439
61 1249
61 655
61 1779
61 1334
61 1847
61 509
62 1377
62 132
62 616
62 491
62 1288
62 1274
62 1467
62 317
62 1087
63 1488
63 1173
63 1766
64 512
64 356
64 1252
64 391
64 1192
64 1171
64 1598
64 601
64 1245
64 1278
65 451
65 72
65 1164
65 941
65 146
65 995
65 1683
65 1714
65 219
66 897
66 711
66 73
66 1265
66 1513
66 216
66 1178
66 1339
66 926
67 1120
67 1536
67 1666
67 999
67 329
67 339
67 502
67 1496
68 1030
68 925
68 1497
68 1308
68 669
68 1662
69 1696
69 737
69 130
69 1512
69 553
69 1803
69 146
69 466
69 1846
69 89
69 155
70 864
70 1328
70 132
70 583
70 522
70 399
70 784
70 1601
70 253
70 479
71 545
71 514
71 1603
71 1734
71 1737
71 779
71 1196
71 592
71 148
71 190
71 760
71 318
71 511
72 1659
72 614
72 967
72 1130
72 1776
72 530
72 883
72 628
72 1847
72 1403
72 1085
73 505
73 1246
73 1505
74 1123
74 1061
74 262
74 1895
74 1160
74 556
74 1037
74 1325
74 1842
74 1047
74 1625
74 1374
75 257
75 1051
75 1573
75 170
75 1325
75 1278
75 312
75 155
75 1500
75 1022
76 1634
76 1123
76 805
76 744
76 398
76 214
76 729
76 1372
76 125
76 862
76 1413
77 1573
77 903
77 104
77 1230
77 721
77 661
77 1369
78 1700
78 717
78 398
78 621
78 882
78 659
78 276
78 1693
78 94
79 1068
79 685
79 624
79 1713
79 1684
79 342
79 664
79 1593
80 1600
80 1822
80 1669
80 1222
80 1255
80 1550
80 948
80 437
80 1181
80 446
81 672
81 962
81 101
81 614
81 1478
81 873
81 1898
81 467
81 1557
81 902
81 537
81 508
81 1247
82 546
82 1094
82 1512
82 1097
82 1346
82 1392
82 1545
82 1176
82 1403
82 796
82 927
83 964
83 1257
83 498
83 207
83 1329
83 1074
83 1849
83 91
83 733
84 931
84 356
84 837
84 138
84 195
84 1876
84 1558
84 954
84 571
85 837
85 969
85 365
85 463
85 1496
85 1788
85 861
85 574
86 288
86 321
86 1062
86 134
86 1104
86 1803
86 784
86 1235
86 824
86 1404
87 1730
87 907
87 1646
87 241
87 1176
87 1244
87 1311
88 1760
88 322
88 261
88 549
88 910
88 1810
88 787
88 597
88 1497
88 825
88 1178
88 1148
88 1469
88 1694
88 229
89 1537
89 679
89 1741
89 399
89 497
89 1272
89 1789
90 320
90 1536
90 1627
90 1211
90 1349
90 775
90 1761
90 1483
90 1807
90 178
90 275
90 213
90 1593
90 1085
91 225
91 1387
91 1128
91 459
91 1518
91 1327
91 1200
91 1608
91 1266
91 180
91 1877
91 93
92 1123
92 516
92 1297
92 1102
92 689
92 376
92 228
93 738
93 1123
93 996
93 1706
93 590
93 464
93 182
93 985
93 1082
94 944
94 518
94 1070
94 1487
94 912
94 1522
94 563
94 470
94 639
95 1281
95 454
95 1033
95 1356
95 1103
95 1264
95 1365
95 975
95 1405
95 511
96 321
96 1539
96 1892
96 487
96 573
96 1552
96 945
96 564
96 441
96 541
96 319
97 228
97 1096
97 1413
97 366
97 377
97 766
97 639
98 1472
98 1600
98 612
98 1253
98 1768
98 1005
98 913
98 568
98 249
99 227
99 1220
99 965
99 486
99 1526
99 1637
99 150
99 247
99 1816
99 1341
99 415
100 1794
100 1339
100 614
100 329
100 747
100 374
100 795
100 1212
101 640
101 834
101 772
101 1290
101 1103
101 852
101 1238
101 600
101 1501
101 829
102 1192
102 1342
102 559
103 800
103 1504
103 1030
103 519
103 936
103 1035
103 1895
103 1333
103 1846
103 1276
103 1022
104 1026
104 1284
104 1681
104 1321
104 458
104 1444
104 751
104 1796
104 1528
104 1636
104 1046
104 1340
104 408
104 505
104 508
105 643
105 1896
105 950
105 1755
105 669
106 772
106 1287
106 873
106 1831
106 750
106 1368
106 1553
106 342
106 217
106 1372
106 349
107 1222
107 1382
107 716
107 631
107 1276
107 510
108 1536
108 580
108 1833
108 778
108 1355
108 1492
108 1366
108 601
109 577
109 657
109 1403
109 1820
109 510
110 1185
110 1890
110 841
110 395
110 1459
110 884
110 156
111 192
111 1217
111 515
111 1867
111 397
111 1187
111 1593
111 1400
111 1145
111 475
111 188
112 320
112 1062
112 648
112 1769
112 976
112 1459
112 854
112 729
112 1563
112 1724
112 1374
113 1216
113 545
113 482
113 520
113 169
113 1290
113 1207
113 1488
113 1480
113 402
113 532
113 841
113 1817
113 1851
113 604
114 1601
114 1734
114 1645
114 564
114 597
114 1207
114 440
114 1018
115 160
115 484
115 374
115 618
115 1172
115 1750
116 1797
116 1286
116 244
116 1726
116 726
116 1300
116 1274
116 1245
116 1182
117 832
117 642
117 740
117 1609
117 236
117 1753
117 762
117 1534
118 1253
118 1037
118 783
118 1812
118 1240
118 764
118 1502
119 900
119 1032
119 329
119 1035
119 1036
119 1646
119 1172
119 1788
119 1023
120 1227
120 524
120 1246
121 1633
121 354
121 206
121 942
121 345
121 315
121 1692
121 285
121 1535
122 1152
122 290
122 1574
122 1130
122 847
122 140
122 911
122 880
122 1429
122 827
122 1054
123 1791
124 1444
124 421
124 841
124 1898
124 880
124 1329
124 1748
124 1321
124 138
124 1823
125 1569
125 995
125 1702
125 487
125 1721
125 1511
125 1074
125 181
125 1209
125 345
126 225
126 1797
126 1899
126 1006
126 1619
126 1405
127 1248
127 1537
127 1859
127 1096
127 1227
127 1176
127 890
127 1598
128 457
128 939
128 1361
128 568
128 1274
128 668
129 385
129 420
129 1744
129 816
129 1170
129 732
129 1374
130 672
130 200
130 618
130 1842
130 360
130 1010
130 820
130 1877
130 1111
130 1386
131 1639
131 1772
131 972
131 589
131 527
131 944
131 341
131 189
131 1621
132 354
132 741
132 1511
132 1452
132 994
132 270
132 881
132 786
132 884
132 599
132 760
132 826
132 731
132 156
132 1087
133 357
133 681
133 918
133 375
133 1658
133 1599
133 156
133 1151
134 1441
134 1060
134 1367
134 526
134 1872
134 670
134 1335
134 442
134 155
134 1022
135 1385
135 944
135 433
135 1108
135 1655
136 1569
136 841
136 1834
136 1871
136 593
136 1717
136 1464
136 1498
136 923
136 381
137 544
137 385
137 355
137 1479
137 207
137 177
137 280
137 316
138 640
138 1413
138 1417
138 586
138 1355
138 1840
138 1022
138 938
138 670
138 1023
139 1220
139 1704
139 876
139 816
139 1106
139 824
139 1860
139 287
140 1766
140 1190
140 716
140 1677
140 1080
140 1016
140 1081
140 444
140 346
141 515
141 682
141 590
141 1394
141 1178
141 797
142 162
142 1383
142 297
142 621
142 1102
142 585
142 1337
142 1819
142 958
143 708
143 1350
143 1421
143 1549
143 496
143 150
143 663
143 1754
144 257
144 332
144 240
144 1271
144 708
145 161
145 1250
145 1211
145 1441
145 846
145 1565
145 1013
145 475
145 253
145 510
146 387
146 580
146 359
146 1882
146 1270
146 516
146 1178
146 1306
147 257
147 1186
147 1445
147 494
147 567
148 928
148 966
148 237
148 846
148 849
148 1020
148 1405
149 388
149 1671
149 1708
149 941
149 1463
149 1817
150 1120
150 1602
150 230
150 1351
150 585
150 1693
150 307
150 567
150 506
150 1242
150 1118
151 523
151 1260
151 1743
151 432
151 817
151 244
151 1431
151 890
151 1882
151 926
152 745
152 1579
152 1026
152 1677
152 884
152 1590
152 1879
152 284
153 1633
153 1475
153 1381
153 1734
153 845
153 1230
153 1464
153 1891
153 182
153 376
154 1888
154 1019
154 1622
154 231
154 808
154 1005
154 785
154 1379
154 534
154 1369
154 921
154 1875
154 603
155 1728
155 1185
155 802
155 715
155 1418
155 1742
155 1455
155 273
155 1042
155 1529
155 697
155 826
155 1445
156 667
156 777
156 972
156 273
156 344
156 1371
156 990
156 223
157 804
157 1126
157 748
157 848
157 594
157 1715
157 409
157 186
157 1245
158 161
158 964
158 182
158 1319
158 845
158 1009
158 1490
158 534
158 1146
158 1822
158 447
159 1401
159 579
159 365
159 1581
160 165
160 1417
160 1751
160 1615
160 1047
160 507
161 676
161 502
161 1575
161 1863
161 1877
161 1430
162 470
162 1106
162 1107
162 1398
162 1688
162 1339
163 1203
163 1044
163 942
163 702
164 1120
164 1635
164 1420
164 1428
164 1737
164 730
164 1595
165 1792
165 1706
165 1071
165 1148
165 1727
166 483
166 680
166 1739
166 707
166 918
166 344
166 1561
166 1757
167 976
167 452
167 829
167 1386
167 619
167 685
167 605
167 496
167 1329
167 1476
167 1680
167 349
168 248
168 296
168 436
169 256
169 384
169 1073
169 264
169 873
169 1589
169 1691
170 994
170 171
170 548
170 678
170 1095
170 232
170 1671
170 753
170 213
170 1643
170 1464
170 1114
171 1281
171 1506
171 452
171 427
171 1294
171 1556
171 409
171 1706
171 1055
172 921
172 691
172 652
172 1085
173 1612
173 419
173 585
173 908
173 972
173 496
173 1516
174 1570
174 325
174 203
174 1231
174 1588
174 1844
174 697
175 1153
175 929
175 551
175 1227
175 1263
175 1325
175 1498
176 1633
176 305
176 583
176 1617
176 1790
176 1399
176 670
176 799
177 1136
177 459
177 1574
177 294
177 1159
177 363
177 1328
177 720
177 1847
177 1291
177 989
177 1886
178 1827
178 1800
178 468
178 1078
178 1247
179 1798
179 1038
179 1809
179 798
179 952
179 569
179 1118
179 927
180 386
180 1531
180 805
180 1802
180 779
180 1424
180 689
180 1842
180 1791
181 1863
181 488
181 884
181 1781
181 282
182 193
182 1378
182 867
182 1886
182 1861
182 991
182 1441
182 1373
182 721
182 340
182 373
182 799
182 703
183 800
183 1410
183 1356
183 1140
183 1854
184 1569
184 1475
184 1764
184 839
184 307
184 890
185 1088
185 1506
185 548
185 326
185 1064
185 589
185 687
185 788
185 314
185 1437
186 932
186 294
186 1351
186 456
186 457
186 714
186 1586
186 746
186 882
186 596
186 1400
186 1467
186 1020
186 958
187 1491
187 236
187 684
187 1038
187 209
187 946
187 947
187 245
187 282
187 1164
188 902
188 1609
188 1034
188 1872
188 1749
188 1402
189 647
189 456
189 1258
189 1676
189 944
189 497
189 1433
190 1899
190 1351
190 1480
190 201
190 1159
190 1740
190 597
190 598
190 1852
191 288
191 1254
191 455
191 1582
191 1871
191 816
191 945
191 950
191 1306
191 1338
192 1856
192 578
192 1478
192 710
192 520
192 1701
192 1651
192 1045
192 1785
192 1081
192 1050
192 1532
192 1621
193 195
193 935
193 1833
193 1223
193 335
193 1810
193 277
193 792
194 1858
194 1062
194 460
194 620
194 1807
194 400
194 818
195 1563
195 1025
195 967
195 1065
195 682
195 237
195 848
195 1809
195 435
195 280
195 314
195 667
195 1370
196 931
196 325
196 742
196 1130
196 1836
196 1453
196 335
196 595
196 1748
196 534
196 1559
196 1560
197 834
197 932
197 614
197 1066
197 560
197 529
197 443
197 671
198 1248
198 292
198 518
198 774
198 552
198 207
198 246
198 1079
198 1885
198 1413
199 387
199 1352
199 1682
199 1635
199 344
199 1658
199 1148
199 573
199 894
199 1055
200 1152
200 485
200 1734
200 1838
200 1648
200 657
200 1304
200 1212
201 1793
201 709
201 1773
201 1012
201 1397
201 1303
201 860
202 355
202 444
202 942
202 496
202 886
202 1084
203 1504
203 1332
203 1318
203 583
203 718
203 272
203 1044
203 374
203 857
203 827
204 1576
204 1857
204 467
204 959
205 420
205 1720
205 1169
205 1331
205 1240
205 990
205 1887
206 868
206 1125
206 1286
206 1446
206 776
206 1098
206 1586
206 1348
206 1779
206 1015
206 379
206 1052
206 1213
207 1250
207 586
207 366
207 1233
207 1467
208 481
208 1766
208 551
208 682
208 850
208 341
208 1718
208 1079
209 1728
209 1505
209 322
209 1243
209 1578
209 1516
209 1727
210 1792
210 1730
210 1508
210 1645
210 1293
210 1241
210 607
211 1075
211 242
211 331
211 229
212 1762
212 1612
212 1516
212 1389
212 1135
212 850
212 922
212 1661
212 1438
213 1184
213 229
213 1708
213 1420
213 717
213 1626
213 510
213 767
214 1376
214 641
214 1768
214 1647
214 914
214 568
214 538
214 475
214 1743
215 800
215 993
215 964
215 1088
215 1450
215 555
215 908
215 562
216 1313
216 419
216 1382
216 712
216 554
216 290
216 1389
216 404
216 1141
216 698
216 1051
216 1581
216 1151
217 1858
217 425
217 784
217 916
217 1278
217 1814
217 1881
217 1082
217 700
217 254
217 1557
218 1321
218 858
218 894
218 1713
219 1540
219 871
219 813
219 1263
219 1520
219 499
219 1892
219 1615
220 1025
220 237
220 1038
220 591
220 1303
221 1760
221 969
221 1131
221 1484
221 623
221 375
221 1743
221 986
221 411
221 510
222 1718
222 682
222 1038
222 1809
222 1430
222 1130
223 546
223 324
223 1261
223 846
223 784
223 306
223 1556
223 505
223 1562
223 635
223 1630
223 1887
224 813
224 279
225 1221
225 1483
225 364
225 817
225 1374
225 1310
225 603
225 989
225 507
226 963
226 869
226 710
226 679
226 1361
226 363
226 366
226 1041
226 1419
227 1153
227 322
227 259
227 1833
227 592
227 1619
227 1398
227 572
227 893
228 1203
228 808
228 1308
228 688
228 1896
228 531
228 1686
228 1560
228 1309
229 384
229 1281
229 418
229 991
229 469
230 832
230 360
230 1642
230 1327
230 981
230 759
230 1690
230 382
231 928
231 1704
231 1853
231 692
231 1242
231 700
231 890
232 452
232 616
232 1197
232 1774
232 721
232 1235
232 276
232 601
232 426
233 1031
233 490
233 1521
233 1118
233 406
233 1662
233 1406
234 1122
234 1195
234 1224
234 1001
234 938
234 779
234 1872
234 1256
234 850
234 980
234 1240
234 276
234 540
234 1535
235 464
235 1250
235 982
235 1185
235 1128
235 366
235 400
235 374
236 610
236 1058
236 1155
236 934
236 1787
236 1800
236 1034
236 941
236 558
236 531
236 958
236 245
237 802
237 259
237 1510
237 1299
237 412
237 1746
237 760
237 628
238 1088
238 778
238 1532
238 1789
238 1086
239 705
239 1159
239 1645
239 1680
239 1074
239 245
239 727
239 538
239 1467
240 1253
240 646
240 1469
240 1480
240 690
240 885
240 1468
240 1405
241 648
241 1074
241 690
241 567
241 831
242 538
242 1733
242 503
243 547
243 556
243 718
243 1522
243 979
243 1591
244 288
244 1536
244 1445
244 1830
244 328
244 648
244 1486
244 1295
244 433
244 1330
244 758
244 1529
244 508
244 874
244 1661
245 1318
245 1290
245 1870
245 847
245 1073
245 635
246 1826
246 871
246 521
246 1163
246 1708
246 1839
246 501
246 791
246 1241
246 286
246 319
247 260
247 786
247 1485
247 722
247 1172
247 791
248 1067
248 1774
248 808
248 949
248 1303
248 1497
248 1205
249 1088
249 708
249 677
249 978
249 342
249 760
249 793
249 1405
250 384
250 1259
250 452
250 360
250 924
250 1195
250 1555
250 1876
250 1365
250 824
250 284
250 541
251 1157
251 1256
251 618
251 1295
251 1304
251 1532
251 1797
252 644
252 1767
252 588
252 1069
252 942
252 1275
252 1468
252 1502
252 703
253 1521
253 1421
253 1646
253 978
254 1636
254 583
254 1649
254 1811
254 1809
254 508
255 481
255 870
255 776
255 1165
255 1134
255 1312
255 1376
255 338
255 827
255 541
256 418
256 748
256 1058
256 638
256 1880
256 670
256 1269
257 608
257 1672
257 425
257 524
257 1630
257 1464
257 1595
257 1310
258 1761
258 1329
258 1231
258 786
258 1555
258 502
258 1841
258 1023
259 768
259 676
259 682
259 1583
260 1667
260 425
260 1163
260 1324
260 1358
260 943
260 348
260 349
261 281
261 1203
261 402
262 672
262 996
262 618
262 1652
262 874
262 958
262 1855
263 681
263 1194
263 1007
263 783
263 1020
264 996
264 1260
264 910
264 1360
264 1620
264 820
264 1764
264 438
264 504
264 409
264 1663
264 383
265 1852
265 1227
265 1260
265 397
265 1104
265 850
265 1397
265 630
265 633
265 572
265 1118
266 1793
266 645
266 1356
266 1493
266 1018
266 1244
267 1152
267 594
267 284
268 832
268 1792
268 1538
268 1219
268 1060
268 1641
268 1230
268 1817
268 1501
268 1438
269 1026
269 1828
269 1829
269 326
269 1031
269 1225
269 364
269 1869
269 1235
269 598
269 1400
269 1309
270 672
270 420
270 1389
270 1362
270 468
270 469
270 668
271 289
271 1122
272 1664
272 1570
272 867
272 1674
272 1555
272 1333
273 519
273 1430
273 729
273 1880
273 313
273 1114
274 1344
274 1284
274 1493
274 1750
274 663
274 1753
274 413
275 506
275 709
275 1543
275 1687
275 589
275 1485
275 1076
275 1367
275 1274
275 1370
275 538
275 1438
276 742
276 393
276 562
276 279
276 699
276 1055
277 832
277 1063
277 1705
277 630
277 1662
278 896
278 1705
278 970
278 1583
278 885
278 1559
278 1598
278 319
279 1601
279 546
279 1355
279 1830
279 363
279 1442
279 1394
279 1087
280 1540
280 1739
280 846
280 1394
281 675
281 516
281 1596
281 527
281 1075
281 344
281 1689
281 443
281 1148
281 541
282 298
282 775
282 1073
282 1561
282 1372
282 1790
283 1250
283 387
283 1092
283 1032
283 617
283 298
283 1006
283 1135
283 1717
283 567
283 1214
284 992
284 834
284 1155
284 1284
284 325
284 1704
284 1614
284 1328
284 786
284 1843
284 725
284 1374
284 965
285 320
285 643
285 1029
285 742
285 1147
285 348
285 958
286 1412
286 1734
286 423
286 1804
286 500
286 1877
286 1494
286 920
287 1088
287 519
287 784
287 660
287 347
288 1128
288 1681
288 371
288 1493
288 1556
288 1725
288 574
288 863
289 1248
289 1698
289 1703
289 1459
289 405
289 311
289 1274
289 1694
289 373
290 321
290 1250
290 1155
290 356
290 613
290 555
290 589
290 720
290 337
290 1202
290 1859
290 340
290 932
290 702
291 1312
291 1797
291 1798
291 1131
291 1620
291 671
292 1536
292 1160
292 1850
292 333
292 430
292 1744
292 1818
292 1469
292 766
293 770
293 325
293 1192
293 1835
293 1293
293 1135
293 1522
293 1236
293 655
293 517
294 1632
294 709
294 614
294 1217
294 816
294 722
294 1556
294 1340
295 1826
295 365
295 1391
295 816
295 722
295 1110
295 1239
296 1795
296 1161
296 811
296 1170
296 692
297 1602
297 681
297 1834
297 1831
297 750
297 1437
297 373
297 377
297 1277
297 1781
298 1088
298 1520
298 1284
298 1416
298 681
298 1167
298 623
298 560
298 1587
298 1075
298 884
298 1338
299 1410
299 1003
299 836
299 310
299 439
299 493
299 1667
299 630
299 535
299 1631
299 731
299 1086
299 1343
300 1540
300 1511
300 1751
300 306
300 1843
300 1237
300 1559
300 676
300 1754
300 1885
301 544
301 834
301 651
301 1642
301 304
301 1035
301 1878
301 1335
301 509
301 1534
302 1065
302 459
302 851
302 723
302 951
302 378
302 543
303 672
303 1879
303 749
303 1040
303 1256
303 1079
303 574
304 505
304 1324
304 1308
304 527
305 578
305 1091
305 422
305 828
305 1822
305 1331
305 1315
305 725
305 892
305 1533
305 1246
306 1410
306 870
306 1031
306 1447
306 876
306 1393
306 314
306 1662
307 1890
307 931
307 1462
307 1009
307 1098
307 587
307 952
307 469
307 1655
307 1401
307 1563
307 821
308 1249
308 1377
308 1455
308 1023
308 1437
308 1087
309 482
309 619
309 878
309 819
309 686
309 1594
309 1045
310 1270
310 802
310 1315
310 1078
310 1154
310 621
310 1422
310 1620
310 894
310 759
310 953
310 1114
310 638
311 1320
311 362
311 1680
311 977
311 1470
311 312
311 574
311 895
312 961
312 1218
312 1607
312 816
312 662
312 377
312 1791
312 1661
312 831
313 320
313 642
313 795
313 1220
313 455
313 1160
313 1614
313 1147
313 1716
313 1878
313 855
313 1818
313 347
313 1340
313 1882
313 1022
314 708
314 1179
314 681
314 363
314 1687
314 1751
314 661
314 1559
314 475
315 1744
315 1474
315 1132
315 1101
315 1807
315 368
315 660
315 792
315 1629
315 542
316 962
316 1158
316 904
316 847
316 1577
316 1176
316 317
317 673
317 1091
317 1285
317 1830
317 1639
317 1367
317 1644
317 916
317 1622
317 759
317 1899
317 701
318 835
318 964
318 1254
318 742
318 364
318 459
318 684
318 557
318 1552
318 1812
318 1195
318 1462
318 1787
319 1476
319 1511
319 880
319 351
320 1147
320 1863
320 1578
320 1547
320 559
320 1748
320 1559
320 923
320 1339
321 355
321 1353
321 1195
321 1777
321 732
322 1764
322 938
322 1101
322 718
322 1693
322 1038
322 1849
322 829
322 575
323 521
323 1801
323 430
323 967
324 773
324 1582
324 1580
324 1326
324 531
324 1556
324 1237
324 1630
324 1215
325 867
325 814
325 1106
325 1427
325 1428
325 987
325 1278
325 837
326 385
326 997
326 554
326 1711
326 1587
326 1240
327 1443
327 996
327 380
327 940
327 1869
327 1712
327 1654
327 1787
327 540
327 1278
328 741
328 1222
328 817
328 839
328 1870
328 1775
328 1072
328 594
328 340
329 1735
329 776
329 1895
329 655
329 1586
329 1331
330 675
330 1509
330 1543
330 616
330 886
330 572
331 514
331 999
331 1459
331 984
331 729
332 773
332 1611
332 975
332 1780
332 633
332 1402
332 1820
333 1634
333 550
333 1532
333 780
333 1689
333 473
333 570
333 1244
333 1694
334 1056
334 935
334 1224
334 842
334 464
334 1751
335 1284
335 1091
335 880
335 1244
335 1034
335 1487
335 720
335 1724
335 338
335 883
335 1276
335 695
335 537
335 570
335 1468
335 572
336 1033
336 1167
336 1264
336 721
336 791
336 1295
336 1148
337 805
337 472
337 697
337 1371
337 1020
338 1765
338 1398
338 1325
338 915
338 724
338 1334
338 1620
338 1613
339 1866
339 431
339 1488
339 1507
339 954
340 1865
340 425
340 930
340 1678
340 983
341 544
341 553
341 1421
341 1294
341 1859
341 1749
341 1303
341 1817
341 924
342 1707
342 1497
342 954
342 603
342 892
342 989
343 1164
343 1198
343 854
343 632
343 1018
343 349
344 1105
344 1121
344 355
344 1574
344 681
344 1293
344 1775
344 881
344 1683
344 856
345 776
345 1612
345 397
345 1443
345 963
345 948
345 504
346 864
346 1217
346 1477
346 1703
346 1097
346 1738
346 1835
346 1518
346 628
346 1238
346 1847
346 1819
346 991
347 1250
347 1220
347 1456
347 1489
347 1842
347 436
347 533
347 888
347 541
347 437
348 516
348 1706
348 1098
348 1036
348 1150
348 1679
348 528
348 693
348 1430
348 921
348 862
349 835
349 1673
349 909
349 686
349 531
349 1044
349 1301
349 723
349 772
349 1882
349 444
350 640
350 418
350 579
350 1743
350 1146
350 399
351 1348
351 613
351 1458
351 1398
351 1175
352 1091
352 1735
352 426
352 364
352 1166
352 695
352 760
352 1883
352 958
352 1695
353 803
353 772
353 1607
353 969
353 1515
353 1100
353 1011
353 1206
353 1848
353 443
353 1116
353 1566
354 1734
354 1191
354 1650
354 1047
354 1112
355 580
355 1317
355 1552
355 401
355 1556
355 1145
355 1628
355 829
355 894
356 906
356 596
356 697
356 1688
356 1276
356 1802
357 1384
357 1365
357 1654
357 856
357 1333
358 1408
358 841
358 1738
358 1404
358 1008
358 1043
358 691
358 1878
358 1463
358 1048
358 505
358 1851
358 1045
358 981
359 1122
359 1124
359 1769
359 812
359 1005
359 1400
359 1716
359 628
359 504
359 852
359 634
360 1600
360 634
360 1767
360 556
360 1808
360 1362
360 532
360 1720
360 921
360 1339
360 410
361 1028
361 713
361 682
361 1455
361 1616
361 1107
361 1444
361 509
362 1680
362 1617
362 846
363 1211
363 1322
363 1154
363 655
363 1336
363 474
363 1051
363 1276
364 711
364 1105
364 568
364 697
364 1661
364 1311
365 865
365 1478
365 1416
365 660
365 1526
365 1401
366 1675
366 1284
366 1190
366 582
366 1224
366 1194
366 1548
366 1506
366 720
366 853
366 1796
366 1211
367 770
367 901
367 1199
367 1528
367 1235
367 1495
367 440
367 602
367 987
367 894
368 608
368 1474
368 507
368 1228
368 1826
368 686
368 1619
368 1267
368 926
369 933
369 1447
369 551
369 436
369 1509
369 1179
369 543
370 1348
370 1483
370 780
370 1588
370 923
370 1246
370 575
371 806
371 1448
371 463
371 1681
371 658
371 660
371 564
371 916
372 645
372 1256
372 842
372 555
372 1394
372 756
372 1078
372 566
373 736
373 1186
373 516
373 1862
373 1510
373 1291
373 1708
373 1296
373 1842
373 728
373 699
374 417
374 1773
374 1520
374 1012
374 1044
374 1435
374 957
374 1822
375 1857
375 839
375 663
375 1101
375 1552
375 1720
375 1202
375 1269
375 822
375 407
375 952
375 1146
376 1856
376 581
376 745
376 941
376 1743
376 1264
376 1528
376 915
376 1396
376 1400
377 1794
377 419
377 1707
377 908
377 537
378 550
378 1865
378 681
378 1325
378 1712
378 437
378 855
378 827
378 668
379 929
379 932
379 1637
379 1159
379 1324
379 1719
379 1220
379 635
380 545
380 1060
380 486
380 712
380 1287
380 748
380 784
380 1876
380 1078
380 1252
380 1626
380 1758
381 579
381 841
381 1068
381 911
381 687
381 828
381 957
382 1041
382 1260
382 973
382 1773
382 561
382 1588
382 1237
382 731
382 1311
383 1218
383 739
383 1157
383 711
383 686
383 1202
383 603
384 832
384 482
384 1315
384 807
384 587
384 1090
384 1575
384 1649
384 1822
384 1532
385 1248
385 994
385 1795
385 1664
385 709
385 1006
385 663
385 1306
385 926
385 1861
386 1093
386 1289
386 398
386 1733
386 856
386 1758
386 1701
387 416
387 1612
387 1791
388 912
388 426
388 1597
388 720
388 1430
388 1048
388 1117
388 1845
389 475
389 1221
389 457
389 1329
389 1321
389 1558
389 1001
389 1049
389 603
389 701
390 1155
390 860
390 1502
391 896
391 485
391 961
391 940
391 462
391 1569
392 1184
392 1729
392 1347
392 1156
392 1447
392 1832
392 1835
392 683
392 1493
393 1761
393 906
393 1323
393 1612
393 1009
393 1560
393 1620
393 892
394 548
394 775
394 840
394 427
394 1517
394 1838
394 1359
394 884
394 1372
395 1505
395 1316
395 1415
395 554
395 1324
395 1389
395 627
395 1876
396 1648
396 1801
396 1722
396 1356
396 1804
397 1379
397 1675
397 523
397 1580
397 1165
397 1296
397 1635
397 949
397 696
397 1020
398 544
398 704
398 837
398 1777
399 1888
399 867
399 1764
399 905
399 1423
399 914
399 419
400 1313
400 1447
400 902
400 583
400 1001
400 1866
400 1227
400 1451
401 1411
401 431
402 930
402 1019
402 1805
402 1777
402 1194
402 1325
402 1410
402 1613
402 1336
402 1860
402 1402
402 891
402 1514
403 1666
403 969
403 1132
403 1325
403 749
403 1136
403 1428
403 536
403 1401
403 1327
404 740
404 1382
404 1254
404 1000
404 1261
404 1717
404 1083
404 1669
405 1667
405 934
405 718
405 692
405 1788
405 784
406 1088
406 1698
406 1444
406 520
406 1738
406 1533
406 1425
406 1203
406 701
406 991
407 416
407 1731
407 1738
407 1008
407 661
407 1757
408 1218
408 1124
408 1577
408 1770
408 491
408 1164
408 1634
408 910
408 979
408 1144
408 506
408 829
409 1824
409 1259
409 908
409 1250
409 596
410 1091
410 1668
410 1318
410 1808
410 1780
410 612
411 1317
411 1195
411 1196
411 1005
411 412
412 1409
412 770
412 1403
412 842
412 1515
412 1776
412 1012
413 1816
413 1684
413 1038
414 737
414 611
414 1224
414 1198
414 690
414 1731
414 1785
414 1211
414 1663
415 896
415 1250
415 550
415 455
415 717
415 1622
415 795
415 1790
416 544
416 1249
416 1573
416 810
416 1741
416 1312
416 1552
416 1208
416 1578
416 990
417 1794
417 1418
417 843
417 1585
417 790
417 983
417 857
417 1211
418 1768
418 428
418 1743
418 1137
418 1716
418 949
418 1468
419 1314
419 1189
419 902
419 872
419 1164
419 1110
419 1082
420 1033
420 1898
420 656
420 1134
420 663
421 1089
421 549
421 615
421 527
422 834
422 709
422 527
422 1177
422 1019
422 1021
423 546
423 902
423 1054
423 1806
423 653
423 1262
423 1809
423 1298
423 1140
423 1013
423 759
423 1802
424 1473
424 1579
424 886
424 907
424 1302
424 1305
424 729
424 1207
425 897
425 545
425 450
425 773
425 1738
425 1295
425 1296
425 1267
425 1884
426 1766
426 1897
426 589
426 1768
426 1592
426 1405
427 464
427 1700
427 1416
427 432
427 883
427 1879
427 1053
428 929
428 1446
428 966
428 1131
428 1452
428 429
428 882
428 915
428 1236
428 958
428 1718
428 920
428 827
428 668
428 797
428 898
429 705
429 1252
429 1382
429 1677
429 884
429 1462
429 1501
430 1673
430 874
430 1550
430 707
430 793
430 1179
431 1378
431 1795
431 522
431 722
431 540
432 930
432 1379
432 580
432 1417
432 813
432 985
432 538
432 734
433 1648
433 1554
433 532
433 791
433 1853
433 862
434 1881
434 877
434 1390
435 875
435 1677
435 1231
435 1111
436 1505
436 1026
436 1700
436 1126
436 1299
436 883
436 857
437 483
437 708
437 1030
437 554
437 1645
437 1359
437 726
437 1604
438 1536
438 1548
438 1359
438 1330
438 476
438 1661
438 1823
439 676
439 490
439 464
439 529
439 757
439 1784
439 1214
439 1621
440 1606
440 839
440 554
440 1447
440 912
440 1526
440 1226
441 1740
441 810
441 1036
441 654
441 1779
441 1268
441 726
441 732
442 1700
442 1415
442 872
442 1003
442 1391
442 1712
442 1813
442 1849
442 1860
442 1050
442 1722
443 1766
443 905
443 1047
443 460
443 1299
443 1015
443 1161
443 698
443 972
443 1413
444 1793
444 1137
444 1652
444 629
444 631
444 1816
444 1247
444 895
445 1291
445 1641
445 987
446 1808
446 1827
446 837
446 678
446 551
446 1863
446 1262
446 1797
446 1372
446 1381
447 1506
447 1188
447 1033
447 1037
447 914
447 1401
447 569
448 1359
448 1521
448 1426
448 1235
448 1748
448 691
448 886
448 666
448 892
449 1472
449 1256
449 1392
449 666
449 1053
450 1773
450 1583
450 1097
450 1330
450 660
450 1239
451 1600
451 1347
451 1029
451 1869
452 992
452 929
452 1388
452 1324
452 493
452 1521
452 1109
452 1429
453 1028
453 1106
453 1166
453 978
453 1364
453 822
453 1623
453 827
453 1564
454 1840
454 1250
454 995
454 676
454 1477
454 1159
454 876
454 1453
454 1808
455 1409
455 1254
455 1557
455 1840
455 561
455 1234
455 1525
455 1881
455 1020
456 1853
456 1001
456 1770
456 1346
456 1327
456 1362
456 470
456 1816
457 545
457 1350
457 966
457 1638
457 1135
457 1587
457 1404
457 1022
458 1507
458 1003
458 1197
458 1454
458 1617
458 1731
458 536
458 507
459 480
459 805
459 561
459 1707
459 1246
459 754
459 638
460 676
460 1288
460 898
460 1231
460 1138
460 1365
460 1466
460 1538
460 1711
460 766
461 1155
461 1480
461 1065
461 945
461 1394
461 1203
461 1850
461 831
462 962
462 903
462 1266
462 499
462 724
462 1560
462 1274
462 700
463 1024
463 478
463 1114
463 638
464 1792
464 865
464 623
464 1522
464 595
464 757
464 1247
465 1893
465 934
465 968
465 556
465 1391
465 534
466 1225
466 1270
466 1466
466 958
466 479
467 546
467 1284
467 1413
467 1290
467 1794
467 1858
467 1572
467 883
467 1529
467 1116
467 1861
468 1125
468 1400
468 569
468 571
468 1404
469 707
469 996
469 1287
469 1866
469 1899
469 812
469 1603
469 1358
469 1622
469 1751
469 1220
469 1884
470 1696
470 513
470 977
470 941
470 1582
470 1341
470 785
470 1812
470 1662
470 1849
470 957
470 1503
471 1675
471 646
471 1702
471 1003
471 1230
471 1876
472 899
472 1572
472 620
472 1743
472 1586
472 1814
473 1256
473 1228
473 588
473 719
473 592
473 1114
473 895
474 1794
474 1283
474 1756
474 1382
474 999
474 521
474 1262
474 850
474 1054
474 1079
474 1503
474 1276
474 798
474 639
475 675
475 1053
475 1245
475 1274
475 1307
475 541
475 1061
476 480
476 544
476 1059
476 1142
476 966
476 594
476 953
476 1245
476 1541
477 1321
477 1035
477 722
477 1493
477 1846
477 1210
478 610
478 771
478 1609
478 1289
478 1474
478 1538
478 535
479 1249
479 1607
479 1257
479 626
479 1880
479 827
480 1333
480 566
480 503
480 1819
481 1025
481 706
481 1763
481 1350
481 1194
481 628
481 1817
482 1665
482 995
482 698
482 1824
483 1377
483 740
483 1295
483 1850
483 859
483 604
483 1022
483 949
484 838
484 648
484 1867
484 1326
484 632
485 681
485 924
485 1351
485 1064
485 956
486 1568
486 609
486 865
486 988
486 1249
486 1036
486 1897
486 1775
486 1649
486 658
486 1747
486 1417
486 1438
487 1676
487 812
487 605
487 594
487 1332
488 807
488 1447
488 1297
488 910
488 945
488 1395
488 564
488 1556
488 1727
488 1269
489 1804
489 810
489 988
489 693
489 1239
490 832
490 865
490 1411
490 1765
490 778
490 632
490 827
490 1642
491 1189
491 1097
491 1688
491 1549
491 1773
491 1528
491 978
491 1269
491 889
492 738
492 876
492 976
492 1758
492 1624
492 1369
492 1054
493 736
493 1005
493 943
493 760
493 1604
494 832
494 513
494 1063
494 936
494 1675
494 1431
494 1784
494 729
494 1054
495 705
495 794
495 1779
495 1562
495 1478
496 1537
496 1659
496 1799
496 984
496 1689
496 1051
497 1825
497 1315
497 1604
497 1893
497 1138
497 925
497 946
497 853
497 600
497 1199
498 577
498 578
498 1189
498 552
498 907
498 1413
499 676
499 1430
499 732
499 1227
499 1745
499 790
499 1432
499 1052
500 1379
500 518
500 947
500 693
500 1048
500 985
500 1754
500 1147
500 1340
500 1087
501 1285
501 1576
501 1709
501 1838
501 1613
501 1564
502 869
502 1492
502 1299
502 532
502 1268
502 957
502 863
503 1667
503 1636
503 1799
503 1771
503 1458
503 1876
503 950
503 1630
504 609
504 1313
504 561
504 690
504 662
504 1466
504 860
505 1530
505 1699
505 1732
505 1512
505 1077
505 1623
505 666
505 1180
505 1274
506 770
506 1096
506 1002
506 1738
506 1886
507 1794
507 647
507 1294
507 1522
507 1110
507 1372
507 863
508 1282
508 1275
508 1691
508 1039
508 1763
508 1448
508 1466
508 671
509 1570
509 719
509 913
509 1522
509 1428
509 888
509 1199
510 673
510 587
510 1806
510 1724
511 1090
511 1287
511 1673
511 1709
512 1443
512 772
512 1797
512 1446
512 1736
512 681
512 908
512 689
512 1170
512 1655
512 670
513 1894
513 873
513 686
513 593
513 1630
513 702
513 639
514 1832
514 1706
514 1459
514 984
514 1050
514 1738
514 767
515 801
515 1657
515 1296
515 1234
515 1143
515 1240
516 1409
516 1837
516 1423
516 1744
516 1753
516 1807
517 1387
517 986
517 858
517 1438
517 997
518 1889
518 934
518 939
518 955
518 1436
518 1469
519 1184
519 1858
519 1265
519 1880
519 1145
520 800
520 1033
520 1078
521 802
521 745
521 1391
521 1584
521 1682
521 628
521 1493
521 1816
522 1440
522 579
522 1734
522 1576
522 899
523 1155
523 1189
523 840
523 846
523 1871
523 1042
523 791
524 1440
524 835
524 1285
524 620
524 913
524 1618
524 953
524 1818
525 1568
525 1602
525 1287
525 1102
525 1615
525 1072
525 1715
525 1272
525 636
526 774
526 712
526 681
526 528
526 1555
526 1143
527 1888
527 1218
527 1640
527 782
527 689
527 1571
528 769
528 1174
528 1034
528 593
528 1236
528 597
528 1110
528 1050
528 1374
529 1763
529 1606
529 1883
529 1388
529 1773
529 559
529 1137
529 1878
529 1819
529 1532
530 1153
530 675
530 1604
530 1777
530 981
530 1814
531 808
531 1257
531 623
531 1329
531 1366
531 1527
531 728
531 1852
531 1695
532 1569
532 966
532 1386
532 936
532 1117
532 1054
533 1572
533 1383
533 1805
533 1518
533 1271
534 1859
534 1876
534 1782
534 868
534 1403
535 1633
535 555
535 1254
535 1665
535 875
535 942
535 1681
535 740
535 1403
535 1053
535 1589
536 1159
536 1321
536 1387
536 1360
536 1639
537 646
537 872
537 1097
537 844
537 655
537 789
537 1662
538 930
538 1573
538 1561
538 1404
538 1821
539 770
539 615
539 1512
539 1324
539 817
539 1503
540 1091
540 1542
540 914
540 1814
540 1595
540 542
541 1826
541 959
541 1258
541 1591
541 1470
541 729
541 798
542 1506
542 582
542 1000
542 1898
542 1762
542 689
542 1170
542 1206
542 1271
542 1241
542 957
542 702
543 1888
543 1601
543 790
543 721
543 1169
543 1068
543 1613
543 1520
543 854
544 1590
545 1858
545 1604
545 581
545 1738
545 1175
545 1020
545 1358
545 1464
545 1823
546 832
546 1443
546 1151
546 1453
546 1491
546 1807
546 1424
546 639
547 579
547 549
547 1027
547 1781
547 1630
547 1567
548 1189
548 1353
548 1172
548 1141
549 1091
549 553
549 1450
549 1176
549 1844
549 755
549 1118
550 929
550 873
550 1383
550 943
550 1812
550 1333
550 728
551 1698
551 838
551 1063
551 617
551 1758
552 896
552 1281
552 1734
552 1548
552 1420
552 909
552 723
552 1632
553 1285
553 1320
553 1257
553 821
553 888
553 1380
554 673
554 1828
554 1185
554 1292
554 1788
554 1825
554 1297
554 1471
555 1293
555 1743
555 1232
555 732
556 611
556 1692
556 1226
557 896
557 609
557 1700
557 774
557 879
557 1264
557 1071
557 829
558 1675
558 1805
558 1111
559 832
559 928
559 773
559 657
559 1259
559 1326
559 995
559 888
559 567
559 632
559 990
560 1066
560 999
560 1359
560 787
560 757
560 631
560 1754
560 1340
560 637
560 734
561 749
561 1112
561 1653
562 1861
562 648
562 1609
562 682
562 877
562 1581
562 1552
562 1214
563 1121
563 1446
563 1224
563 1232
563 1875
563 1557
563 924
563 1309
564 866
564 932
564 713
564 1771
564 1036
564 1166
564 1277
564 1592
564 1593
564 1276
564 733
565 1600
565 601
565 1564
565 1836
565 1607
566 1802
566 973
566 1517
566 568
567 608
567 1521
567 1315
567 1875
567 1233
567 905
567 1263
567 1729
568 1291
568 945
568 850
568 1149
568 965
569 1062
569 1158
569 1381
569 1083
569 1791
570 1153
570 1192
570 753
570 1424
570 1647
570 1149
571 1024
571 1507
571 617
571 686
571 1072
571 1343
572 1627
572 1349
572 1414
572 1483
572 1100
572 622
572 1456
572 1394
572 590
572 1751
572 1595
573 579
573 1477
573 1482
573 1547
573 879
573 1041
573 1176
573 1433
573 1181
574 1122
574 1546
574 1474
574 1230
574 1748
574 857
575 1665
575 1253
575 1480
575 1577
575 1359
575 1692
575 1405
576 1665
576 968
576 1419
576 1357
576 1366
576 701
576 863
577 710
577 1800
577 1385
577 1483
577 1141
578 640
578 994
578 647
578 980
578 1014
579 1536
579 816
579 1688
579 1819
580 837
580 1478
580 1543
580 651
580 1233
580 1402
580 1799
580 1085
581 1702
581 1160
581 1001
581 1135
581 916
581 1845
581 1718
581 1691
582 1488
582 1196
582 688
582 1810
582 1172
582 1846
582 890
583 1104
583 718
583 1298
583 1182
583 784
583 637
584 736
584 1414
584 1673
584 1394
584 1073
584 978
584 1812
584 661
584 1558
584 1801
584 1723
584 1269
585 1573
585 1124
585 1206
585 646
585 1703
585 1096
585 816
585 1416
585 1843
585 1407
585 991
586 647
586 1384
586 1741
586 1328
586 662
587 1424
587 819
587 887
587 858
587 701
588 1600
588 1860
588 874
588 1517
588 1710
588 1872
588 1718
588 1048
588 1892
589 1675
589 1347
589 1429
589 958
590 1409
590 642
590 1860
590 1628
590 1195
590 1599
591 1408
591 1478
591 839
591 1129
591 1870
591 1684
592 1897
592 1143
592 1484
592 1713
592 1859
592 825
593 909
593 1070
593 1874
593 627
593 1274
593 669
594 1139
594 1715
595 1633
595 1172
595 789
595 634
596 1134
596 814
596 1869
596 1489
596 690
596 789
597 1318
597 1400
597 1335
597 1401
597 1372
598 1255
598 1868
598 1811
598 1495
598 1849
598 1819
599 1896
599 1130
599 621
600 769
600 1449
600 1425
600 1434
600 1851
600 639
601 936
601 758
601 1307
601 1596
602 1891
602 1477
602 943
602 1458
602 732
602 1597
602 1150
603 1238
603 964
603 1127
603 1097
603 652
603 1297
603 1715
603 1215
604 708
604 1580
604 1462
604 1144
604 700
604 702
605 1360
605 808
605 1104
605 1288
605 1811
605 727
605 670
606 1424
606 1840
606 1570
606 925
606 943
607 964
607 1384
607 1556
607 1077
607 1780
607 890
607 893
607 629
608 1152
608 793
608 858
609 1253
609 1675
609 1742
609 976
609 1592
609 949
609 1285
610 1692
610 617
610 1548
610 1583
610 1051
610 1679
610 1662
610 734
611 1797
611 937
611 1781
611 822
611 1722
612 1538
612 907
612 1587
612 884
612 759
612 1787
613 1088
613 1851
613 871
613 1065
613 1546
613 1420
613 891
614 1699
614 754
614 1557
614 1188
615 707
615 1105
615 1703
615 1805
615 978
615 1083
615 1590
615 1015
615 1049
615 1114
615 1630
616 1892
616 1405
616 1790
617 965
617 713
617 1031
617 923
617 674
617 975
617 1703
617 984
618 1192
618 1289
618 940
618 1648
618 724
618 1876
618 1021
619 1888
619 1409
619 783
619 1206
619 853
620 835
620 870
620 1383
620 748
620 1400
620 1507
621 1088
621 1774
621 910
621 1793
621 840
621 1226
621 1783
621 1679
621 816
621 1845
621 729
621 734
621 1471
622 1347
622 1190
622 1095
622 1168
623 1816
623 703
624 1441
624 1838
624 655
624 1750
624 1689
624 1404
624 1215
625 836
625 1799
625 1002
625 1260
625 1892
625 1374
626 1089
626 1634
626 1273
626 1605
627 1283
627 1414
627 1256
627 818
627 1811
628 1083
628 807
628 1640
628 1104
628 1096
628 1107
628 948
628 1598
628 1718
628 1080
628 827
628 830
629 1414
629 1584
629 1625
630 867
630 775
630 913
630 1875
630 1784
630 1433
630 827
630 1214
631 896
631 897
631 1361
631 1519
631 913
631 1460
631 1333
631 1681
632 1440
632 1601
632 1229
632 1177
632 1531
632 1802
632 671
633 1417
633 744
633 1008
633 1105
633 1321
633 1369
634 978
634 1590
634 745
634 1706
634 877
634 1839
634 840
634 786
634 726
635 1677
635 1145
636 1056
636 1510
636 1033
636 1515
636 1101
636 751
636 1673
636 760
636 1852
636 735
637 1360
637 1710
637 1656
637 1114
637 731
638 1292
638 755
638 822
638 1279
639 1731
639 1348
639 1669
639 1734
639 983
639 1772
639 1360
639 1714
639 919
639 1648
639 891
640 1254
640 681
640 1036
640 1006
640 1510
640 1109
640 1398
640 1454
640 1582
640 1674
641 672
641 930
641 1799
641 713
641 1369
641 1500
642 1795
642 1426
642 1559
643 801
643 1323
643 869
643 865
643 1098
643 1195
643 1244
644 743
644 1415
644 1102
644 784
644 1009
644 1490
644 987
644 893
644 990
644 1183
645 867
645 1229
645 943
645 1681
645 771
646 1323
646 1746
646 1853
647 1856
647 1551
647 1652
647 1082
647 1886
648 1488
648 1841
648 1431
648 1369
648 894
649 912
649 1715
649 693
649 1720
649 891
649 1502
650 1152
650 873
650 1869
650 1262
650 1716
650 788
650 1078
650 937
650 1268
651 1122
651 1731
651 901
651 1500
651 1186
651 944
651 1777
651 1878
651 1530
651 1551
651 1372
652 1307
652 762
653 1748
653 1541
653 894
654 1897
654 746
654 1742
654 1330
654 1653
654 1174
654 1566
655 908
655 718
655 1011
655 1339
655 702
656 900
656 1875
656 781
656 1353
657 1473
657 1642
657 1704
657 1458
657 1363
657 979
658 1030
658 1287
658 1326
658 1173
658 1303
658 792
658 1211
658 1823
659 1314
659 867
659 837
659 902
659 1515
659 1773
659 1433
659 765
659 734
659 965
660 1284
660 1866
660 1393
660 1465
660 1594
661 833
661 1467
661 919
661 859
661 1053
662 1760
662 1410
662 871
662 1762
662 1518
662 1140
662 1692
662 1213
663 1344
663 1628
663 1829
663 1190
663 1161
663 791
663 668
663 1470
663 671
664 1345
664 1316
664 1605
664 1318
664 1191
664 1555
665 930
665 1499
665 677
665 799
666 1673
666 1204
666 1466
666 1760
667 1281
667 930
667 1391
667 1525
667 694
668 718
668 1648
668 767
669 1860
669 1546
669 1649
670 674
670 1475
670 1447
670 745
670 1868
670 1747
670 1781
670 1641
670 763
670 1535
671 1216
671 1884
671 1271
671 909
671 1486
671 1616
671 1234
671 1790
672 1515
672 1705
672 843
672 1234
672 1630
673 899
673 1668
673 1360
674 1090
674 771
674 1382
674 1804
674 1586
674 1145
675 1280
675 987
675 1287
675 904
675 1361
675 1401
675 1786
675 1820
676 1824
676 1538
676 1641
676 1448
676 1593
676 1629
677 801
677 1680
677 1626
677 1307
678 1822
679 1593
679 1126
679 1489
679 783
679 1041
679 1015
679 1371
680 1057
680 1545
680 1642
680 690
680 1020
681 1479
681 1580
681 1071
681 1631
682 1568
682 1544
682 1866
682 783
683 1255
683 1097
683 1672
683 788
683 1078
683 1047
683 1535
684 1472
684 1628
684 1347
684 1189
684 1564
684 1047
684 1198
684 1079
684 796
684 1855
685 1283
685 1480
685 1166
685 1300
686 1637
686 1318
686 1185
686 1151
686 1037
686 1741
686 1554
687 1572
687 1733
687 1144
687 795
687 1598
688 1634
688 1147
688 900
688 1161
688 1162
688 1073
688 1594
688 859
689 993
689 1865
689 1808
689 1022
689 1455
690 1368
690 1505
690 1219
690 945
690 952
690 1815
690 729
691 1899
691 1711
691 1652
691 1461
692 704
692 1643
692 711
692 1546
692 977
692 1172
692 1224
693 710
693 1416
693 1618
693 1811
693 794
693 1469
694 1235
694 1844
694 1495
694 1373
694 830
695 1537
695 775
695 1128
695 711
695 979
695 789
695 1494
695 1821
695 1182
696 769
696 1889
696 1160
696 1585
696 1020
697 1505
697 1570
697 771
697 1457
697 969
697 784
697 1107
697 796
697 702
698 1088
698 1761
698 1371
698 1796
698 1223
698 1775
698 1617
698 1235
698 1431
698 1177
698 1692
699 739
699 1861
699 934
699 1777
699 1593
699 1338
700 1440
700 1570
700 1067
700 1708
700 1103
700 1393
700 1655
700 827
700 1565
700 1855
701 1672
701 1513
701 1327
701 1553
701 1305
701 921
701 858
701 1647
702 868
702 1547
702 1648
702 995
702 1435
702 1279
703 1187
703 1302
703 1254
703 1132
703 1744
703 1690
703 1567
704 1865
704 1129
704 1783
704 827
704 798
704 767
705 1552
705 1190
705 968
705 1039
705 1264
706 1188
706 1665
706 1897
706 1578
706 1644
706 717
706 1138
706 883
706 1077
706 1494
707 1603
707 1520
707 1014
708 1857
708 1860
708 1350
708 982
708 806
708 1742
708 726
708 1688
709 1728
709 1542
709 1768
709 1679
709 1233
709 1046
709 933
710 825
710 954
710 1148
710 1405
711 1819
711 843
711 1058
711 1293
711 1682
711 1827
711 1698
711 1814
711 1524
711 1279
712 898
712 867
712 1445
712 1235
712 1353
712 1619
712 1075
712 1301
713 1795
713 805
713 1510
713 1703
713 939
713 1262
713 1681
713 1271
713 1157
714 1313
714 1126
714 967
714 1352
714 1692
715 1312
715 1419
715 989
715 1725
716 1836
716 1285
717 1121
717 1164
717 1101
717 1587
717 1883
718 772
718 1203
718 1254
718 1232
718 1588
719 731
719 934
719 1751
720 967
720 1476
720 1775
720 958
721 801
721 1154
721 739
721 1360
721 1203
721 1602
721 1050
721 1274
722 1285
722 1675
722 910
722 1588
722 1807
723 966
723 1213
723 1010
723 1454
723 854
723 1752
723 988
723 1470
724 1383
724 745
724 1298
724 1264
724 1331
724 857
725 1728
725 1783
725 824
725 1693
726 1672
727 1826
727 1286
727 1351
727 1193
727 951
728 1664
728 1768
728 1452
729 1697
729 1798
729 1501
729 1205
729 1064
730 1833
730 1420
730 1229
730 824
730 1188
730 1060
731 865
731 867
731 1833
731 907
731 1005
731 1085
732 1824
732 1224
732 1389
732 1735
732 1453
732 1552
732 1715
732 1434
733 804
733 1372
733 1164
733 1653
733 860
734 1104
734 1522
735 803
735 836
735 1382
735 1803
735 1328
735 1527
735 1023
736 1475
736 937
736 918
737 1154
737 1483
737 843
737 1390
737 819
738 1482
738 1693
738 1059
738 743
738 1226
738 1423
738 1143
738 1336
738 892
739 1575
739 1800
739 1420
739 1458
739 1106
739 918
739 1304
740 1217
740 1637
740 1255
740 1580
740 1273
740 893
741 870
741 1417
741 1041
741 892
742 1193
742 1854
742 1599
743 1796
743 805
743 1253
744 1088
744 1537
744 802
744 1455
744 915
744 1014
744 1081
744 1565
745 1798
745 1066
745 1803
745 1174
745 1883
746 1794
746 839
746 1224
746 1202
746 980
746 1054
747 1889
747 1155
747 1444
747 1098
747 1524
747 1335
748 1511
748 776
748 1085
748 1245
748 1880
749 1154
749 1221
749 1841
749 1640
749 1890
749 1874
749 1780
749 1398
749 1307
749 1567
750 921
750 1890
751 1251
751 1063
751 1325
751 1425
751 1329
751 1842
751 827
751 1629
751 1662
752 1201
752 1394
752 1699
753 1604
753 1673
753 1421
753 1872
753 1042
753 1331
753 1810
753 1014
753 829
754 1090
754 778
754 1548
754 1165
754 1489
754 1811
754 1460
754 1336
754 1114
754 1890
754 1310
755 1420
755 1710
755 1491
755 1701
756 1475
756 1773
756 1200
756 1749
756 1883
756 1886
756 1183
757 1008
757 1681
757 1683
757 1241
758 942
758 1071
758 945
758 1774
759 832
759 1680
759 1157
759 1789
759 1232
759 1840
759 1348
759 1115
759 1471
760 1254
760 969
760 1354
760 1796
760 797
761 1121
761 932
761 1093
761 1226
761 1636
761 1778
761 1497
762 1616
762 812
762 1146
763 1699
763 1738
763 1899
763 1502
763 1752
763 1758
764 849
764 1571
764 1582
764 1271
765 1417
765 1290
765 893
765 979
766 1536
766 833
766 1257
766 877
767 1159
767 1326
767 1296
767 1334
768 1200
768 1702
768 1671
768 1577
768 778
768 1581
768 1373
768 1168
768 1009
768 1206
768 1241
768 1290
769 1443
769 1062
769 1201
769 1737
769 1263
769 947
769 1630
769 955
769 1086
770 1776
770 867
770 1383
770 1256
770 1621
770 1099
770 1518
770 1264
770 1550
770 1270
770 1655
770 1853
770 1662
770 1439
771 1124
771 1546
771 1612
771 1807
771 785
771 1299
771 822
771 1210
771 1839
772 1742
772 960
772 1537
772 1423
772 881
772 1874
772 1075
772 1422
772 1501
773 1600
773 1379
773 1297
773 1587
774 807
774 1064
774 1001
774 1514
774 1511
774 1740
774 1295
774 1546
775 1760
775 1636
775 1704
775 1592
775 1016
775 987
776 932
776 1526
776 1591
777 1568
777 1316
777 1460
777 1878
777 1849
777 1211
778 1572
778 1285
778 1391
778 1468
778 798
779 1280
779 1511
779 1422
779 1841
779 1242
779 1756
780 1219
780 1129
780 970
780 781
780 1205
780 1366
780 1050
780 1749
781 992
781 1122
781 854
781 1335
781 858
781 827
781 1023
782 873
782 1485
782 785
782 1755
782 1246
783 1377
783 1745
783 1175
784 805
784 1001
784 1573
784 1814
785 1288
785 1773
785 1141
785 1014
785 1180
786 1542
786 1553
786 940
786 1581
786 911
786 1265
786 1455
786 1405
787 1121
787 1283
787 1255
787 1656
787 882
787 831
788 1443
788 1407
789 993
789 903
789 974
789 1210
790 995
790 1680
790 1603
790 1338
790 1468
791 1408
791 1635
791 1739
791 1256
791 1679
791 1464
791 1113
791 1631
791 1023
792 1637
792 1889
792 1167
792 1681
792 1715
792 957
793 1538
793 882
793 1847
793 1469
794 864
794 1377
794 1188
794 1030
794 1793
794 1066
794 1302
794 1365
795 992
795 1763
795 1837
795 1190
795 1576
795 1325
795 849
795 1301
795 1688
796 1632
796 1637
796 1643
796 1197
796 1849
796 1596
797 1265
797 1813
798 1699
798 1199
799 1260
799 1074
799 1305
799 827
799 1725
800 931
800 838
800 1520
800 1503
801 1280
801 1604
801 1496
801 1723
802 1122
802 1607
802 1047
802 921
803 842
803 1135
804 1787
804 1637
804 1388
804 812
804 1167
804 946
804 1082
804 1755
805 1579
805 938
805 1699
806 1066
806 943
806 1621
806 923
807 847
807 1104
807 1320
807 824
807 1204
807 1695
808 1581
808 1752
808 1764
808 1151
809 1251
809 1164
809 1229
809 1200
809 916
809 1369
810 1153
810 1192
810 1740
810 1645
810 882
810 825
811 864
811 1603
811 1798
811 1170
811 1077
811 1627
812 1089
812 995
812 1128
812 1005
812 1071
812 1383
812 884
812 1495
812 1183
813 1056
813 1890
813 999
813 1198
813 1235
813 1683
813 1557
813 888
813 990
814 1091
814 1608
814 850
814 1235
814 1693
815 1147
815 1222
815 1067
815 1388
815 1552
815 923
815 830
816 1359
816 880
816 1777
816 1333
816 1657
817 1386
817 880
818 1254
818 1578
818 1227
818 972
818 986
819 1894
819 1601
819 1161
819 1239
819 1688
819 1279
819 1215
820 1765
820 1228
820 1586
820 1112
821 838
821 1815
821 1772
821 877
821 885
821 1705
822 967
822 1770
822 876
822 1678
822 1647
822 1520
822 913
822 1394
822 1181
823 1668
823 1338
823 1043
823 1610
823 1378
824 1010
824 1495
824 1304
825 1257
825 1113
825 1503
826 1505
826 1348
826 1671
826 1524
827 1153
827 1840
827 1719
827 964
827 847
827 1105
827 1112
827 1253
827 1014
828 887
828 1453
828 1271
828 1560
828 1433
828 1209
829 1604
829 1035
829 1140
829 1302
829 1404
830 869
830 1199
830 1012
830 1253
831 1032
831 1257
831 1311
831 1208
831 1885
832 1595
832 974
832 1835
832 1525
832 1261
832 1480
832 1311
832 1679
833 899
833 1350
833 1763
833 1724
833 1726
833 1311
834 1315
834 1256
834 1836
834 1132
834 1646
834 1880
834 1658
834 1117
835 1738
835 1012
835 1046
835 1257
836 1089
836 1606
836 1738
836 1231
836 1556
836 1816
836 1052
837 1824
837 1392
837 1232
837 1587
837 1556
837 885
838 1377
839 1400
839 1318
839 881
839 1851
839 1674
840 1384
840 1491
840 1885
841 1603
841 1893
841 1239
841 1207
841 1595
841 1151
842 909
842 878
842 1360
842 1338
843 1120
843 1003
844 1104
844 1348
844 1804
845 1856
845 1377
845 1284
845 1317
845 1320
845 943
845 1392
845 1541
846 1760
846 1697
846 1731
846 900
846 1801
846 972
846 1879
846 1018
846 1660
847 1284
847 970
847 1451
848 1823
848 1701
848 1301
849 1865
849 1763
850 1840
850 1895
850 973
850 1738
850 1684
850 1244
850 1290
850 1886
851 1173
852 1356
852 1557
852 1118
852 853
853 1540
853 1797
853 1736
853 1355
853 1840
853 1475
853 1404
854 1225
854 1753
854 1004
854 1423
854 1713
854 1661
854 1236
854 1337
854 1321
855 1168
855 1354
855 912
855 956
855 1738
856 1857
856 1398
856 1417
856 1138
856 946
856 982
856 1371
856 1245
856 1221
857 1067
857 1574
857 1127
857 1198
857 1872
857 1009
857 1750
857 1885
858 1530
858 1475
858 1351
858 1710
858 1653
859 1776
859 1010
859 1699
859 989
860 1059
860 1574
860 1411
860 1702
860 1687
860 1019
860 1580
861 1665
861 866
861 1291
861 1616
861 1661
861 1822
862 1519
862 1723
863 882
863 1812
863 1436
864 1144
865 1714
865 1011
865 1726
865 989
865 1534
865 1749
866 1090
866 1189
866 1452
866 1167
866 1616
866 1630
866 933
867 1668
867 1724
867 1134
867 1874
868 1076
868 1689
868 1435
869 1377
869 1458
869 979
869 1078
870 1199
870 1078
870 1816
870 1659
870 1054
871 1569
871 1058
871 1368
871 1781
871 1208
872 1220
872 1830
872 1673
872 1356
872 1527
872 1149
873 1030
873 1351
873 1044
874 1029
874 1269
874 902
874 1157
875 1381
875 1319
875 1099
876 1248
876 1312
876 1888
876 1761
877 1346
877 1671
877 1546
877 912
878 1725
878 1889
878 1263
879 1568
879 1847
879 1403
879 1694
880 1745
880 1785
880 889
881 1760
881 1829
881 1194
881 1179
881 1642
881 1790
882 1057
882 1160
882 1040
882 1688
882 1616
882 1322
883 1195
883 1867
883 1350
883 1162
883 1810
883 1524
884 1836
884 1715
884 1038
884 889
884 1019
884 1564
884 1086
885 1091
885 935
885 1867
885 1324
885 1389
885 1838
885 1551
885 1623
885 1854
886 1153
886 1699
886 1062
886 934
886 1345
886 1711
886 1032
886 1852
887 1286
887 1777
887 1615
887 1425
887 1526
887 1624
887 1647
887 1343
888 928
888 1250
888 1199
888 903
888 1819
888 1095
888 1339
889 1392
889 1837
889 1743
889 1585
889 1813
889 1403
889 1854
890 1079
890 976
890 1336
890 1831
891 1862
891 1004
891 1425
891 1530
891 1310
892 1090
892 1581
892 1532
892 1055
893 1095
893 1801
893 1355
893 1004
893 1470
894 1034
894 1035
894 1004
894 1588
894 1596
895 994
895 1219
895 1451
895 1250
896 1481
896 1450
896 1227
896 1256
896 1528
897 1068
897 1807
897 1851
898 932
898 1673
898 971
898 1107
898 919
898 1146
898 955
898 1309
899 1724
899 950
899 953
899 924
899 1566
899 1055
900 1284
900 1446
900 1865
900 1785
900 1533
900 1790
900 1892
901 1121
901 1381
901 1737
901 1866
901 1169
901 1714
901 1139
901 1589
901 1436
902 1702
902 1451
902 1343
903 1601
903 1845
903 1454
903 1661
904 1441
904 1701
904 1245
904 1503
905 1424
905 1570
905 1546
905 1740
905 1166
905 1040
905 1555
906 1507
906 1573
906 1780
906 1691
907 1467
907 1898
907 1675
907 1135
907 1846
907 1178
907 1436
908 1771
908 1721
908 1360
908 1238
909 1728
909 1885
909 1493
909 1724
910 1452
910 1854
910 1814
910 1054
911 1505
911 1209
911 1596
912 1319
912 1735
912 1452
912 1816
912 953
913 970
913 1231
913 1393
913 1524
914 1832
914 1643
914 1614
914 1139
914 1529
915 1699
915 1419
915 1517
915 1844
915 1047
915 956
916 979
917 1860
918 1642
918 1805
918 1294
918 1273
918 1413
919 1043
919 1590
919 1530
919 1308
920 964
920 1869
920 1325
920 1359
920 1369
921 1859
921 1894
921 922
921 1674
921 967
921 1758
922 1386
922 1813
922 1663
923 1549
924 1698
924 1638
924 1128
924 1353
924 1763
924 1367
924 1608
924 1143
925 1606
925 1384
925 1420
925 1422
925 1179
926 1281
926 1865
926 1875
926 1214
927 1639
927 939
927 1804
927 1588
928 1734
928 1416
928 1676
928 1527
928 1652
929 1184
929 1379
929 1189
929 935
929 1782
929 1476
929 959
930 1550
930 1837
931 1312
931 1157
931 1254
931 1792
932 1793
932 1722
932 1385
932 1850
932 1040
932 1689
932 1660
932 1018
933 1024
933 1152
933 1350
933 1100
933 1205
933 1816
933 1627
934 1634
934 1206
934 1191
934 1259
934 1751
935 1878
935 1290
935 1585
935 977
935 1011
935 1494
935 1371
936 1475
936 1127
936 1101
936 1074
936 1821
937 1057
937 1539
937 1393
937 1555
937 1443
937 1418
938 1673
938 1221
938 1175
938 1215
938 1055
939 1062
939 1209
939 1787
939 956
940 1540
940 1673
940 1767
940 1711
940 1270
941 1540
941 1481
941 1518
941 1107
941 1209
941 1427
942 1344
942 1220
942 1748
942 1889
942 1015
942 1732
943 1499
943 1295
944 1391
944 1553
945 1755
945 1126
945 1621
946 1033
946 1227
946 1839
946 1860
946 1022
947 1867
947 1821
947 1073
947 1433
947 1791
948 1234
949 1380
949 1640
949 1667
949 1412
949 1437
950 1856
950 1015
950 1521
950 1134
950 1686
950 1500
950 1789
951 1730
951 1068
951 1777
951 1880
951 956
951 1086
952 1585
952 1390
952 1105
952 1692
952 1567
953 1248
953 1345
953 1580
953 1587
953 1507
953 1493
954 1008
954 1043
954 1083
954 1098
955 1097
955 1485
955 1107
955 1527
955 1400
955 1337
956 1033
956 1100
956 1814
957 1864
957 1705
957 1103
957 1495
957 1629
958 1647
958 1011
958 1151
959 1128
960 1008
960 1588
960 1365
960 1494
960 1660
960 1429
961 1892
961 1222
961 1513
961 1623
961 1018
962 1858
962 1127
962 1325
962 1586
962 1747
962 1678
963 1637
963 972
963 1679
963 1816
963 1855
964 1736
964 1523
964 1310
965 1528
965 1384
965 1395
965 1357
965 1423
965 1201
965 1014
965 1085
966 1445
966 1297
966 1557
966 1750
966 1051
967 1302
967 1383
967 1703
967 1064
967 1112
967 1192
968 1217
968 1762
968 1640
968 1451
968 1325
968 1783
969 1075
969 1674
969 1880
969 1842
969 1718
970 1344
970 1324
970 1584
970 1307
970 1630
971 1283
971 1799
971 1166
971 1205
971 1723
971 1407
972 1171
972 1159
972 1276
972 1393
972 1688
973 1364
973 1173
973 1371
974 1080
974 1489
974 1481
975 1793
975 1442
975 1571
975 1071
976 1352
976 1658
977 1312
977 1103
977 1758
977 1502
978 1088
978 1828
978 1164
978 1042
978 1078
978 1529
979 1000
979 1291
979 1805
979 1735
979 1850
979 1338
979 1180
981 1024
981 1640
981 1359
981 1744
981 1686
981 1263
981 1788
982 1411
982 1325
982 1233
982 1299
982 1401
983 1379
983 1220
983 1413
983 1159
983 1773
983 1778
983 1594
984 1824
984 1772
984 1005
984 1847
984 1335
984 1500
985 1412
985 1158
986 1559
986 1838
987 1016
988 1025
988 1196
988 1711
988 1522
989 1154
989 1487
989 1333
989 1785
989 1566
989 1022
990 1223
990 1777
990 1201
990 991
991 995
991 1046
991 1199
992 1799
992 1482
992 1264
992 1779
993 1819
994 1889
994 1109
995 1548
995 1872
995 1045
996 1806
996 1423
997 1891
997 1370
997 1214
997 1599
998 1409
998 1066
998 1298
998 1807
999 1232
999 1570
999 1765
999 1414
999 1259
1000 1193
1000 1008
1000 1238
1000 1016
1000 1049
1000 1276
1001 1728
1001 1083
1001 1888
1001 1429
1001 1225
1001 1019
1002 1280
1002 1537
1002 1059
1002 1540
1002 1665
1002 1838
1002 1240
1002 1695
1003 1542
1003 1543
1003 1422
1003 1219
1004 1862
1004 1291
1004 1452
1004 1490
1004 1326
1004 1808
1004 1426
1004 1107
1004 1374
1005 1098
1005 1585
1005 1327
1005 1528
1005 1333
1005 1790
1006 1248
1006 1677
1006 1522
1006 1107
1006 1492
1007 1158
1007 1420
1007 1424
1007 1462
1007 1148
1007 1823
1008 1187
1008 1457
1008 1842
1008 1755
1008 1599
1009 1026
1009 1840
1009 1810
1009 1145
1009 1466
1009 1755
1010 1701
1010 1447
1010 1289
1010 1583
1010 1205
1010 1146
1011 1482
1011 1339
1012 1642
1012 1095
1012 1738
1012 1066
1012 1776
1012 1896
1012 1846
1012 1817
1012 1277
1013 1355
1013 1287
1013 1162
1013 1223
1013 1501
1013 1439
1014 1287
1014 1163
1014 1261
1014 1170
1014 1765
1015 1312
1015 1636
1015 1884
1015 1194
1015 1874
1015 1272
1015 1180
1015 1086
1016 1712
1016 1338
1016 1403
1016 1468
1017 1337
1017 1548
1017 1870
1017 1343
1018 1184
1018 1698
1018 1606
1018 1505
1018 1896
1018 1548
1019 1627
1019 1507
1019 1285
1019 1547
1019 1692
1019 1266
1019 1872
1019 1432
1019 1243
1020 1029
1020 1414
1020 1080
1020 1599
1020 1791
1020 1285
1021 1352
1021 1036
1021 1877
1021 1081
1021 1852
1021 1802
1022 1415
1022 1322
1023 1346
1023 1838
1023 1525
1023 1434
1023 1119
1024 1121
1024 1539
1024 1149
1024 1887
1025 1063
1025 1744
1025 1247
1026 1531
1026 1724
1026 1663
1027 1664
1027 1252
1027 1349
1027 1894
1027 1240
1027 1242
1027 1821
1028 1412
1028 1384
1028 1354
1028 1461
1028 1850
1028 1214
1029 1414
1029 1382
1029 1580
1029 1040
1029 1635
1029 1173
1029 1399
1029 1656
1030 1386
1030 1456
1030 1495
1030 1045
1031 1609
1031 1776
1031 1368
1032 1867
1032 1159
1032 1303
1032 1142
1033 1762
1033 1507
1033 1526
1033 1565
1034 1520
1034 1724
1034 1509
1034 1308
1034 1336
1034 1305
1035 1187
1035 1094
1035 1675
1035 1548
1035 1855
1036 1465
1036 1319
1036 1544
1036 1807
1036 1118
1037 1695
1038 1440
1038 1827
1038 1740
1038 1759
1038 1338
1038 1695
1039 1793
1039 1320
1039 1353
1039 1841
1039 1202
1039 1108
1040 1414
1040 1753
1040 1564
1040 1738
1040 1439
1041 1539
1041 1452
1041 1228
1042 1216
1042 1130
1042 1103
1042 1594
1043 1797
1043 1617
1043 1335
1043 1758
1044 1348
1044 1130
1044 1725
1044 1464
1044 1150
1045 1866
1045 1846
1045 1112
1045 1500
1045 1086
1046 1274
1046 1437
1046 1598
1047 1755
1047 1476
1047 1244
1047 1362
1047 1148
1047 1053
1047 1790
1047 1439
1048 1619
1048 1879
1048 1848
1049 1265
1049 1618
1049 1139
1049 1496
1050 1154
1051 1866
1051 1880
1051 1507
1051 1145
1051 1875
1052 1617
1052 1732
1053 1792
1053 1899
1053 1232
1053 1854
1054 1092
1054 1829
1054 1225
1054 1849
1054 1220
1054 1595
1054 1534
1054 1589
1055 1380
1055 1285
1055 1616
1055 1394
1055 1347
1056 1060
1056 1618
1056 1594
1057 1602
1057 1809
1057 1387
1057 1392
1057 1425
1057 1085
1058 1384
1058 1768
1058 1849
1059 1409
1059 1891
1059 1483
1059 1521
1059 1842
1059 1557
1059 1559
1060 1664
1060 1241
1061 1830
1061 1452
1061 1332
1061 1269
1061 1108
1062 1163
1062 1420
1062 1116
1063 1346
1063 1187
1063 1580
1064 1639
1064 1837
1064 1490
1064 1683
1064 1716
1064 1113
1064 1882
1064 1693
1064 1190
1065 1709
1065 1487
1065 1269
1065 1238
1065 1599
1066 1090
1066 1651
1066 1564
1066 1306
1067 1602
1068 1709
1068 1299
1068 1341
1069 1667
1069 1161
1069 1712
1069 1877
1070 1849
1070 1558
1070 1639
1071 1851
1071 1706
1071 1492
1071 1211
1072 1255
1072 1199
1072 1844
1072 1557
1072 1240
1073 1456
1073 1859
1073 1740
1073 1523
1074 1638
1074 1842
1074 1334
1074 1559
1074 1112
1074 1182
1075 1331
1076 1760
1076 1486
1076 1771
1077 1188
1077 1223
1077 1666
1077 1214
1078 1426
1078 1485
1078 1864
1078 1854
1078 1893
1079 1292
1079 1713
1079 1364
1079 1338
1080 1378
1080 1510
1080 1135
1080 1360
1080 1554
1080 1235
1080 1212
1081 1193
1081 1868
1081 1886
1081 1887
1082 1250
1082 1512
1082 1524
1082 1110
1082 1690
1083 1682
1084 1843
1084 1157
1085 1859
1085 1559
1085 1417
1085 1093
1086 1120
1086 1187
1086 1833
1086 1219
1087 1602
1087 1827
1087 1774
1087 1688
1087 1306
1087 1563
1088 1738
1088 1345
1088 1843
1088 1552
1088 1299
1088 1364
1088 1684
1088 1210
1089 1575
1089 1290
1089 1879
1090 1635
1090 1847
1090 1343
1091 1476
1091 1768
1091 1707
1091 1398
1091 1764
1092 1512
1092 1174
1092 1247
1093 1539
1093 1862
1094 1482
1094 1583
1094 1328
1095 1718
1096 1484
1096 1682
1096 1757
1096 1214
1097 1701
1097 1154
1097 1867
1097 1593
1098 1408
1098 1441
1098 1508
1098 1332
1098 1631
1099 1416
1099 1748
1099 1166
1100 1120
1100 1602
1100 1313
1100 1195
1100 1534
1101 1344
1101 1582
1101 1657
1102 1423
1102 1367
1102 1786
1102 1385
1103 1224
1103 1677
1103 1591
1103 1778
1104 1410
1104 1381
1104 1809
1104 1577
1105 1281
1105 1250
1105 1400
1105 1640
1105 1129
1105 1479
1105 1715
1106 1290
1106 1484
1106 1805
1106 1234
1106 1692
1106 1546
1107 1125
1107 1451
1107 1458
1107 1459
1108 1403
1109 1664
1109 1701
1109 1218
1109 1678
1109 1398
1109 1401
1109 1693
1110 1897
1111 1638
1111 1213
1112 1730
1112 1596
1113 1542
1113 1586
1113 1458
1113 1397
1113 1752
1114 1417
1114 1522
1114 1523
1114 1788
1114 1822
1115 1601
1116 1444
1116 1417
1116 1668
1117 1169
1117 1660
1117 1727
1119 1537
1119 1555
1119 1687
1119 1601
1120 1132
1120 1834
1120 1838
1120 1648
1120 1630
1121 1892
1121 1446
1121 1804
1121 1702
1121 1726
1122 1760
1122 1379
1122 1525
1122 1666
1122 1789
1122 1515
1123 1703
1123 1198
1123 1839
1123 1721
1124 1834
1124 1177
1124 1309
1125 1772
1125 1353
1125 1612
1125 1741
1125 1716
1126 1578
1126 1167
1126 1170
1126 1526
1126 1403
1127 1421
1127 1650
1127 1437
1127 1758
1127 1311
1128 1259
1128 1660
1128 1197
1128 1645
1128 1716
1128 1291
1128 1210
1129 1314
1129 1702
1129 1267
1129 1592
1129 1753
1129 1884
1130 1408
1130 1698
1130 1547
1130 1813
1130 1850
1131 1377
1131 1501
1131 1887
1132 1136
1132 1251
1132 1636
1132 1315
1132 1372
1133 1504
1133 1832
1133 1447
1133 1188
1133 1207
1134 1837
1134 1820
1134 1566
1136 1219
1136 1379
1136 1785
1137 1380
1137 1383
1137 1389
1138 1889
1139 1391
1139 1687
1139 1435
1140 1416
1140 1396
1141 1157
1141 1585
1141 1234
1141 1497
1141 1726
1142 1449
1142 1387
1142 1583
1142 1426
1142 1240
1143 1672
1143 1481
1143 1378
1143 1315
1143 1430
1143 1144
1143 1305
1144 1483
1144 1836
1144 1148
1144 1399
1144 1196
1144 1806
1144 1488
1144 1240
1144 1174
1144 1580
1144 1215
1145 1718
1145 1287
1145 1590
1147 1891
1147 1853
1147 1885
1148 1506
1148 1786
1148 1822
1149 1568
1149 1602
1149 1739
1149 1877
1149 1404
1150 1217
1150 1799
1150 1577
1150 1166
1150 1493
1150 1695
1151 1697
1151 1156
1151 1895
1151 1784
1151 1268
1151 1211
1152 1877
1152 1465
1152 1758
1153 1670
1153 1608
1153 1387
1153 1365
1153 1515
1154 1430
1154 1313
1154 1735
1154 1522
1154 1838
1154 1307
1155 1350
1155 1521
1155 1397
1155 1605
1156 1815
1156 1391
1156 1582
1157 1376
1157 1730
1157 1296
1158 1253
1158 1643
1158 1688
1159 1275
1159 1422
1159 1375
1160 1447
1161 1665
1161 1698
1161 1380
1161 1837
1161 1260
1161 1582
1161 1679
1161 1438
1162 1368
1162 1445
1163 1728
1163 1264
1163 1460
1163 1556
1163 1317
1164 1706
1164 1390
1164 1661
1164 1433
1165 1250
1165 1420
1165 1358
1165 1455
1165 1335
1165 1496
1165 1595
1166 1829
1166 1433
1166 1277
1166 1183
1167 1321
1167 1261
1168 1602
1168 1445
1168 1173
1168 1211
1168 1820
1169 1376
1169 1506
1169 1827
1169 1687
1169 1629
1169 1840
1169 1849
1170 1395
1170 1245
1170 1599
1171 1869
1171 1489
1171 1882
1171 1340
1172 1867
1172 1381
1172 1392
1172 1380
1172 1757
1173 1668
1173 1577
1173 1323
1173 1529
1173 1439
1173 1437
1174 1568
1174 1728
1174 1396
1175 1221
1175 1350
1175 1746
1175 1494
1175 1853
1175 1514
1176 1376
1176 1729
1176 1788
1176 1875
1177 1377
1177 1186
1177 1418
1178 1472
1178 1219
1179 1357
1179 1467
1180 1506
1181 1874
1181 1638
1182 1408
1182 1749
1183 1379
1183 1352
1183 1371
1184 1506
1184 1770
1185 1667
1185 1801
1185 1649
1185 1710
1186 1571
1186 1285
1186 1494
1186 1464
1186 1883
1187 1635
1187 1289
1187 1677
1187 1878
1187 1850
1187 1691
1187 1373
1188 1513
1188 1293
1188 1647
1188 1758
1189 1368
1189 1754
1189 1471
1189 1726
1190 1804
1190 1295
1190 1361
1190 1657
1191 1356
1192 1478
1192 1319
1192 1525
1192 1851
1192 1406
1193 1216
1193 1281
1193 1408
1194 1762
1194 1352
1194 1363
1194 1896
1194 1567
1195 1830
1195 1223
1195 1357
1195 1262
1196 1860
1196 1419
1196 1390
1198 1889
1198 1563
1199 1440
1199 1744
1199 1482
1199 1653
1199 1778
1199 1788
1200 1647
1200 1594
1201 1314
1201 1738
1201 1615
1201 1693
1202 1537
1202 1847
1202 1741
1203 1617
1203 1679
1203 1458
1203 1240
1203 1733
1203 1727
1204 1888
1204 1316
1204 1754
1205 1830
1205 1749
1205 1497
1205 1727
1206 1848
1206 1720
1206 1690
1207 1702
1207 1673
1208 1408
1208 1410
1208 1291
1208 1428
1208 1372
1208 1565
1209 1830
1209 1329
1209 1592
1209 1583
1210 1516
1210 1614
1210 1263
1210 1507
1211 1726
1211 1398
1211 1627
1212 1674
1212 1585
1212 1508
1213 1845
1213 1560
1213 1593
1213 1885
1214 1436
1215 1441
1215 1539
1215 1431
1216 1217
1216 1291
1216 1390
1217 1634
1217 1810
1217 1428
1217 1622
1217 1273
1218 1674
1218 1717
1218 1855
1219 1547
1219 1445
1219 1671
1220 1577
1220 1801
1220 1396
1220 1272
1220 1461
1221 1510
1221 1640
1221 1706
1222 1835
1222 1509
1222 1511
1222 1607
1222 1582
1222 1299
1224 1346
1224 1362
1224 1226
1225 1620
1226 1413
1226 1427
1228 1476
1228 1614
1228 1654
1229 1326
1229 1851
1229 1829
1230 1249
1231 1521
1231 1595
1232 1539
1232 1897
1232 1403
1233 1323
1233 1837
1233 1238
1233 1598
1234 1335
1234 1460
1235 1620
1235 1645
1236 1636
1236 1266
1236 1875
1237 1392
1237 1608
1238 1614
1238 1718
1238 1373
1238 1503
1240 1348
1240 1288
1240 1865
1240 1578
1241 1670
1241 1574
1241 1320
1241 1734
1241 1427
1241 1339
1242 1477
1242 1421
1242 1424
1242 1895
1242 1791
1242 1759
1243 1764
1243 1853
1243 1422
1244 1376
1244 1516
1244 1332
1244 1369
1245 1282
1245 1574
1245 1463
1245 1503
1246 1870
1247 1634
1247 1703
1247 1404
1247 1294
1248 1788
1249 1472
1249 1839
1249 1329
1249 1686
1250 1284
1250 1528
1250 1837
1250 1688
1250 1741
1250 1530
1251 1892
1251 1541
1251 1611
1251 1489
1251 1693
1252 1830
1252 1703
1252 1464
1252 1276
1253 1383
1253 1296
1254 1508
1254 1611
1255 1686
1255 1318
1255 1321
1255 1751
1255 1367
1255 1689
1256 1669
1256 1788
1256 1387
1256 1458
1256 1404
1256 1369
1256 1343
1257 1425
1257 1338
1257 1276
1258 1665
1258 1283
1258 1706
1258 1422
1258 1425
1258 1588
1258 1790
1258 1439
1259 1798
1259 1265
1260 1414
1260 1319
1260 1785
1260 1822
1260 1529
1261 1633
1261 1718
1261 1386
1261 1389
1261 1807
1262 1735
1263 1867
1263 1767
1263 1719
1264 1828
1264 1472
1265 1654
1265 1270
1265 1851
1266 1428
1267 1346
1267 1485
1267 1722
1268 1549
1268 1432
1269 1465
1269 1744
1269 1623
1269 1305
1270 1708
1270 1350
1270 1286
1270 1420
1270 1593
1271 1411
1271 1612
1272 1793
1272 1450
1273 1716
1273 1533
1274 1522
1274 1792
1275 1378
1275 1796
1275 1541
1275 1766
1275 1578
1275 1618
1276 1403
1277 1896
1277 1552
1277 1716
1277 1366
1277 1369
1278 1654
1278 1887
1279 1649
1279 1496
1279 1593
1280 1825
1280 1481
1280 1624
1280 1899
1281 1499
1281 1542
1281 1351
1282 1696
1282 1699
1282 1756
1282 1641
1282 1418
1282 1743
1282 1717
1282 1592
1283 1600
1283 1637
1283 1681
1283 1701
1284 1459
1284 1641
1284 1494
1285 1742
1285 1852
1285 1416
1285 1358
1285 1309
1287 1796
1287 1734
1287 1542
1287 1525
1287 1516
1287 1695
1287 1615
1287 1367
1288 1607
1288 1363
1289 1799
1289 1419
1289 1393
1289 1754
1289 1855
1291 1580
1292 1726
1293 1587
1293 1662
1293 1445
1294 1816
1295 1703
1295 1800
1296 1455
1296 1555
1296 1485
1297 1504
1297 1548
1297 1807
1297 1733
1298 1402
1299 1697
1299 1832
1299 1481
1299 1883
1299 1371
1299 1406
1299 1727
1300 1693
1300 1551
1301 1505
1301 1508
1301 1655
1302 1672
1302 1624
1303 1804
1303 1420
1303 1360
1304 1709
1304 1718
1304 1695
1305 1474
1305 1692
1306 1413
1306 1616
1306 1813
1306 1625
1307 1763
1307 1623
1308 1408
1308 1778
1308 1402
1309 1408
1309 1546
1309 1797
1309 1567
1309 1471
1310 1519
1311 1828
1311 1452
1311 1747
1311 1632
1312 1510
1312 1507
1312 1816
1313 1896
1314 1379
1314 1667
1314 1719
1314 1786
1315 1664
1315 1332
1315 1784
1315 1531
1316 1824
1316 1505
1316 1685
1317 1644
1317 1616
1318 1385
1318 1402
1318 1454
1318 1628
1320 1481
1320 1606
1321 1856
1321 1539
1321 1551
1322 1412
1322 1702
1322 1617
1322 1886
1323 1632
1323 1669
1323 1782
1324 1632
1324 1798
1324 1618
1325 1467
1325 1782
1325 1809
1325 1629
1326 1670
1326 1740
1326 1459
1327 1675
1327 1807
1327 1849
1328 1472
1328 1449
1329 1558
1330 1445
1330 1794
1330 1524
1331 1822
1332 1440
1332 1619
1334 1537
1334 1729
1334 1898
1334 1785
1334 1534
1335 1440
1335 1444
1336 1700
1336 1894
1336 1628
1337 1541
1338 1376
1338 1536
1338 1627
1338 1396
1339 1606
1339 1688
1339 1432
1340 1474
1341 1683
1341 1779
1341 1524
1341 1887
1342 1638
1342 1879
1343 1463
1343 1641
1343 1770
1343 1634
1344 1895
1344 1487
1344 1712
1344 1784
1344 1593
1345 1687
1346 1472
1346 1749
1347 1472
1347 1749
1347 1817
1348 1664
1348 1825
1348 1411
1349 1388
1349 1517
1350 1451
1350 1427
1350 1496
1350 1797
1351 1452
1351 1846
1351 1630
1351 1660
1352 1697
1352 1517
1353 1511
1353 1516
1353 1695
1355 1546
1355 1814
1356 1679
1357 1778
1357 1490
1357 1849
1358 1795
1358 1738
1358 1718
1359 1737
1359 1714
1359 1819
1359 1692
1360 1536
1360 1866
1361 1608
1361 1522
1362 1497
1362 1436
1363 1475
1363 1713
1363 1522
1363 1571
1363 1660
1363 1418
1364 1542
1365 1843
1365 1691
1366 1769
1366 1367
1366 1823
1367 1444
1367 1512
1367 1391
1367 1390
1367 1486
1368 1578
1368 1831
1369 1700
1369 1861
1369 1456
1369 1845
1369 1663
1370 1710
1370 1526
1370 1779
1370 1881
1371 1697
1371 1507
1371 1619
1371 1439
1373 1830
1373 1591
1373 1582
1373 1733
1373 1463
1373 1374
1374 1786
1375 1512
1375 1664
1376 1795
1376 1624
1376 1779
1376 1819
1377 1710
1377 1719
1378 1664
1378 1710
1378 1713
1378 1587
1379 1545
1379 1425
1380 1525
1380 1557
1380 1678
1381 1664
1381 1439
1382 1570
1382 1563
1383 1870
1383 1831
1383 1775
1383 1755
1383 1580
1384 1773
1384 1860
1384 1787
1385 1779
1385 1657
1386 1470
1387 1578
1387 1899
1388 1780
1388 1501
1389 1698
1389 1788
1389 1897
1390 1473
1390 1849
1391 1871
1392 1559
1392 1598
1393 1480
1394 1878
1394 1617
1394 1522
1394 1657
1395 1482
1396 1422
1396 1756
1397 1871
1398 1808
1398 1852
1399 1504
1399 1553
1399 1714
1400 1874
1401 1701
1401 1657
1402 1462
1402 1449
1403 1414
1403 1564
1404 1504
1404 1869
1404 1460
1405 1574
1405 1518
1405 1701
1406 1675
1406 1462
1406 1407
1407 1496
1407 1786
1407 1596
1408 1473
1408 1692
1408 1443
1409 1475
1409 1884
1409 1450
1409 1427
1409 1806
1409 1754
1410 1626
1410 1821
1411 1672
1412 1522
1413 1658
1413 1575
1414 1746
1415 1769
1415 1843
1415 1589
1415 1463
1415 1853
1416 1619
1416 1642
1417 1728
1417 1453
1417 1853
1418 1437
1418 1843
1419 1607
1419 1750
1419 1484
1419 1548
1420 1824
1420 1490
1420 1566
1421 1548
1421 1716
1421 1755
1422 1837
1423 1462
1424 1867
1424 1762
1424 1719
1425 1777
1425 1528
1425 1859
1425 1610
1426 1435
1426 1766
1426 1773
1427 1857
1427 1708
1427 1680
1427 1694
1428 1487
1428 1724
1429 1508
1429 1790
1430 1800
1431 1539
1431 1527
1431 1842
1431 1530
1432 1667
1432 1686
1433 1650
1436 1604
1437 1590
1437 1443
1437 1819
1437 1820
1438 1665
1439 1824
1439 1770
1440 1874
1440 1758
1440 1663
1441 1609
1441 1772
1441 1464
1442 1472
1442 1607
1442 1524
1443 1890
1443 1882
1443 1564
1444 1447
1444 1546
1444 1453
1444 1614
1444 1563
1445 1733
1445 1545
1445 1749
1445 1535
1446 1765
1446 1897
1446 1495
1446 1786
1446 1567
1447 1809
1447 1708
1448 1699
1448 1541
1448 1672
1449 1780
1449 1531
1450 1635
1450 1673
1450 1453
1450 1549
1450 1615
1451 1514
1451 1550
1451 1487
1452 1700
1452 1836
1452 1630
1453 1764
1453 1717
1453 1757
1454 1601
1454 1668
1454 1801
1455 1863
1456 1824
1456 1874
1457 1835
1457 1564
1457 1512
1458 1856
1458 1477
1458 1626
1460 1570
1460 1603
1460 1580
1460 1619
1460 1563
1461 1633
1461 1674
1461 1491
1461 1770
1462 1742
1463 1828
1463 1787
1465 1888
1465 1686
1466 1804
1466 1814
1467 1600
1467 1508
1467 1622
1467 1693
1468 1621
1468 1482
1469 1607
1469 1898
1470 1664
1470 1638
1470 1485
1472 1700
1472 1516
1472 1711
1473 1831
1473 1687
1473 1727
1474 1663
1475 1538
1476 1759
1477 1786
1479 1738
1479 1542
1480 1896
1481 1696
1481 1489
1481 1691
1482 1604
1482 1733
1482 1500
1482 1861
1483 1671
1483 1554
1483 1789
1486 1649
1486 1718
1486 1853
1487 1517
1487 1534
1488 1682
1488 1817
1489 1744
1489 1763
1490 1561
1492 1699
1492 1778
1493 1651
1494 1703
1494 1588
1495 1762
1495 1748
1495 1823
1497 1686
1497 1764
1497 1518
1497 1781
1498 1542
1499 1883
1499 1796
1500 1718
1500 1809
1500 1716
1502 1802
1502 1725
1503 1603
1503 1737
1503 1674
1503 1672
1503 1714
1503 1699
1504 1605
1504 1876
1505 1576
1506 1542
1506 1852
1507 1776
1507 1638
1507 1899
1507 1821
1507 1792
1508 1884
1508 1809
1509 1709
1509 1716
1509 1654
1509 1578
1510 1540
1510 1670
1510 1668
1510 1797
1511 1781
1512 1758
1512 1661
1513 1830
1514 1868
1515 1664
1515 1598
1516 1615
1516 1686
1516 1679
1517 1526
1517 1812
1517 1562
1517 1772
1517 1535
1518 1766
1518 1768
1518 1555
1518 1815
1519 1706
1519 1739
1521 1712
1523 1865
1524 1594
1524 1593
1525 1894
1525 1642
1525 1540
1525 1758
1526 1547
1526 1879
1526 1811
1526 1630
1527 1815
1529 1728
1529 1768
1529 1557
1532 1738
1533 1668
1533 1562
1533 1691
1534 1831
1535 1827
1536 1814
1536 1690
1536 1710
1536 1693
1537 1766
1537 1706
1537 1594
1537 1693
1538 1633
1538 1669
1538 1869
1538 1746
1538 1595
1539 1798
1539 1728
1540 1742
1540 1559
1541 1888
1541 1553
1542 1809
1542 1854
1543 1573
1543 1585
1544 1869
1544 1661
1546 1713
1546 1845
1547 1614
1548 1554
1548 1786
1550 1732
1551 1816
1552 1756
1553 1768
1553 1722
1554 1819
1557 1653
1558 1624
1560 1824
1560 1776
1560 1854
1561 1685
1562 1793
1562 1884
1563 1730
1563 1686
1565 1704
1565 1686
1565 1759
1567 1648
1567 1891
1567 1663
1568 1671
1569 1808
1570 1603
1570 1832
1570 1896
1571 1590
1572 1651
1575 1774
1575 1661
1576 1824
1576 1721
1577 1808
1580 1798
1580 1865
1580 1838
1580 1593
1583 1688
1583 1861
1585 1781
1586 1801
1587 1812
1588 1591
1589 1619
1589 1750
1590 1606
1590 1773
1591 1675
1591 1887
1592 1618
1593 1642
1594 1608
1594 1715
1594 1816
1595 1646
1595 1840
1596 1856
1597 1846
1597 1831
1598 1608
1598 1677
1598 1815
1599 1842
1599 1766
1602 1864
1603 1889
1603 1804
1603 1755
1604 1710
1604 1613
1605 1740
1605 1749
1606 1818
1607 1873
1607 1850
1607 1663
1608 1704
1608 1677
1608 1839
1608 1652
1609 1835
1609 1739
1609 1836
1611 1824
1611 1869
1612 1723
1612 1886
1613 1838
1614 1808
1615 1625
1616 1895
1616 1705
1622 1741
1622 1847
1623 1742
1624 1820
1625 1862
1625 1652
1626 1664
1626 1821
1627 1847
1629 1760
1630 1814
1630 1870
1630 1713
1631 1632
1631 1704
1632 1752
1633 1793
1634 1672
1634 1745
1635 1787
1637 1647
1637 1745
1637 1682
1637 1678
1638 1893
1640 1673
1641 1779
1642 1693
1642 1653
1643 1826
1643 1897
1645 1759
1645 1727
1646 1703
1647 1816
1648 1884
1648 1725
1649 1876
1649 1838
1650 1757
1653 1831
1653 1787
1654 1784
1657 1775
1657 1882
1662 1700
1663 1759
1663 1692
1665 1837
1665 1692
1668 1796
1668 1699
1669 1728
1670 1895
1672 1770
1672 1829
1673 1709
1673 1871
1673 1840
1674 1746
1674 1750
1675 1868
1676 1717
1678 1802
1680 1740
1681 1703
1683 1718
1684 1795
1686 1895
1687 1793
1688 1792
1688 1794
1689 1700
1689 1750
1689 1692
1691 1732
1691 1853
1692 1787
1693 1891
1694 1697
1694 1781
1695 1726
1696 1734
1696 1748
1697 1883
1701 1781
1703 1886
1704 1851
1705 1832
1705 1740
1708 1741
1710 1788
1710 1845
1711 1798
1712 1895
1713 1878
1713 1898
1716 1784
1717 1795
1717 1873
1718 1888
1718 1837
1720 1802
1723 1821
1726 1776
1728 1894
1728 1822
1730 1784
1731 1798
1731 1846
1731 1802
1732 1757
1733 1837
1735 1782
1735 1885
1739 1762
1739 1807
1740 1777
1740 1800
1740 1801
1741 1810
1742 1787
1742 1775
1742 1764
1742 1829
1743 1774
1743 1872
1743 1823
1744 1762
1744 1883
1746 1759
1747 1760
1748 1884
1750 1804
1753 1762
1754 1778
1759 1765
1760 1860
1763 1795
1764 1836
1766 1851
1766 1818
1768 1863
1768 1866
1772 1856
1772 1793
1772 1881
1774 1826
1775 1885
1775 1834
1776 1891
1776 1789
1777 1804
1778 1812
1779 1824
1781 1882
1782 1867
1783 1837
1783 1809
1784 1851
1785 1862
1788 1824
1788 1804
1789 1855
1790 1823
1791 1875
1791 1861
1791 1866
1794 1899
1794 1852
1795 1828
1796 1863
1797 1873
1802 1862
1804 1806
1804 1891
1809 1848
1809 1819
1812 1873
1815 1880
1816 1863
1821 1825
1821 1895
1821 1874
1825 1845
1827 1849
1835 1878
1835 1885
1837 1866
1838 1860
1841 1890
1842 1887
1856 1877
1880 1888
