0 1203
0 994
0 371
0 101
0 583
1 688
1 1050
1 435
1 380
1 511
2 574
3 1025
3 470
3 1287
4 1161
4 377
4 919
5 130
5 867
5 916
5 999
5 607
6 488
6 411
6 939
7 313
7 628
7 77
8 589
9 24
9 1213
9 997
9 630
9 927
10 232
10 498
10 1190
10 919
11 340
12 67
12 1041
12 716
12 1296
12 113
12 1080
12 538
12 1277
13 248
13 545
13 660
13 814
14 377
14 228
14 37
15 859
15 1277
15 782
16 568
16 193
16 1267
16 776
16 777
17 320
17 805
17 553
17 527
17 722
17 122
17 314
18 735
18 692
18 119
19 1229
19 1142
19 543
20 1078
21 240
21 569
21 418
21 612
21 824
22 968
23 783
24 148
25 617
25 754
25 399
26 994
27 48
27 1033
27 245
27 589
28 241
28 652
28 333
28 433
29 138
29 556
29 621
29 877
29 1272
29 409
29 90
29 283
30 97
30 1051
30 910
30 615
31 673
31 918
31 857
32 129
32 68
32 1171
32 277
32 182
32 249
33 1097
33 1011
34 488
34 297
34 874
34 745
35 1031
35 923
35 1036
35 118
35 479
36 658
36 643
36 244
36 954
36 959
37 883
37 204
37 230
38 1024
38 73
38 321
39 907
39 1221
39 203
39 237
39 693
39 566
39 857
40 497
41 576
41 895
41 644
41 949
41 279
42 663
43 569
43 427
43 973
43 1134
44 600
44 1037
44 493
44 877
45 1055
45 126
45 1031
46 172
46 710
46 111
47 348
47 228
47 263
48 82
48 199
49 999
49 966
49 751
50 72
50 210
50 1055
51 508
52 188
53 1126
53 583
53 1128
53 873
53 558
53 881
53 596
53 120
53 1055
54 508
54 1141
55 392
55 185
55 74
55 316
55 1121
56 1122
56 613
56 844
56 624
56 657
56 339
56 94
57 594
57 231
58 73
58 875
58 404
59 301
59 526
59 678
60 80
60 1131
61 841
61 977
61 1108
61 117
61 1143
61 63
61 287
62 795
62 588
63 184
63 404
63 646
63 1199
64 1080
65 1260
65 1277
66 825
66 1106
66 358
68 320
68 857
68 534
68 473
70 1058
70 676
70 1094
71 555
71 477
71 1111
72 325
72 847
72 595
72 852
72 119
72 824
73 1178
74 869
74 331
74 530
74 474
74 666
75 640
75 692
75 286
76 530
76 523
77 995
77 108
77 925
78 190
79 363
79 936
79 299
79 907
80 850
80 445
81 843
81 1134
81 1015
82 745
82 890
82 580
82 695
83 225
83 1228
83 1296
83 404
83 414
83 507
83 798
84 674
84 668
84 559
85 554
85 1228
85 914
85 1213
86 331
86 181
87 572
87 1077
88 752
88 1278
88 910
89 969
89 1033
89 613
89 985
90 579
90 361
90 1069
90 464
90 1078
91 931
91 1181
92 672
92 921
92 992
92 637
93 634
93 508
93 654
94 683
94 893
95 291
95 775
95 778
95 1016
95 978
95 692
95 344
96 1080
96 977
96 1099
96 1052
97 273
97 1206
98 552
98 479
98 533
98 191
99 393
99 538
99 1121
99 517
99 1109
100 320
100 800
100 452
100 459
100 460
100 941
100 1143
100 189
101 391
101 555
101 1009
101 699
101 543
102 688
102 825
102 139
102 148
102 1157
103 117
104 353
104 474
104 845
104 391
105 1216
105 790
106 210
106 783
106 607
107 1183
107 1253
107 351
108 239
109 482
109 1043
110 613
110 950
110 703
111 1088
111 961
111 939
112 957
112 397
112 413
113 1107
113 886
114 434
114 1044
115 1226
115 667
116 902
117 294
117 234
117 811
117 1077
118 1106
119 865
119 1197
119 1078
119 639
120 161
120 961
120 1128
120 975
120 758
120 317
122 960
122 355
122 263
122 1215
122 463
122 1136
122 667
122 348
122 159
123 1154
123 789
123 791
124 1253
124 1286
124 1133
124 365
124 1104
124 341
124 826
125 312
125 281
126 937
126 1143
127 1252
127 676
127 293
128 192
128 394
128 661
129 226
129 787
129 476
129 402
130 817
130 1171
131 521
131 426
131 462
131 649
132 588
132 542
132 479
133 1057
133 314
133 1090
134 1236
134 1123
134 612
135 498
136 793
136 930
137 914
138 176
138 968
138 526
138 911
139 483
140 665
140 762
140 653
140 630
140 1287
141 891
142 347
143 1218
143 997
143 398
143 467
143 762
143 891
143 734
144 1193
144 490
144 707
144 1265
146 328
146 1021
146 1085
147 161
147 581
147 918
147 821
148 768
148 274
148 603
149 849
150 778
150 235
150 687
151 1035
151 467
151 196
152 781
152 823
153 424
153 1105
153 667
153 1293
154 176
154 827
154 1251
154 831
156 649
156 1109
156 366
157 1224
157 983
157 1228
157 1230
157 465
157 406
157 1079
157 986
159 787
159 450
160 387
160 683
161 423
161 396
161 406
161 702
162 425
162 743
162 1052
162 591
163 1280
163 234
163 389
163 621
164 302
166 416
166 1131
166 397
166 1247
166 1167
167 1064
167 570
167 1108
168 660
168 924
168 268
169 301
169 589
169 421
170 785
170 517
171 918
171 951
172 202
172 838
172 742
172 879
173 1200
173 555
173 831
174 649
174 347
175 706
176 777
176 643
176 982
178 1096
178 1110
179 736
179 1292
180 706
180 884
181 1174
181 1128
181 939
181 913
181 699
181 188
182 792
182 514
182 861
182 847
183 518
184 1122
184 812
184 655
184 1235
184 757
184 631
185 744
185 226
185 522
186 400
186 598
186 398
186 1077
187 859
187 1004
187 526
188 700
188 798
188 679
189 1027
189 283
189 1102
190 251
190 687
191 592
191 816
191 1076
192 785
192 1020
192 977
193 923
193 1157
193 846
194 1058
194 309
194 230
195 792
195 864
195 994
195 196
196 1122
196 667
196 231
196 558
196 692
196 462
196 1078
196 251
197 704
197 596
197 260
197 333
197 788
198 874
199 798
200 972
200 1198
201 784
202 538
202 1290
202 519
203 610
203 1095
203 1290
203 778
204 785
205 342
205 946
205 372
205 438
205 728
205 1243
206 409
207 808
207 410
207 588
207 1157
207 1270
208 609
208 1003
208 681
209 416
209 1058
209 1213
209 278
210 1024
211 1080
211 634
211 573
212 272
212 1279
212 916
212 1221
212 359
213 280
213 816
213 468
213 381
213 405
214 980
214 253
214 254
215 344
215 635
216 1209
216 364
216 1029
217 1278
217 851
217 902
217 830
218 1027
218 230
218 294
218 461
218 400
218 277
218 901
218 475
218 574
218 869
219 937
219 1025
220 304
220 660
220 807
221 992
221 969
221 682
221 446
221 423
223 1001
223 290
223 770
223 642
223 1061
224 496
224 291
224 838
225 1264
226 1279
226 1196
227 361
228 1017
228 986
228 1170
229 640
229 1233
229 628
230 422
230 551
231 992
231 274
231 915
232 915
233 754
233 235
233 1114
233 483
234 1015
234 807
235 1168
235 986
236 505
236 1202
236 431
237 441
237 1215
237 1025
238 284
238 268
238 1057
238 279
239 693
240 737
240 1298
241 924
242 800
242 657
242 1053
243 1186
243 918
243 318
244 296
244 994
245 439
247 600
248 827
248 727
248 1278
248 453
249 1229
249 727
250 569
250 898
250 1274
251 364
251 1197
251 590
251 723
252 964
252 758
252 831
253 586
253 555
253 694
253 279
253 893
254 545
254 685
254 635
254 892
254 318
255 816
256 737
256 916
256 1261
257 387
257 964
258 1260
258 372
258 1014
258 271
259 914
260 905
260 1147
262 880
262 780
263 1026
263 615
263 1037
263 687
264 1124
264 1206
265 953
265 859
265 470
265 559
266 1178
266 862
266 287
267 348
268 969
268 420
268 1157
269 432
269 461
270 688
270 832
270 1292
270 550
271 692
271 1127
272 1280
272 706
272 1283
272 1169
272 370
272 441
272 381
272 543
273 855
274 1208
274 829
275 954
275 359
276 945
276 1274
277 1159
278 640
278 686
278 1277
278 1147
278 989
279 1282
279 1123
279 861
279 1085
280 480
280 1122
280 493
281 616
281 909
281 1214
281 374
281 542
282 372
282 397
283 1264
283 1103
283 688
283 438
283 634
284 714
284 548
285 457
285 1034
285 598
286 329
286 436
286 933
286 1047
287 517
287 550
287 1287
287 1108
287 439
288 475
288 1021
289 565
290 737
290 738
290 527
291 1154
291 430
291 848
291 398
292 464
292 1051
292 811
292 822
293 771
293 1071
293 506
293 655
294 480
294 1283
294 550
294 625
294 1170
295 1189
295 581
295 991
296 1061
296 1139
296 536
296 665
296 1214
297 825
297 635
298 504
298 1066
298 1159
299 1087
299 1060
299 453
299 1022
301 908
302 739
302 907
302 774
303 586
303 779
303 1190
304 706
304 1039
305 872
305 451
305 1054
306 626
306 463
307 456
307 515
307 1220
307 550
308 322
308 1029
309 1034
309 1247
310 1185
310 650
310 421
310 1071
311 916
311 1279
312 684
312 816
312 1265
312 339
312 892
313 1164
314 888
314 340
314 713
315 465
315 1171
315 676
315 446
316 778
316 715
317 330
318 793
318 797
320 536
320 652
321 502
322 417
322 365
323 580
325 707
326 362
326 1230
327 800
327 920
327 572
327 678
327 519
329 710
329 551
329 520
329 593
329 408
330 737
330 1227
330 785
331 490
331 496
331 856
331 1034
334 1114
335 729
335 602
335 1138
335 773
336 669
336 622
337 568
337 1065
337 1075
339 1024
339 611
339 424
339 1123
339 1083
340 1209
340 1175
341 697
343 1089
343 978
344 369
344 931
344 845
345 1236
345 484
345 989
345 558
345 1181
346 387
347 561
347 970
348 736
348 481
348 360
348 503
349 556
351 1009
351 788
352 931
353 381
354 867
354 740
354 1062
355 1033
355 604
355 882
356 924
356 831
356 540
356 525
356 431
358 704
358 977
358 803
358 1145
359 1253
359 692
359 1141
359 979
359 1247
360 1248
360 1066
360 1047
361 872
361 1113
361 917
362 1000
362 915
363 776
363 757
363 453
364 498
365 384
365 561
366 900
366 591
367 875
367 970
367 434
367 523
367 445
368 1272
368 1022
369 665
369 736
369 1181
370 605
370 1223
371 546
371 875
372 449
372 1249
373 836
373 1229
373 518
374 1117
374 518
375 816
375 1248
375 963
375 853
376 1011
377 1101
378 465
378 818
378 459
378 871
379 1128
379 1030
380 730
381 928
381 521
381 915
382 770
382 1076
382 1135
384 1287
384 838
384 485
385 1197
385 847
386 665
386 891
386 837
387 1070
387 687
388 669
389 833
389 1290
389 820
389 439
390 504
390 636
390 469
391 1213
391 847
392 421
392 649
392 1073
392 1074
392 617
392 539
393 1129
393 460
393 1277
394 514
394 885
394 1143
395 726
395 1231
396 706
396 838
397 1161
397 714
397 1046
398 473
399 1240
399 1179
399 509
400 876
400 594
400 503
402 541
403 501
403 1045
404 490
404 878
404 790
404 1112
405 896
405 644
405 623
405 977
405 760
406 1092
406 459
406 887
406 1156
406 798
406 991
407 757
407 839
408 608
408 458
408 541
408 1255
410 773
410 677
411 1136
412 1065
412 538
412 650
412 1145
413 1251
413 421
413 828
413 1009
413 956
414 1016
414 1150
415 1152
415 881
415 1294
415 1288
415 783
416 779
416 457
417 672
417 644
419 520
419 642
419 1266
420 689
420 1012
420 996
420 510
421 1130
421 429
422 546
422 965
422 454
422 1105
422 758
422 727
423 1150
424 898
424 1037
424 1094
425 784
425 1098
425 613
425 702
427 531
427 567
428 1224
428 479
428 436
428 431
429 1154
429 948
430 584
431 609
432 1264
432 449
432 494
433 448
433 1212
433 1203
433 1228
434 891
435 752
435 716
437 990
437 1047
438 1001
438 533
439 578
439 1125
440 1023
440 487
441 832
441 530
441 612
442 1034
442 796
443 808
443 835
443 949
443 471
444 1272
444 1049
444 626
444 1013
444 1274
445 1076
445 1109
446 996
446 1001
446 1197
446 701
446 919
446 1114
447 728
449 1288
449 1148
449 1260
449 860
450 1034
451 964
451 1062
451 1073
452 1177
452 1115
452 851
452 654
453 884
454 1289
454 499
454 574
455 800
455 1073
455 1250
455 1267
455 1068
456 497
457 500
458 851
459 1197
459 663
459 506
459 1279
460 1093
460 808
460 1066
460 1196
460 787
460 1012
460 632
461 1227
461 863
462 1026
462 818
462 564
462 986
463 1016
463 623
464 1016
464 673
465 1069
465 1294
465 568
466 976
467 666
468 953
468 1029
468 599
469 893
469 1037
470 934
471 1128
471 738
471 1162
471 1158
472 692
472 719
472 540
472 797
472 687
473 972
473 551
474 568
475 1097
475 683
476 800
476 638
477 1009
477 883
477 494
478 973
478 741
478 887
479 714
479 976
479 766
480 552
480 633
481 1091
482 1134
483 571
484 920
485 1152
485 894
487 1151
488 964
488 783
489 1157
491 920
492 823
492 583
493 1267
493 573
493 942
494 911
494 822
494 863
495 1177
497 544
498 1276
498 586
499 1223
499 1119
501 676
501 1054
502 1125
502 1196
502 1039
502 657
502 563
502 1093
503 665
503 1132
504 1096
504 669
504 655
506 1117
506 743
507 1276
507 838
509 1025
509 935
509 952
509 568
509 701
510 1032
511 588
511 877
512 1283
513 1241
513 1066
513 885
513 1174
514 576
514 702
515 518
517 770
518 538
519 1162
520 715
520 1073
520 1170
520 919
520 1245
520 1246
520 927
521 820
521 631
522 780
522 590
522 641
523 1132
523 531
523 1078
524 557
524 797
525 708
526 1062
526 862
527 805
527 1105
528 553
528 826
528 580
528 757
528 1044
529 682
530 1299
531 896
531 741
531 1131
532 893
532 1222
533 1089
534 682
535 750
536 1132
538 1142
539 1191
541 729
541 761
542 995
542 993
543 580
543 782
544 858
544 893
545 876
547 736
548 1066
551 1013
552 746
552 714
552 879
553 1000
553 940
553 1042
553 690
554 1257
554 738
555 711
556 688
556 1146
556 1172
557 814
557 951
558 803
559 1067
560 978
561 1203
561 620
561 1094
562 811
563 809
563 742
563 1151
564 1027
565 979
566 1025
566 1099
567 886
567 799
568 1287
568 1267
568 1204
568 702
569 993
569 1052
570 791
572 1152
573 1140
574 1290
574 1214
576 1033
577 666
578 888
579 848
579 1196
579 773
580 1139
580 693
580 758
581 728
581 1187
582 966
582 1023
583 643
584 1208
585 1195
585 1197
585 958
585 1047
586 1129
587 864
587 602
588 896
588 1182
589 1239
590 604
590 1086
591 728
591 1240
591 938
592 1207
596 685
597 1241
598 1152
599 1158
600 860
601 795
602 1248
602 1027
602 952
602 1018
604 1031
605 832
606 832
606 700
608 1028
608 1111
609 1101
610 1049
611 802
611 798
613 649
614 1144
614 1132
614 1052
614 1193
615 784
615 711
615 773
617 1227
617 1032
618 640
620 1016
620 1210
620 1020
621 1070
622 1195
623 737
623 1094
623 973
623 760
624 656
624 1131
624 1249
625 883
626 641
627 944
627 921
628 913
628 938
628 1155
629 782
630 939
631 1292
631 743
632 742
632 1037
632 1174
632 984
632 1246
634 1286
634 1181
634 915
636 1075
636 1244
637 1152
638 1112
638 1148
638 1183
639 1073
639 1173
641 1286
642 817
642 917
642 766
643 1225
643 894
644 1182
645 697
645 982
646 721
646 875
647 1081
648 697
648 722
648 905
649 968
649 1016
650 704
650 883
650 955
651 953
651 1245
652 1061
653 1287
655 1163
655 847
655 1200
655 889
656 739
657 1183
658 688
658 660
658 1191
658 1137
659 762
659 1157
659 1263
660 1011
660 1245
661 722
661 1019
661 1253
663 676
663 691
664 1193
664 1254
665 937
665 1100
666 1242
666 990
667 1258
669 700
669 911
670 913
671 1011
672 706
673 697
673 683
674 1265
674 869
675 850
675 995
675 1021
676 698
677 1283
677 771
678 946
678 868
679 1032
681 1076
682 1057
682 1267
682 757
683 684
683 1042
684 1082
684 1292
685 1263
687 760
689 905
689 1012
690 1200
690 1067
691 1129
691 706
691 901
692 724
692 1051
693 937
695 1244
696 865
696 709
697 1218
697 1075
698 844
700 843
700 1251
701 1104
701 935
701 807
701 848
701 860
702 1031
703 1291
703 820
704 715
704 1132
706 866
706 1057
706 972
706 858
706 1281
707 1129
708 897
708 778
708 806
708 941
709 824
709 917
709 1078
710 808
710 1025
711 752
711 1004
712 1007
713 996
713 1118
715 1027
715 941
715 989
716 1280
716 1110
717 952
718 878
719 986
720 1008
720 893
720 1261
721 1032
722 1121
722 772
722 754
722 926
723 814
724 775
725 1122
726 1169
727 1106
727 1283
728 997
728 1198
728 888
729 791
729 1053
729 766
729 799
730 1091
731 960
731 914
731 1211
731 1143
732 1247
733 873
733 1036
734 1195
734 971
734 1167
734 944
734 1139
735 1060
735 1021
736 776
736 1066
736 822
736 1177
738 836
738 1004
738 952
738 1116
739 1038
739 917
741 875
741 1064
741 1211
742 977
743 1294
744 1197
744 1009
745 885
746 947
746 1199
747 1076
747 837
748 1160
748 763
748 788
750 877
751 760
751 1142
754 820
754 1270
754 1211
756 938
756 1021
756 1007
757 790
757 857
758 811
758 854
759 816
759 1004
761 1121
762 772
762 1258
763 1273
764 905
766 1008
768 1275
770 1091
771 1284
772 870
772 914
774 1262
774 1293
777 1061
777 1101
778 1206
778 941
779 976
779 1041
779 1245
779 1183
780 1270
780 1051
780 1074
781 1217
781 917
782 1141
782 1278
783 1058
784 1178
784 1006
786 1038
787 991
790 1068
790 1057
792 858
792 898
793 913
794 1001
796 979
796 1166
797 961
797 1193
797 943
797 829
798 1148
798 1009
799 1287
801 1198
801 1047
802 1288
802 874
802 983
803 1143
804 992
806 866
806 887
807 932
808 970
808 1104
810 901
812 1296
812 900
813 960
813 858
814 925
814 1289
815 1114
817 981
819 1059
819 1255
820 1256
821 1130
821 870
822 978
823 1053
824 831
824 1124
825 962
826 955
826 1270
826 903
827 1270
828 1108
829 1185
829 918
829 1095
830 957
830 1005
831 1145
834 1046
834 870
836 996
837 881
837 876
837 861
838 1200
839 898
839 1188
840 1210
845 1273
847 992
848 887
849 881
850 1024
851 898
852 1206
853 1169
853 1087
854 1059
854 1164
854 1239
855 1150
856 1175
857 1125
857 1063
857 1161
858 1293
859 1049
861 990
861 1032
862 891
863 993
863 1217
865 1174
867 1118
872 1047
875 1199
876 1226
876 915
877 1294
878 1222
880 1003
884 1273
887 1200
888 1079
889 901
893 1086
894 1057
894 1020
894 1046
896 1022
898 905
898 1103
901 939
901 1209
904 987
904 1086
905 989
906 1140
906 1004
907 1055
908 1246
909 1042
911 975
911 1171
911 1054
912 1210
912 947
913 1253
913 1050
914 940
914 1118
915 964
918 1117
918 1176
920 1187
923 1157
923 1123
925 1298
926 1290
927 1208
928 1224
928 1119
929 1030
930 1155
931 978
933 1122
933 1267
933 1039
937 971
937 942
938 966
941 1283
944 1009
944 1231
945 1289
945 1077
947 956
947 1002
950 1081
950 1139
950 1036
950 1054
951 982
951 989
952 1058
952 978
952 1231
956 1146
957 1036
958 1258
960 1157
962 988
964 1298
965 1170
969 1177
971 1254
971 1150
971 975
972 1274
973 1065
973 1261
973 1116
977 1226
978 1217
978 1221
979 1217
981 1230
982 1206
983 1103
983 1204
983 1111
983 1082
984 1228
986 1101
987 1122
988 1108
993 1178
997 1031
997 1286
998 1062
999 1063
1000 1154
1000 1185
1002 1234
1004 1057
1004 1044
1005 1104
1011 1026
1011 1045
1012 1248
1014 1183
1016 1083
1018 1212
1020 1127
1022 1249
1022 1159
1022 1228
1023 1055
1024 1211
1025 1217
1025 1257
1026 1163
1026 1200
1026 1073
1034 1163
1034 1075
1035 1207
1039 1256
1041 1122
1042 1204
1043 1180
1043 1254
1045 1239
1046 1156
1047 1213
1048 1061
1049 1285
1051 1272
1054 1126
1058 1123
1059 1174
1060 1153
1060 1244
1061 1122
1061 1066
1062 1164
1063 1271
1064 1280
1065 1298
1066 1174
1067 1108
1067 1242
1072 1242
1072 1139
1073 1140
1074 1128
1075 1112
1075 1181
1077 1110
1078 1211
1078 1221
1081 1239
1083 1110
1084 1198
1086 1091
1086 1167
1088 1204
1089 1250
1090 1257
1090 1194
1092 1297
1094 1115
1095 1195
1097 1279
1098 1245
1099 1188
1100 1168
1106 1251
1107 1281
1109 1270
1116 1284
1123 1236
1124 1163
1124 1172
1125 1233
1129 1274
1131 1255
1131 1247
1132 1167
1133 1208
1135 1265
1135 1141
1139 1209
1143 1254
1145 1292
1148 1155
1149 1248
1153 1237
1159 1240
1163 1229
1163 1168
1165 1229
1166 1211
1180 1239
1183 1208
1184 1211
1188 1243
1190 1255
1190 1230
1193 1194
1194 1273
1197 1224
1197 1274
1203 1260
1208 1238
1220 1266
1226 1259
1227 1240
1248 1252
1253 1271
1259 1290
1259 1263
1264 1292
1265 1288
