0 641
0 611
0 294
0 618
0 171
0 529
0 666
1 388
1 616
1 335
1 177
1 375
1 312
2 256
2 325
2 487
2 649
2 364
2 13
2 337
2 246
2 569
3 522
3 476
3 39
4 613
4 529
4 365
4 335
4 81
4 22
4 567
4 188
4 319
5 517
5 583
5 360
5 79
5 567
5 575
6 37
6 103
6 296
6 555
6 13
6 624
6 629
7 135
7 586
7 469
7 346
7 223
7 413
7 287
8 288
8 481
8 37
8 328
8 234
8 694
8 309
8 374
8 250
8 325
9 481
9 68
9 73
9 375
9 425
9 356
10 228
10 261
11 552
11 481
11 505
11 380
11 471
12 617
12 686
12 303
12 21
12 472
12 122
12 410
13 192
13 452
13 268
13 16
13 184
14 449
14 520
14 75
14 303
14 210
14 565
14 438
14 319
15 200
15 392
15 325
15 665
15 343
16 96
16 165
16 86
16 376
16 25
16 126
17 664
17 377
17 428
17 470
18 396
18 195
18 316
18 349
18 87
19 530
19 579
19 237
19 598
19 455
20 42
20 378
21 395
21 367
21 317
21 335
22 580
22 139
22 624
22 692
22 472
22 445
23 226
23 522
23 588
23 176
23 561
23 51
23 25
23 187
23 316
24 657
24 257
24 609
24 182
24 239
25 112
25 430
25 211
25 511
25 95
26 161
26 626
26 612
26 601
27 643
27 644
27 358
27 370
27 185
27 540
28 619
28 204
28 529
28 694
28 571
28 316
29 518
29 263
29 151
29 114
29 311
29 607
30 460
30 197
30 647
31 161
31 58
31 635
31 455
32 320
32 614
32 424
32 649
32 434
32 663
32 603
33 250
33 539
33 61
33 410
33 423
34 584
34 586
34 666
35 680
35 97
35 279
36 577
36 195
37 225
37 106
37 684
37 436
37 118
38 425
38 642
38 116
39 325
39 73
39 364
39 626
39 275
39 437
39 169
39 61
40 512
40 425
40 266
40 692
41 515
41 616
41 423
41 231
42 480
42 578
42 361
42 80
42 247
42 607
43 281
43 603
43 52
43 519
44 240
44 323
44 580
44 567
45 640
45 379
45 108
45 133
45 182
46 216
46 400
46 412
46 520
47 208
47 281
47 424
47 140
48 523
48 228
48 578
48 491
48 60
49 456
49 169
49 491
49 533
49 249
49 411
49 693
50 437
50 366
51 107
51 108
51 592
51 689
51 114
52 385
52 482
52 425
52 106
52 175
52 497
52 440
53 161
53 650
53 371
53 69
53 71
54 394
54 371
54 60
54 674
55 595
55 572
55 117
55 566
55 397
56 228
56 133
56 330
56 619
56 81
56 210
56 93
57 477
58 289
58 368
58 246
58 252
58 350
59 320
59 65
59 458
59 179
59 253
59 414
60 387
60 356
60 275
60 568
61 288
61 99
61 489
61 298
61 77
61 321
61 144
61 635
61 469
61 507
61 476
61 446
62 137
62 443
62 573
62 366
62 303
63 432
63 241
63 68
63 353
63 313
64 339
64 147
64 125
64 459
64 467
65 544
65 259
65 549
65 137
65 553
65 444
65 511
66 128
66 98
66 133
66 664
66 600
66 221
67 104
67 618
67 684
67 498
67 340
67 695
68 129
68 675
68 534
68 358
68 170
68 466
68 242
68 438
69 128
69 385
69 676
69 261
69 75
69 204
69 208
69 595
69 157
70 243
70 566
71 353
71 675
71 260
71 613
71 616
72 488
73 679
73 198
73 103
73 424
73 461
73 399
73 281
74 448
74 580
74 653
74 207
74 343
74 287
75 562
75 150
75 111
76 283
76 116
76 285
76 454
76 679
77 511
78 522
78 538
78 350
78 383
79 449
79 552
79 684
79 659
79 124
79 477
79 421
80 357
80 236
80 526
80 174
80 441
81 131
81 583
81 650
81 430
81 402
81 116
81 572
81 446
82 468
83 249
83 99
83 684
83 313
84 266
84 579
84 628
84 442
85 162
85 666
85 510
86 687
86 593
86 690
86 531
86 253
87 259
87 405
87 262
88 114
88 308
88 477
89 595
89 591
89 427
89 246
89 475
90 201
91 161
91 511
91 589
91 670
91 201
92 488
92 615
92 333
92 670
92 349
93 553
93 301
93 561
93 242
93 307
93 276
95 198
95 658
95 278
95 375
95 123
95 637
95 511
96 576
96 483
96 138
96 466
96 628
96 539
97 514
97 398
97 337
97 595
97 445
98 296
98 360
98 459
98 266
99 321
99 653
99 464
99 510
100 354
100 675
100 644
100 166
100 492
100 668
100 510
101 288
101 217
101 676
101 510
102 494
102 366
102 697
102 444
102 254
102 159
103 636
104 409
104 510
104 406
105 386
105 196
105 148
105 693
105 182
105 382
106 487
106 235
106 406
106 697
106 505
106 156
106 382
107 297
107 131
107 677
107 505
108 578
108 323
108 361
108 594
108 275
108 667
108 221
109 256
109 304
109 282
109 688
109 390
110 657
110 268
111 321
111 604
111 637
111 113
111 658
111 339
111 411
111 572
111 125
112 648
112 682
112 532
112 310
112 249
112 317
113 521
113 171
113 532
113 150
113 247
113 444
113 183
114 256
114 472
114 690
114 374
115 298
115 334
115 273
115 342
115 376
115 476
115 413
116 355
116 680
116 526
117 382
118 315
118 299
118 295
119 450
119 476
119 173
119 686
119 500
119 633
119 604
120 515
120 203
120 157
120 248
120 121
120 125
120 190
121 536
121 218
121 298
121 215
122 528
122 170
122 171
122 174
122 336
122 124
123 324
123 263
123 299
123 531
123 275
123 372
124 353
124 677
124 454
124 678
124 433
124 661
124 534
124 217
124 316
124 698
125 603
126 507
126 455
127 248
127 353
127 287
128 224
128 472
128 411
129 481
129 514
129 134
129 651
129 398
129 432
129 529
129 437
129 560
129 218
129 698
130 449
130 675
130 516
130 453
130 690
130 561
130 338
130 501
130 218
130 444
131 166
131 404
131 406
131 564
131 318
132 419
132 235
132 206
132 689
132 660
132 505
132 315
133 483
133 165
134 262
134 521
134 682
134 144
134 177
134 403
134 279
134 696
134 377
134 156
135 166
135 521
135 686
135 183
135 636
135 221
136 512
136 388
136 244
136 532
137 419
137 199
137 360
137 170
137 446
137 410
137 570
138 327
138 360
138 655
138 629
138 282
139 634
140 192
140 353
140 386
140 555
140 142
140 690
140 219
141 647
141 270
141 527
142 512
142 678
142 238
142 304
142 346
142 639
143 677
144 512
144 422
144 364
144 206
144 157
144 374
144 440
144 506
144 383
145 515
145 264
145 621
145 593
145 310
145 574
146 429
146 583
146 543
146 253
146 285
147 269
147 558
147 591
147 528
147 151
147 511
148 294
148 332
148 689
148 436
148 277
148 444
149 466
149 395
149 525
149 510
150 391
150 300
150 236
150 566
150 280
151 480
151 610
151 646
151 530
152 408
152 420
153 296
153 512
153 395
153 525
154 521
154 235
154 438
155 646
155 617
155 591
155 210
155 500
155 503
155 543
156 160
156 673
156 167
156 584
156 203
156 558
156 239
156 376
156 601
157 416
157 642
157 196
157 236
157 249
158 312
159 324
159 584
159 535
159 228
159 413
161 482
161 626
161 249
161 313
162 480
162 193
162 655
162 436
162 247
162 632
163 628
163 614
164 249
164 402
164 395
164 431
165 224
165 432
165 587
165 331
165 365
165 238
165 593
165 692
165 186
166 659
166 501
166 187
167 171
167 553
167 267
167 492
167 247
167 283
168 357
169 480
169 626
169 372
170 546
170 337
170 438
170 201
171 225
171 676
171 551
171 435
172 402
172 636
172 442
172 469
173 193
173 518
173 297
173 693
173 213
174 262
174 583
174 277
174 377
175 218
175 222
176 397
177 610
177 292
177 396
177 241
177 531
177 343
177 319
178 634
178 635
178 349
178 510
178 455
179 198
179 236
179 696
179 472
179 185
180 302
181 268
181 590
181 409
181 218
181 540
181 634
182 546
182 419
182 240
183 300
184 498
184 482
184 658
184 609
185 354
185 625
185 584
185 334
185 209
185 437
186 224
186 322
186 294
186 536
186 572
187 450
187 244
187 349
188 568
188 538
188 539
189 598
190 323
190 613
190 519
190 468
190 571
190 510
191 404
191 292
191 548
192 615
192 399
192 560
192 410
193 601
194 417
194 327
194 361
194 241
194 403
194 443
195 416
195 608
195 338
195 430
195 548
195 273
195 339
195 473
195 445
196 641
196 530
196 655
196 242
196 393
196 603
197 217
197 401
198 305
198 301
199 594
199 283
199 630
199 455
200 416
200 586
200 292
200 485
201 289
201 556
202 344
202 362
202 395
202 286
203 500
203 545
204 449
204 387
204 465
204 243
204 693
204 310
204 218
205 402
205 595
205 293
205 341
206 361
206 391
206 215
207 512
207 506
208 360
208 324
208 232
208 296
208 252
209 322
209 658
211 449
211 489
211 503
211 574
211 223
212 296
212 444
212 469
212 663
212 219
212 508
213 608
213 518
213 264
213 369
213 468
213 632
213 607
214 225
214 284
214 310
215 276
216 641
216 389
216 358
216 561
216 434
216 408
217 525
217 631
217 252
218 517
218 615
218 488
218 688
218 403
218 308
218 342
219 639
219 541
219 292
220 481
220 549
220 230
220 488
220 593
220 341
220 350
221 256
221 340
222 610
222 699
222 557
223 639
223 675
224 464
224 485
225 356
225 231
225 232
225 589
225 616
225 435
225 377
225 316
226 592
226 321
226 555
226 325
227 302
227 336
227 306
227 691
227 469
227 375
228 265
228 364
228 594
228 659
229 281
229 690
229 435
229 230
229 695
230 424
230 242
230 683
231 357
231 583
231 394
231 621
231 598
231 609
232 261
232 526
232 366
232 534
232 505
233 386
233 323
233 418
233 654
233 591
233 465
233 467
233 281
233 637
234 458
234 356
235 288
235 457
235 458
235 606
236 576
236 387
236 324
236 695
236 440
237 297
237 362
237 524
237 655
237 433
237 565
237 442
237 253
238 529
238 587
238 629
239 450
240 523
240 499
240 469
240 312
241 628
241 325
242 545
242 277
243 422
243 457
243 438
243 280
244 610
244 446
245 670
246 450
246 651
246 495
247 353
247 429
247 653
247 498
247 513
247 286
248 538
248 637
249 481
249 265
250 579
250 593
250 275
250 511
251 676
251 266
251 436
251 642
252 291
252 517
252 371
253 493
253 365
253 340
253 342
253 436
254 601
254 338
254 531
254 327
255 449
255 355
255 647
255 555
255 379
255 445
256 604
256 365
256 335
256 665
256 572
256 638
257 596
257 404
257 437
257 398
258 288
258 627
258 584
258 361
258 298
258 331
258 595
258 662
259 455
259 269
259 404
259 311
259 410
260 467
260 558
261 481
261 553
261 299
262 364
263 474
263 686
264 625
264 517
264 391
265 449
265 423
265 359
265 685
265 698
266 513
266 268
266 590
267 536
267 327
267 372
267 398
268 490
268 658
268 341
269 472
269 674
269 463
270 344
270 552
270 583
270 573
271 326
272 553
272 371
273 359
273 556
273 476
273 318
274 643
274 461
275 292
275 364
275 661
276 675
276 395
276 302
276 465
276 537
277 547
277 632
277 440
278 357
278 680
278 348
278 491
278 444
279 345
279 372
279 508
280 290
280 612
280 654
280 688
281 650
281 335
281 468
281 607
282 424
282 526
282 596
282 536
283 336
283 412
283 511
284 618
284 643
285 416
285 550
286 335
286 492
286 493
287 577
287 330
288 613
288 441
288 538
288 479
289 460
289 623
290 514
290 357
290 391
290 621
290 559
290 535
290 507
290 572
290 639
291 604
291 356
291 315
291 662
292 577
292 598
292 441
293 379
293 564
293 414
293 509
294 507
294 302
294 443
295 512
295 406
295 343
296 454
296 550
296 628
296 567
297 489
297 426
297 597
297 406
297 698
297 638
298 392
298 499
298 337
298 630
299 362
299 350
301 451
301 521
301 594
301 635
302 450
302 487
302 591
302 699
303 487
303 557
303 335
304 554
304 363
304 561
304 667
304 477
305 526
305 539
305 518
306 433
306 658
306 503
307 517
307 424
307 526
307 372
307 639
308 535
309 615
310 528
310 659
311 371
311 386
312 450
312 647
312 343
312 688
312 605
313 613
313 358
313 493
313 429
313 589
314 452
314 661
314 470
315 456
315 517
316 677
316 414
317 520
317 341
318 367
318 502
318 353
319 561
319 585
319 399
319 469
319 612
319 507
319 348
319 637
320 545
320 529
320 373
320 533
321 324
321 428
321 612
322 570
323 449
323 520
323 560
323 341
323 533
323 511
324 443
325 645
325 578
325 367
325 479
326 615
326 586
326 658
326 657
326 562
326 532
326 695
327 636
328 569
328 641
329 553
329 585
329 577
331 567
332 581
333 422
333 550
333 532
333 533
333 599
334 416
334 445
334 502
335 567
335 504
336 403
336 374
336 634
337 450
337 520
338 631
339 355
339 603
340 519
340 633
340 542
341 498
341 660
341 535
341 638
342 385
342 646
342 393
342 369
342 409
343 400
343 470
345 353
345 655
345 499
345 406
345 348
345 351
347 688
347 506
347 581
348 422
348 625
348 406
349 561
349 500
349 601
350 644
350 408
351 560
353 582
353 655
353 568
354 423
355 603
356 418
356 526
356 562
356 471
357 485
358 423
358 491
359 464
359 519
360 587
362 625
362 364
364 688
364 419
364 635
365 422
365 473
366 581
366 523
366 492
366 493
366 697
367 672
368 648
368 571
368 389
368 397
369 462
369 565
370 506
370 468
370 389
370 559
371 496
371 668
372 699
372 684
372 436
373 432
373 538
373 611
374 376
375 471
375 540
375 541
376 612
376 453
376 661
377 598
378 432
378 566
379 426
379 524
379 398
379 435
380 513
381 448
381 553
381 548
381 641
382 608
382 418
382 686
382 599
382 405
383 490
383 530
383 429
384 450
385 463
385 628
385 604
386 648
387 493
387 403
387 468
387 407
388 484
388 422
388 397
388 698
390 616
390 434
390 412
392 645
392 561
392 510
392 421
393 698
393 413
393 471
394 617
394 678
394 534
395 435
395 570
395 637
396 675
396 586
396 626
396 590
397 447
398 457
398 620
398 521
399 634
400 424
400 512
400 534
401 544
401 426
401 589
401 441
401 509
402 674
402 678
402 659
402 501
402 568
402 410
404 568
404 639
405 576
405 541
407 564
407 493
407 447
408 554
408 432
408 573
409 586
410 609
410 594
410 433
410 681
411 497
411 686
411 575
412 550
412 658
412 508
413 609
413 683
413 583
413 429
413 561
413 659
413 649
413 511
414 656
414 491
415 456
415 659
416 630
416 631
416 474
416 495
417 689
419 546
419 667
419 616
419 443
420 548
420 614
421 602
421 559
423 658
423 634
424 471
424 600
426 677
426 606
427 483
427 685
427 625
427 601
427 636
429 516
429 586
430 563
431 585
431 547
431 543
432 513
432 467
432 502
433 616
433 489
434 686
435 487
435 583
435 590
435 437
436 439
439 564
440 675
441 651
441 637
442 463
443 584
443 492
444 663
444 473
445 587
445 473
445 571
446 608
446 596
446 667
448 512
448 651
449 450
449 692
449 539
451 672
451 566
451 663
452 559
454 667
454 593
455 548
455 683
455 675
455 567
455 476
456 688
456 598
457 625
457 599
458 667
458 489
458 692
459 565
460 586
460 468
460 681
461 584
462 498
462 643
462 677
462 647
464 682
465 626
467 532
467 470
468 592
468 475
469 588
470 492
470 565
470 661
471 648
472 512
472 588
472 493
472 660
472 543
474 505
475 499
476 609
476 580
476 551
476 523
476 697
476 699
477 599
479 665
481 504
482 535
483 548
483 679
483 490
483 600
485 682
485 664
485 670
486 696
487 633
488 577
488 560
489 583
489 654
489 694
490 606
490 542
491 499
492 507
492 534
492 543
495 585
495 540
496 597
497 575
498 514
498 642
500 517
500 605
501 651
502 587
502 646
504 637
505 521
505 561
506 551
506 623
506 598
507 658
507 594
508 565
508 521
510 539
511 646
511 616
512 568
512 553
513 559
515 559
516 581
517 673
517 689
518 528
519 522
519 597
520 578
520 552
520 597
522 555
522 600
523 539
526 548
526 570
527 658
527 606
528 536
532 611
532 586
533 609
534 576
535 600
536 667
538 586
538 650
539 550
539 687
540 613
540 652
540 656
542 611
543 647
543 607
544 614
546 671
550 679
550 599
550 696
553 615
553 634
554 577
556 571
557 680
558 584
558 684
559 664
561 681
562 628
562 570
563 581
565 651
565 602
566 624
566 666
571 619
572 673
574 618
575 647
576 639
579 587
581 640
581 672
581 588
583 627
583 604
584 645
586 606
590 643
590 698
591 646
591 657
592 686
595 601
595 617
597 598
599 645
604 612
611 644
614 640
615 643
616 690
616 666
617 696
621 664
622 623
623 666
623 648
623 637
630 640
632 648
633 665
635 654
637 698
650 693
653 659
657 683
657 694
665 691
668 680
675 676
694 697
