0 96
0 248
0 142
0 336
1 315
2 18
2 139
2 348
2 365
4 265
4 170
4 187
4 317
4 383
5 49
5 34
5 213
6 8
6 83
7 225
7 124
8 81
8 219
8 84
8 359
9 200
9 377
9 386
9 207
10 232
10 267
10 356
11 121
11 182
12 247
13 177
13 15
14 96
14 264
14 266
14 101
14 294
15 25
15 399
15 316
15 165
16 51
16 36
16 399
16 366
16 271
17 160
17 137
17 98
18 377
18 44
18 271
19 339
19 271
19 31
20 336
20 290
20 179
21 145
21 356
21 397
22 296
22 51
23 48
23 358
23 71
24 363
24 308
24 181
25 352
26 360
26 182
27 28
27 142
27 303
28 74
28 335
30 177
31 168
31 369
31 392
32 90
32 268
32 106
32 293
33 397
33 169
33 77
33 231
34 80
34 373
34 213
35 251
36 84
37 316
37 196
37 229
38 171
38 387
39 208
39 196
40 272
40 299
40 397
41 153
41 74
41 250
41 335
42 297
42 130
42 115
42 250
42 263
43 162
43 268
43 246
44 48
44 171
44 220
46 336
46 162
46 398
47 236
47 397
48 153
48 275
48 286
49 399
49 336
49 278
49 375
49 121
49 287
50 222
50 273
50 108
50 181
50 62
51 227
52 228
52 111
53 218
53 203
53 330
54 257
54 242
54 315
54 92
55 72
55 356
55 346
55 92
55 214
56 351
56 199
57 176
57 99
57 254
58 162
58 326
58 393
58 173
58 270
58 155
59 160
59 292
60 131
60 261
60 219
60 349
61 91
61 252
61 111
62 362
62 119
63 315
63 252
63 231
64 161
64 396
64 124
64 351
65 298
66 344
66 274
66 93
66 133
67 120
67 379
67 388
68 258
69 389
69 125
69 85
69 93
70 305
71 294
71 94
72 360
72 74
72 196
74 180
74 77
75 175
76 211
76 77
76 205
77 148
77 280
77 92
78 380
79 144
79 113
79 130
79 188
80 358
80 182
81 214
81 399
82 186
82 331
83 176
83 239
85 153
85 131
85 397
86 302
86 207
87 90
87 310
87 367
88 116
89 301
90 307
90 349
91 107
91 366
92 392
92 305
93 134
93 235
93 173
93 126
94 218
94 395
94 158
95 128
95 130
95 265
95 362
95 139
95 365
95 275
96 291
96 360
96 244
96 282
97 153
97 201
97 119
98 396
98 385
99 247
100 249
100 171
100 292
102 181
102 166
103 394
104 218
104 396
105 116
105 221
105 238
105 317
106 169
106 268
107 280
108 356
109 363
109 186
109 123
110 293
110 310
111 294
111 397
111 399
111 117
111 343
112 266
112 334
113 291
113 244
115 254
115 238
116 284
116 308
117 313
117 282
117 358
118 389
118 323
118 285
118 263
119 314
119 361
119 209
123 312
123 129
123 202
124 269
124 333
126 362
126 228
126 279
127 265
127 242
127 331
128 157
129 232
129 189
129 190
130 256
130 341
131 164
131 339
131 183
131 159
132 186
132 214
134 160
134 312
134 326
134 143
135 137
135 381
135 375
136 339
136 189
136 366
137 156
138 385
138 250
138 294
138 158
139 323
139 148
140 144
140 155
141 194
141 268
142 264
142 202
142 305
143 264
145 258
145 327
145 231
146 207
147 233
147 351
147 191
148 386
148 324
149 329
149 259
149 396
151 169
151 290
152 278
153 399
154 265
154 163
155 252
157 193
157 292
159 307
160 291
160 329
160 298
160 276
161 334
162 334
162 273
162 338
163 379
163 330
163 295
164 333
164 335
165 315
165 195
165 284
165 310
166 182
168 243
169 325
169 199
169 180
170 171
171 373
172 248
173 297
173 235
174 379
175 238
177 257
177 308
179 202
179 221
180 276
180 181
182 347
183 267
183 234
183 271
184 275
186 352
186 362
186 396
187 262
187 191
188 364
188 300
189 242
189 355
189 387
190 385
190 392
190 313
191 330
191 211
192 201
192 374
192 303
194 304
194 237
195 296
195 300
195 284
195 324
196 205
196 277
196 221
197 337
198 371
198 324
198 365
198 303
199 306
200 288
200 236
200 205
201 228
201 237
203 284
203 399
204 323
205 280
206 352
206 273
206 381
207 238
208 332
210 249
210 386
210 246
211 282
211 349
212 265
212 267
212 318
212 222
214 221
215 364
215 342
217 310
218 389
218 365
218 334
218 276
219 224
221 353
221 362
223 286
224 264
224 298
224 309
224 357
225 391
225 317
226 322
227 381
228 355
228 323
231 267
233 369
234 346
234 285
236 254
238 357
238 345
238 255
239 248
239 333
240 395
245 392
245 395
245 308
245 333
246 345
246 322
248 359
253 257
253 274
253 286
254 389
254 310
255 335
256 323
256 388
256 261
256 295
256 297
256 291
257 343
258 266
259 308
260 380
262 307
262 346
263 388
264 357
265 366
265 285
268 391
268 309
269 354
270 389
271 358
271 364
273 290
274 291
275 359
275 361
277 336
279 322
279 341
280 329
281 337
281 365
283 296
283 358
285 335
288 307
289 292
290 362
291 320
293 322
294 338
296 379
297 397
298 346
299 302
301 338
305 380
309 336
310 376
311 389
312 361
313 372
315 380
315 382
315 351
316 367
316 391
317 326
319 395
321 345
321 373
324 394
333 357
333 336
338 361
339 392
339 343
349 373
351 381
353 355
353 396
359 378
360 392
363 396
368 371
374 393
375 389
376 398
381 392
382 394
383 388
384 399
