0 944
0 34
0 484
0 430
0 240
0 1241
0 249
0 1567
1 706
1 163
1 421
1 1414
1 840
1 860
1 299
1 1422
1 1456
1 626
1 499
1 1592
1 475
1 508
2 1065
2 1393
2 269
2 1143
3 1000
3 1580
3 76
3 1325
3 1294
3 16
3 1590
3 729
3 735
4 1280
4 1220
4 198
4 1321
4 970
4 1324
4 1230
4 1458
4 1493
4 982
4 125
4 639
5 1378
5 1572
5 775
5 1355
5 429
5 717
5 1363
6 1065
6 1005
6 718
6 1330
6 371
6 121
7 275
7 1212
7 1069
7 582
7 1213
8 1057
8 1092
8 718
8 79
8 1362
8 1048
8 772
8 1182
9 419
9 102
9 1450
9 427
9 1036
9 402
9 213
9 1195
9 1244
10 515
10 1578
10 971
10 876
10 112
10 947
10 1559
11 1028
11 1189
11 104
11 489
11 1579
11 1132
11 653
11 48
11 824
11 186
11 893
12 227
12 581
12 521
12 874
12 113
12 1366
12 1481
12 1498
12 1083
12 381
12 926
13 1152
13 1021
13 559
13 434
13 407
13 730
13 943
13 732
13 605
13 1054
14 161
14 1146
14 1220
14 1292
15 1412
15 455
15 586
15 1201
15 149
15 1462
16 1280
16 1284
16 458
16 204
16 1347
17 480
17 642
17 553
17 748
17 605
17 658
17 379
17 349
18 770
18 1254
18 998
18 359
18 300
18 253
18 799
19 1355
19 1551
20 747
20 364
20 558
20 559
20 949
20 1422
20 94
21 912
21 1168
21 1005
21 1070
21 45
21 560
21 981
21 1302
21 279
22 418
22 452
22 1382
22 1164
22 719
22 146
22 1018
22 634
23 771
23 1381
23 211
23 616
23 1289
23 1354
23 1101
23 435
23 565
23 413
24 129
24 1188
24 423
24 937
24 1454
24 1169
24 1491
24 469
24 1526
25 164
25 1317
25 494
25 948
25 765
25 613
26 1094
26 44
26 1194
26 684
26 941
26 367
26 1327
26 319
27 67
27 1348
27 1381
27 904
27 41
27 394
27 1327
27 210
27 970
28 1312
28 770
28 1507
28 1157
28 137
28 270
28 80
28 629
28 1337
28 218
28 1370
29 688
29 1155
29 68
29 1287
29 1388
29 556
29 368
29 123
29 1580
30 32
30 579
30 263
30 765
30 1361
30 691
30 916
30 1594
30 442
30 1019
30 413
30 1567
31 1408
31 258
31 424
31 681
31 109
31 237
31 528
31 146
31 660
31 301
31 333
31 250
31 156
31 1182
31 415
32 1431
32 636
32 893
32 1205
33 1382
33 1389
33 1040
33 628
33 629
33 88
33 761
33 1340
33 222
34 1368
34 644
34 1233
34 117
34 310
34 1048
34 1274
34 1277
34 1150
35 138
35 1116
35 634
35 822
35 909
36 323
36 1028
36 236
36 1334
36 1432
36 857
36 1018
36 1274
36 1182
37 128
37 1348
37 167
37 1257
37 1457
37 1432
37 250
37 1114
38 673
38 491
38 1185
38 893
38 775
39 192
39 385
39 1481
39 774
39 1369
40 450
40 169
40 779
40 1359
40 1008
40 881
40 340
40 631
40 445
40 350
41 676
41 1031
41 1200
41 1041
41 498
41 537
42 1384
42 780
42 397
42 561
42 1298
42 985
42 1020
43 683
43 526
43 209
43 334
43 758
43 1018
44 1043
44 1313
44 450
44 675
44 1402
44 744
44 267
44 1548
44 1069
44 1085
44 883
44 820
44 1014
44 1208
44 701
45 585
45 207
45 947
45 153
45 1434
45 1308
46 1536
46 165
46 156
46 298
46 530
46 1402
46 693
46 88
46 1018
46 1322
46 476
46 1258
47 650
47 1517
47 470
47 1528
47 121
47 218
47 604
47 906
47 478
47 1274
48 1323
48 1541
48 488
48 1004
48 1288
49 1282
49 1318
49 453
49 902
49 300
49 1231
49 838
49 1583
49 655
50 579
50 356
50 1451
50 52
50 182
50 634
51 387
51 549
51 106
51 1035
51 172
51 820
51 1301
52 683
52 954
52 1298
52 334
52 623
52 501
52 409
52 90
52 956
52 794
52 606
52 373
53 1193
53 1557
53 1302
53 1206
53 1541
54 165
54 230
54 488
54 1002
54 779
54 1328
54 855
54 1049
54 1050
55 1353
55 620
55 462
55 1524
55 535
55 1433
55 506
55 957
55 511
56 545
56 1031
56 275
56 215
56 1178
56 1181
56 638
57 584
57 97
57 1554
57 589
57 473
58 1441
58 552
58 1326
58 115
58 366
58 1015
58 858
59 1344
59 1091
59 331
59 1288
59 843
59 620
59 1550
59 1075
59 824
59 1533
59 671
60 1415
60 316
60 266
60 1180
60 1098
60 958
61 1472
61 1121
61 356
61 231
61 1390
61 1200
61 733
62 1115
62 1028
62 1087
62 1194
62 171
62 984
62 978
62 84
62 344
62 1284
62 218
62 1023
62 159
63 992
63 962
63 1382
63 1298
63 690
63 306
63 1205
63 1335
63 312
63 1209
63 1468
64 561
64 1298
64 958
64 814
65 129
65 771
65 484
65 1473
65 972
65 317
65 1521
65 1059
65 149
65 669
65 703
66 449
66 1249
66 681
66 989
66 463
66 1537
66 662
66 856
66 957
66 1439
67 642
67 1380
67 751
67 1298
67 1271
68 129
68 1026
68 1187
68 164
68 265
68 1292
68 1090
68 947
68 1465
68 1433
69 707
69 356
69 1484
69 687
69 502
69 990
70 416
70 293
70 264
70 1131
70 556
70 207
70 754
70 1334
71 1073
71 1525
71 625
71 850
71 563
71 469
71 758
71 990
71 1205
72 900
72 1349
72 456
72 556
72 1422
72 1117
72 920
72 699
72 700
72 989
73 1536
73 1537
73 1218
73 516
73 778
73 1515
73 109
73 79
73 723
73 150
73 1050
73 475
73 1290
73 1466
74 721
74 173
74 1293
74 241
74 126
74 1357
74 537
74 1179
74 1244
74 478
74 319
75 642
75 771
75 1479
75 562
75 343
75 280
75 1081
76 960
76 770
76 1386
76 141
76 590
76 237
76 312
76 1049
76 1519
76 637
76 639
77 456
77 1257
77 427
77 784
77 1425
77 861
78 417
78 421
78 710
78 200
78 1257
78 1138
78 1592
79 1024
79 1281
79 996
79 1489
79 1169
79 1595
80 1188
80 807
80 872
80 715
80 1293
80 1305
80 126
80 863
81 952
81 673
81 331
81 740
82 1120
82 1289
82 556
82 462
82 209
82 1142
82 313
83 1171
83 677
83 454
83 263
83 329
83 1009
83 755
83 730
83 1435
83 1438
84 1506
84 451
84 581
84 1517
84 110
84 1039
84 657
84 1465
84 1210
84 91
84 1498
85 262
85 1416
85 1360
85 948
85 282
85 414
86 1202
86 579
86 1468
86 941
87 1412
87 1128
87 618
87 1463
87 1224
87 979
87 119
87 985
87 890
87 635
87 1087
88 1218
88 1382
88 552
88 425
88 394
88 1160
88 1364
88 664
88 1469
89 1016
89 1131
90 1287
90 578
90 355
90 657
90 360
90 393
90 970
90 1095
90 428
90 1582
90 111
90 497
90 1074
90 1238
90 991
91 455
91 203
91 588
91 146
91 212
91 473
92 620
92 769
92 108
92 748
92 269
92 1487
92 500
92 763
93 688
93 852
93 1431
93 172
93 1392
94 264
94 297
94 563
94 494
95 529
95 940
95 973
95 1334
95 1325
96 880
96 1125
96 1084
96 560
96 1173
96 1366
96 316
97 548
97 1584
97 497
97 1492
97 1181
97 351
98 1419
98 1479
98 828
98 970
98 331
98 654
98 1455
98 1084
98 1215
99 613
99 872
99 618
99 242
99 1461
99 1503
99 149
100 1595
100 1284
100 361
100 590
100 466
100 729
100 1179
100 765
101 1058
101 1294
101 752
101 563
101 693
101 695
102 960
102 1574
102 360
102 526
102 1392
102 904
102 211
102 884
102 663
102 414
103 938
103 119
103 620
103 1166
103 855
103 318
104 930
104 1219
104 1396
104 1200
104 1395
104 1300
104 917
104 1176
104 377
104 764
105 353
105 1481
105 1035
105 1551
105 1137
105 405
105 534
105 857
105 122
105 955
106 1110
106 902
106 970
106 1238
106 1371
107 1218
107 419
107 181
107 614
108 115
108 164
108 519
108 429
108 435
108 1179
109 785
109 1095
109 464
109 401
109 1076
109 313
110 1184
110 898
110 805
110 582
110 119
110 663
110 1241
110 927
110 828
110 511
111 1059
111 1103
111 141
111 238
111 797
111 730
111 635
111 1214
112 1126
113 736
113 1448
113 716
113 1492
113 1129
114 355
114 516
114 1021
115 320
115 497
115 250
116 227
116 487
116 1354
116 235
116 271
116 977
116 950
116 1560
116 1050
116 1483
117 657
117 1451
117 1177
118 929
118 1334
118 137
118 460
118 594
118 1229
118 466
118 1238
118 631
118 511
118 575
119 386
119 1218
119 1282
119 1346
119 1090
119 601
119 670
120 641
120 1091
120 420
120 1354
120 1102
120 979
120 1205
120 1499
120 731
120 764
120 862
121 674
121 646
121 1009
121 1226
121 879
121 753
121 1586
121 1142
122 800
122 960
122 1160
122 170
122 1580
122 334
122 1297
122 1299
122 1390
122 278
122 472
122 1082
123 880
123 331
123 1117
123 400
123 1078
123 250
123 860
124 834
124 494
124 657
124 850
124 371
124 1486
124 634
124 666
125 1152
125 131
125 747
125 458
125 715
125 751
125 1073
125 1131
125 983
125 1284
125 1115
125 938
126 1255
126 327
126 653
126 475
127 325
127 913
127 690
127 1427
127 1049
127 986
127 603
128 645
128 295
128 845
128 1133
128 1075
128 1432
128 986
129 547
129 551
129 1224
129 1309
130 297
130 1163
130 652
130 1389
130 303
131 1006
131 232
131 1001
131 1070
131 270
131 318
131 510
132 422
132 1449
132 1166
132 273
132 758
132 983
132 1337
132 1309
133 848
133 1513
133 270
134 1451
134 1317
134 807
134 551
134 975
134 1009
134 852
134 181
134 376
134 890
134 222
135 1507
135 1548
135 1549
135 855
135 703
135 1151
136 729
136 820
136 517
136 1366
136 887
137 226
137 868
137 678
137 262
137 936
137 706
137 1582
137 1231
137 243
137 1193
137 795
137 444
138 179
138 715
138 709
139 1283
139 1382
139 712
139 1585
139 498
139 1460
139 1014
139 1271
139 1402
140 994
140 675
140 996
140 780
140 1494
140 922
140 603
140 671
141 178
141 543
141 157
142 579
142 334
142 995
142 154
142 1083
142 1596
142 1338
143 903
143 681
143 242
143 1527
143 1308
143 1085
144 624
144 322
144 717
144 567
145 1121
145 266
145 212
145 1145
145 823
146 1243
146 927
146 773
146 806
146 335
146 1544
146 1332
146 799
147 202
147 651
147 206
147 209
147 754
147 1587
147 628
147 213
147 376
147 409
147 1013
147 478
147 639
148 1352
148 1131
148 1516
148 351
148 1016
148 217
148 827
148 671
149 1185
149 623
149 553
149 1067
149 495
149 1010
149 151
149 472
149 761
150 1520
150 1062
150 1357
150 1549
150 432
150 596
150 923
150 671
151 1493
151 1570
151 1183
152 1155
152 356
152 839
152 648
152 1085
152 1168
152 629
152 1373
152 219
152 669
152 1119
153 838
153 361
153 729
153 366
153 333
153 437
153 1142
153 521
153 377
153 1241
153 463
153 252
153 829
153 621
154 736
154 515
154 661
154 1464
154 798
154 415
155 1256
155 314
155 756
156 961
156 1287
156 1416
156 1223
156 469
157 1539
157 1508
157 677
157 1416
157 1066
157 1203
157 219
157 476
157 671
158 706
158 419
158 1094
158 902
158 1265
158 396
158 1263
158 721
158 1539
158 862
158 598
158 505
158 638
159 1280
159 1580
159 783
159 1489
159 1330
159 1403
160 720
160 1305
160 1323
160 341
160 1165
161 742
161 1478
161 616
161 951
161 252
162 1455
162 657
162 691
162 1556
162 405
162 695
162 1563
162 223
163 168
163 1482
163 680
163 1108
163 1470
164 389
164 550
164 881
164 371
164 1427
164 1183
164 477
164 766
164 805
165 362
165 527
165 1272
165 1439
165 1055
166 329
166 1548
166 1006
166 949
166 310
166 777
166 1148
166 317
166 1439
167 1377
167 1224
167 503
167 728
167 1500
167 222
168 740
168 645
168 486
168 1054
168 1013
168 603
168 766
168 1317
169 288
169 1121
169 419
169 1574
169 1386
169 1259
169 1132
169 1487
169 1568
169 279
169 1501
170 880
170 1190
170 1480
170 201
170 368
170 217
170 955
171 1380
171 937
171 625
171 1396
171 841
171 1083
171 638
172 227
172 772
172 1443
172 1038
172 279
172 922
173 737
173 1515
173 1001
173 778
173 1495
173 909
173 913
173 498
173 211
173 407
173 1275
174 836
174 1061
174 1319
174 264
174 809
174 202
174 296
174 499
174 216
174 1562
174 221
175 864
175 644
175 741
175 934
175 1163
175 1548
175 591
175 1298
175 563
175 280
175 412
175 222
175 319
176 584
176 1200
176 1204
176 1350
176 1548
177 1248
177 1527
177 588
177 502
177 1375
178 481
178 484
178 261
178 1031
178 1413
178 1137
178 350
178 670
178 703
179 1029
179 460
179 237
179 463
179 565
179 1591
179 472
179 505
179 475
179 1436
179 1002
180 1259
180 752
180 625
180 402
180 629
180 857
181 294
181 556
181 1362
181 1438
181 287
182 625
182 1219
182 444
182 708
183 677
183 966
183 1245
184 781
184 408
184 410
184 637
184 1214
184 1279
185 835
185 1333
185 430
185 419
185 981
185 539
185 1183
186 256
186 608
186 925
186 1015
186 215
186 669
187 1281
187 1511
187 1033
187 1322
187 1515
187 1136
187 209
187 500
187 1533
187 1406
188 806
188 489
188 874
188 461
188 210
188 1129
188 343
189 964
189 550
189 1102
189 307
189 950
189 1595
189 1086
190 808
190 888
190 969
190 260
190 911
191 353
191 521
191 1104
191 1459
191 310
191 248
191 1277
192 1546
192 465
192 918
192 1399
192 856
192 1370
193 1380
193 1318
193 530
193 920
193 1274
193 827
194 1536
194 867
194 1447
194 488
194 1258
194 1101
194 240
194 1047
194 413
195 1394
195 486
195 1559
195 247
195 813
195 1166
195 594
195 1015
195 1369
195 1503
196 1570
196 834
196 316
196 354
196 1073
196 1299
196 250
196 412
197 1280
197 1579
197 246
197 1175
197 367
197 752
197 342
197 311
197 1432
197 506
198 496
198 636
198 309
199 418
199 1446
199 455
199 872
199 779
199 908
199 1102
199 591
199 752
199 465
199 1268
199 1529
199 1396
199 859
200 881
200 395
200 305
200 373
200 1534
200 1150
201 1527
201 584
201 746
201 1483
201 669
201 1098
201 694
201 535
201 1560
202 576
202 736
202 1156
202 485
202 1419
202 212
202 1237
202 1465
202 281
202 1372
203 1446
203 614
203 1161
203 1067
203 844
203 1005
203 271
203 1043
204 754
204 1275
204 1197
205 1093
205 1095
205 889
205 506
205 1469
205 798
206 1334
206 1392
206 1110
206 1048
206 891
206 1021
207 513
207 774
207 974
207 664
207 479
207 1470
207 671
208 1180
208 1450
208 1417
208 1337
208 794
208 1468
209 1122
209 315
209 1559
209 1154
209 494
209 1123
209 309
209 470
209 1271
209 1209
209 282
209 861
210 1290
210 1067
210 1231
210 1219
210 1370
210 795
211 387
211 786
211 212
211 1269
212 1171
212 1382
212 743
212 1169
212 1331
212 1516
212 1363
212 954
212 348
213 1122
213 1163
213 559
213 850
213 245
213 1535
213 924
213 853
214 1001
214 267
214 1516
214 1133
214 1070
214 1400
214 1369
215 1152
215 738
215 772
215 1190
215 1448
215 632
215 717
215 1102
215 1263
215 1200
215 568
215 562
215 822
215 1295
215 318
216 235
216 598
216 409
216 634
216 540
217 460
218 455
218 1270
218 543
219 224
219 1026
219 549
219 1163
219 1197
219 221
219 789
219 918
220 1218
220 547
220 838
220 1001
220 1230
220 515
220 820
220 309
220 1336
220 987
220 319
221 866
221 1027
221 804
221 248
221 700
221 413
222 616
222 1097
222 1448
222 342
222 791
222 1594
223 740
223 581
223 1269
223 1399
223 228
223 1117
223 735
224 742
224 812
224 913
224 500
224 1309
225 1586
225 1267
225 1381
225 967
226 232
226 1227
226 1357
226 1039
226 1136
226 1527
227 1031
227 945
227 946
227 1193
227 1083
227 1148
228 744
228 666
228 598
229 1488
229 1115
229 1174
230 400
230 1051
230 507
230 854
231 960
231 520
231 1289
231 490
231 1102
231 1458
232 1009
232 1193
232 1266
232 335
232 1137
232 370
232 1309
232 1535
233 960
233 1474
233 1283
233 908
233 1206
233 1434
233 891
234 1280
234 485
234 1574
234 936
234 1193
234 1074
234 882
234 919
234 958
234 991
235 1309
235 776
235 1052
235 509
235 632
235 722
235 1171
235 316
235 381
236 674
236 1189
236 405
236 248
236 1215
237 1378
237 1252
237 1510
237 1577
237 1591
237 249
237 506
238 321
238 335
238 433
238 754
238 539
238 702
238 767
239 273
239 1364
239 1221
239 950
239 439
240 352
240 484
240 997
240 1024
240 300
240 974
240 1584
240 1592
240 702
241 976
241 984
241 1142
241 1359
242 1474
242 1360
242 1556
242 1181
243 674
243 421
243 1090
243 1269
243 502
243 1353
244 1185
244 546
244 1124
244 1480
244 1132
244 783
244 719
244 1438
245 1282
245 1206
246 772
246 438
246 662
246 1466
246 509
247 812
247 1522
247 1147
247 348
247 605
247 895
248 804
248 1357
248 308
248 1558
248 989
249 256
249 1139
249 1349
249 1075
249 791
250 962
250 420
250 1256
250 1525
251 400
251 835
251 965
251 1256
251 1539
251 556
251 336
251 1480
251 786
251 275
251 1173
251 1592
251 1019
251 413
252 1122
252 644
252 520
252 618
252 1367
252 268
252 1119
252 630
252 1047
252 1016
252 443
252 1148
252 926
252 1060
253 1328
253 1138
253 887
253 274
253 400
253 371
253 468
253 341
253 471
253 1268
253 1445
254 1104
254 1036
254 1116
254 1012
255 704
255 474
255 661
255 1070
256 1498
256 386
256 1477
256 458
256 1487
256 1584
256 785
256 1075
256 1469
256 383
257 1569
257 1443
257 1477
257 937
257 1293
257 757
257 438
258 649
258 368
258 531
258 824
258 314
259 883
259 972
259 667
259 796
259 1446
260 443
260 580
260 967
260 1160
260 779
260 914
260 1475
260 459
260 1047
260 315
261 1312
261 281
261 347
261 570
262 1280
262 1346
262 708
262 936
262 1331
262 717
262 847
262 307
262 1303
262 772
263 1394
263 1396
263 1173
263 924
263 669
264 832
264 1286
264 419
264 581
264 775
264 680
264 1116
264 1547
264 1538
264 1328
264 1570
264 757
264 505
264 412
265 356
265 1581
265 1094
265 1124
266 448
266 700
266 969
267 320
267 1042
267 969
267 1483
267 914
267 498
267 659
267 1396
267 438
267 951
267 1183
268 1075
268 375
268 655
268 887
268 660
268 855
268 1402
268 1501
268 638
269 292
269 360
269 905
269 674
269 1442
269 410
270 1440
270 1346
270 326
270 714
270 1517
270 1392
270 1333
270 1178
271 517
271 360
271 556
271 1517
271 1049
271 1147
271 733
271 709
272 770
272 1379
272 1163
272 1294
272 911
272 753
272 786
272 943
272 798
272 799
273 512
273 864
273 1478
273 554
273 624
273 1077
273 534
273 823
274 896
274 641
274 1249
274 1032
274 845
274 1373
274 1448
274 630
274 727
274 1081
274 1404
275 898
275 1539
275 808
275 1130
275 975
275 1072
275 889
276 1289
276 1323
276 304
276 1362
276 1435
276 511
277 288
277 617
277 1458
277 982
277 1575
278 1250
278 612
278 613
278 1383
278 1108
278 1275
278 892
278 573
279 1189
279 1244
279 1351
279 825
279 1582
279 973
279 1139
279 436
279 649
279 1272
279 761
279 476
279 1381
280 374
280 1075
280 1558
280 1084
281 1447
281 940
281 1011
281 757
281 1430
281 344
281 1050
281 1310
282 1122
282 821
282 1397
282 1465
283 654
283 1423
283 820
283 565
283 698
283 1327
283 1471
284 578
284 774
284 1258
284 1297
284 339
284 958
284 604
284 1022
284 1183
285 1056
285 956
285 1590
286 528
286 796
286 1389
286 1470
286 1511
287 1054
287 1165
287 307
287 1108
287 1564
287 1246
288 1441
288 1323
288 399
288 1177
288 570
289 580
289 745
289 394
289 626
289 1141
289 666
289 799
290 581
290 1388
290 1549
290 1361
290 773
290 957
290 1279
291 608
291 1537
291 396
291 1552
291 977
291 827
291 348
292 999
292 1388
292 462
292 301
292 1200
292 1391
293 1349
293 444
293 369
293 403
293 1052
294 1094
294 809
294 1426
294 699
294 351
295 1067
295 1450
295 339
295 1498
296 680
296 1123
296 373
296 422
297 1101
297 720
297 948
297 859
297 700
298 930
298 1489
298 616
298 681
298 363
298 943
298 753
298 1560
298 1561
298 922
298 1149
299 578
299 612
299 1190
299 722
299 727
300 642
300 483
300 847
300 980
300 471
301 1100
301 973
301 751
301 465
301 755
301 1206
301 1389
302 1181
302 1322
302 365
302 527
303 417
303 1125
303 934
303 1474
303 1102
303 566
303 1469
304 770
304 923
304 1449
304 619
304 1325
304 879
304 1083
304 404
304 1525
304 1462
304 536
304 859
305 1514
305 445
305 1157
306 1537
306 776
306 1195
306 918
306 828
307 387
307 1358
307 466
307 723
307 1497
307 538
308 588
308 1294
308 870
308 1437
309 1413
309 462
309 403
309 1268
309 693
309 375
309 506
309 1087
310 1188
310 903
310 493
310 693
310 1508
310 926
311 960
311 1120
311 615
311 1545
311 1068
311 654
311 784
311 1102
311 1398
311 1279
312 1314
312 1479
312 941
312 495
312 816
312 722
312 1299
312 1081
313 1026
313 933
313 526
313 538
314 968
314 585
314 386
314 339
314 1429
314 819
314 542
315 585
315 331
315 1458
315 1531
315 1469
316 672
316 872
316 432
316 1555
316 1279
317 1474
318 1061
318 583
318 778
318 749
318 1443
318 919
318 701
319 1473
319 851
319 1201
319 1475
319 1358
319 593
319 627
319 1398
319 599
319 666
320 1060
320 348
320 746
320 974
320 796
321 1088
321 451
321 1509
321 1224
321 1458
321 880
321 1137
321 786
321 1331
321 1236
321 373
321 1560
321 698
321 414
322 1505
322 551
322 797
322 824
322 1021
323 705
323 1449
323 397
323 813
323 336
323 342
323 760
323 1182
324 1095
324 813
324 1166
324 1361
324 1362
324 347
324 637
325 1042
325 1074
325 951
325 506
325 1019
326 976
326 1059
326 813
326 989
327 676
327 358
327 1212
327 814
327 1353
327 440
327 380
328 1128
328 585
328 362
328 785
328 1106
328 886
328 987
328 1116
328 1322
328 926
329 870
329 1165
329 1553
329 693
329 1498
329 1214
330 1080
330 1544
330 603
330 1205
330 894
331 1465
331 1252
331 1296
331 1369
331 1086
332 466
332 1555
332 644
332 1061
332 471
333 806
333 519
333 714
333 843
333 781
333 819
333 1172
334 1472
334 801
334 388
334 1031
334 713
334 1397
334 1335
334 1050
335 1483
335 686
335 671
336 1098
337 1406
337 366
337 541
337 1298
337 405
337 957
337 1374
338 1377
338 846
338 806
338 1409
339 385
339 1350
339 877
339 433
339 498
339 949
339 1441
339 888
340 993
340 451
340 1194
340 1576
340 1052
341 1295
341 1041
341 760
341 1530
341 1391
342 513
342 459
342 1150
342 432
342 1560
342 894
342 1431
342 875
343 1377
343 1346
343 964
343 999
343 1308
343 1271
344 1546
344 1413
344 679
344 1544
344 810
344 1319
344 1427
344 725
344 1497
344 762
344 765
345 974
345 404
345 364
345 917
345 366
346 936
346 1323
346 479
347 1347
347 823
347 364
347 1168
347 917
347 887
347 411
347 1013
348 1249
348 1546
348 1092
348 1313
348 842
348 1271
348 433
348 1213
349 386
349 675
349 529
349 1163
349 1107
349 1584
349 1075
349 1567
350 935
350 759
351 576
351 682
351 1392
351 691
351 511
352 824
352 1395
352 1118
352 1384
353 650
353 1471
353 849
354 993
354 517
354 1479
354 1393
354 723
354 919
354 570
355 611
355 360
355 621
355 1391
355 981
355 603
355 1020
356 1361
356 1336
356 1547
356 1165
356 1329
356 1236
356 709
356 1596
356 1022
356 671
357 480
357 1376
357 1475
357 924
357 1383
358 931
358 1188
358 901
358 1574
358 1133
358 1329
358 515
359 1441
359 421
359 360
359 1004
359 402
359 466
359 724
359 1550
359 695
360 553
360 363
360 908
360 466
360 884
360 502
360 1593
360 525
360 702
361 1120
361 1218
361 874
361 974
361 1395
361 1268
361 1430
361 1146
361 639
361 1085
361 735
362 667
362 1560
362 1192
362 1048
362 1561
362 443
363 1253
363 782
363 1391
363 1113
363 1242
364 667
364 1382
364 490
364 1367
364 625
364 599
364 602
364 1274
365 1427
365 1086
365 695
365 634
365 795
365 925
365 606
366 1250
366 1539
366 551
366 876
366 1134
366 533
366 1503
367 704
367 466
367 372
367 1588
367 380
367 1597
368 960
368 1185
368 488
368 1555
368 1588
368 1429
368 1594
369 1154
369 1223
369 717
369 461
369 569
370 640
370 1314
370 1444
370 517
370 1291
370 1201
370 1434
370 1565
371 770
371 1126
371 617
372 1304
372 759
372 685
373 423
373 781
373 1551
373 528
373 1490
373 1560
373 1460
373 763
373 1116
374 960
374 1099
374 1584
374 1272
374 693
374 665
374 699
374 1213
374 1471
375 393
375 554
375 715
375 588
375 781
375 876
375 403
375 1598
376 1568
376 1221
376 1413
376 394
376 502
376 1374
376 1206
377 993
377 578
377 1444
377 1447
377 1454
377 925
377 1427
377 1111
377 1053
378 1425
378 665
378 1201
379 1184
379 1349
379 455
379 438
379 921
379 795
379 540
380 1291
380 517
380 1035
380 1356
380 1329
380 467
380 1332
380 1398
380 1387
380 863
381 1043
381 1143
381 1144
381 953
381 1594
382 1506
382 845
383 1583
384 577
384 772
384 1097
384 554
384 432
384 822
384 1495
384 1529
385 835
385 558
385 815
385 689
385 889
385 826
386 1199
386 1112
386 438
386 568
386 761
386 1240
386 1342
387 1191
387 460
387 1332
387 925
387 959
388 418
388 554
388 939
388 813
388 1039
388 1456
388 1134
388 502
388 697
388 1493
389 1286
389 661
389 407
389 761
389 826
390 1224
390 586
390 1288
390 1045
390 1527
390 1017
390 1594
391 643
391 936
391 970
391 555
391 813
391 1554
391 1078
391 1407
391 799
392 1513
392 1498
392 581
392 909
393 550
393 1294
393 1138
393 1395
393 1044
393 564
393 1183
394 706
394 833
394 1164
394 1487
394 1241
394 538
394 988
394 637
395 1541
395 1591
395 1201
395 1267
395 1303
395 957
396 1556
396 1268
397 449
397 1348
397 865
397 1193
397 843
397 749
397 400
397 1139
397 660
397 407
397 692
397 413
397 830
397 1375
398 1569
398 778
398 911
399 867
399 516
399 870
399 649
399 1165
399 1175
399 921
400 833
400 1030
400 1409
400 841
400 1367
400 1016
400 1401
400 1308
401 1137
401 1452
402 546
402 1284
402 1070
402 943
402 720
402 1180
402 1417
402 828
403 707
403 1227
403 1580
403 1357
403 1144
403 1369
403 794
403 1599
404 1440
404 866
404 1350
404 646
404 1288
404 1196
404 495
404 1592
404 507
405 904
405 1039
405 851
405 445
405 446
406 1532
406 707
406 1420
406 1182
406 607
407 609
407 1126
407 1105
407 1384
407 1478
407 502
407 1441
407 1144
407 794
407 476
408 1009
408 689
408 551
408 462
408 1071
408 593
408 820
408 1102
408 1265
408 829
409 1317
409 1500
409 1491
409 1168
409 596
409 1244
410 1248
410 867
410 1195
410 748
410 942
410 1304
410 483
410 1404
411 1408
411 987
411 936
411 1134
411 1339
412 608
412 1003
413 1536
413 545
413 1051
413 1159
413 1459
413 1268
413 569
414 802
414 1571
414 677
414 1354
414 1498
415 1297
415 1453
415 1330
416 568
416 633
416 1364
416 950
417 1348
417 1573
417 1380
417 978
417 1113
417 541
418 551
418 844
418 941
418 1587
418 851
418 439
419 1024
419 930
419 1499
419 743
419 554
419 1293
419 527
419 1138
419 1241
419 1435
420 1555
420 610
420 469
421 643
421 1138
421 781
421 1409
421 1522
421 978
421 534
421 919
421 1253
422 521
422 856
422 1095
423 1508
423 1324
423 1078
423 535
424 588
424 908
424 438
424 1083
424 604
424 1596
425 708
425 1541
425 582
425 1259
425 1037
425 1235
425 1574
425 1011
426 1339
426 1142
427 484
427 742
427 461
427 912
427 919
427 1243
428 1413
428 807
428 455
428 847
428 1405
429 1504
429 1188
429 458
429 814
429 1105
429 1262
429 1464
429 478
430 1067
430 1328
430 543
431 584
431 1266
431 1156
431 1578
431 822
432 903
433 640
433 1264
433 788
433 949
433 1495
434 896
434 546
434 1585
434 818
434 1304
434 1311
435 641
435 931
435 580
435 1192
435 941
435 847
435 1584
435 442
437 838
437 841
437 1389
437 656
437 1265
437 789
437 924
437 1461
438 1411
438 463
438 691
439 1171
439 712
439 621
439 883
439 1564
440 776
440 700
440 1222
440 502
441 1346
441 788
441 1426
441 966
441 855
442 1569
442 1186
442 771
442 868
442 909
442 1474
442 1592
442 855
442 1400
443 968
443 1387
443 912
443 1208
443 1273
443 474
444 1543
444 1455
444 944
444 1297
444 1332
444 1333
444 1046
444 797
445 1216
445 1221
445 1255
445 553
445 1354
445 748
445 1103
445 789
446 838
446 1224
446 713
446 783
446 1530
447 513
447 1540
447 993
447 522
447 493
447 1102
447 943
447 724
447 1326
448 804
448 647
448 1321
448 532
448 1367
448 1524
448 1308
449 824
449 1539
449 1494
450 1221
450 1579
450 1582
450 1373
450 689
450 1597
450 1492
450 1111
450 1128
450 477
450 1054
450 1183
451 1593
451 1153
451 812
451 1231
451 976
451 857
451 891
451 1247
452 580
452 550
452 903
452 1417
452 749
452 1390
452 1275
453 1379
453 932
453 490
453 940
453 1494
453 792
453 861
453 1304
454 839
454 492
454 1594
454 1307
454 1245
455 1152
455 1371
455 1350
455 685
455 1310
456 833
456 706
456 935
456 1001
456 747
456 1357
456 1522
456 1458
456 885
456 990
457 641
457 841
457 686
457 755
457 983
457 633
457 1051
458 1104
458 1171
458 937
458 1101
458 1009
458 1011
459 999
459 554
459 747
459 859
459 1277
460 997
460 1064
460 1483
460 1294
460 753
460 693
460 1528
461 731
461 961
462 832
462 930
462 1288
462 1516
462 1220
463 612
463 1299
463 1162
463 1358
463 1343
463 825
463 987
463 1087
464 995
464 708
464 943
464 1210
464 1052
464 509
465 811
465 1136
465 1522
465 819
465 947
466 1462
466 777
466 731
466 605
467 620
467 879
468 1362
468 1517
468 1199
469 1056
469 615
469 968
469 824
469 536
469 850
470 1506
470 615
470 1417
470 812
470 1496
470 537
470 1597
471 652
471 918
471 539
472 1549
472 1583
472 505
472 1213
472 575
473 1094
473 1297
473 1171
473 981
473 1050
474 1520
474 1079
475 544
475 1125
475 939
476 481
476 1067
476 998
476 1031
476 1193
476 1315
476 668
477 1348
477 969
477 845
477 792
477 536
477 1145
477 607
478 1563
478 1111
478 819
478 507
478 542
479 1158
479 873
479 909
479 1329
479 819
479 1481
479 831
480 676
480 1517
480 723
480 1174
480 671
481 1320
482 948
482 1531
482 500
482 1197
483 760
483 577
484 1571
484 1068
484 652
484 817
484 979
484 1018
485 1318
485 680
485 1037
485 1237
485 1274
485 986
486 1314
486 1486
486 1167
486 584
486 1300
486 1148
487 1056
487 647
487 1201
487 1529
487 1306
488 1252
488 758
488 742
488 1377
488 1352
488 1226
488 1260
488 1298
488 1175
488 1466
488 1277
489 641
489 779
489 849
489 659
489 1268
490 1356
490 499
490 626
490 883
490 979
491 1041
491 1293
491 1169
492 1575
492 911
492 529
492 667
492 668
493 512
493 1032
493 1034
493 912
493 1162
494 514
494 1350
494 937
495 1408
495 1441
495 1285
495 1223
495 1128
495 1321
495 1258
495 908
495 1176
495 1353
495 1573
496 1238
496 1425
496 1237
496 1518
497 721
497 862
497 1086
498 547
498 1321
498 899
498 947
498 670
499 1511
499 839
500 1253
500 941
500 1538
500 1401
501 1569
501 652
501 1274
501 859
501 1148
502 928
502 552
502 1065
502 1227
502 944
502 1237
502 872
502 1567
503 1255
503 840
503 1101
503 1070
503 1557
503 1558
503 1593
504 1226
504 549
504 1350
504 1405
505 1533
505 604
505 509
506 1508
506 852
506 1272
506 542
507 896
507 675
507 1284
507 518
507 881
507 562
507 1593
508 616
508 744
508 982
508 1405
509 1320
509 1359
509 1203
509 564
509 1525
509 568
510 652
510 1197
510 1552
510 722
510 893
511 1328
511 1318
511 1483
511 1260
511 592
511 846
511 1044
512 707
512 1102
512 1231
512 1012
512 1332
513 641
513 1051
513 583
513 975
513 541
514 739
514 1098
514 1197
514 694
514 568
514 793
514 924
514 1438
514 1215
515 802
515 1347
515 656
515 977
515 1300
515 1146
516 1089
516 1444
516 971
516 1171
516 827
516 1597
516 1086
517 611
517 784
517 1105
517 883
517 1123
517 857
518 578
518 1541
518 1094
518 1065
518 994
518 848
518 1523
518 1050
519 1248
519 1477
519 715
519 1294
519 1460
519 728
520 640
520 873
520 909
520 1198
520 751
520 1076
520 597
520 1193
520 1141
521 1312
521 673
521 1425
521 1266
521 920
521 797
522 1252
522 1352
522 682
522 1099
522 1437
522 1298
522 1156
522 1277
523 917
523 1573
524 1512
524 1593
524 1370
524 1053
525 1596
525 532
526 928
526 961
526 1377
526 1072
526 793
526 1502
526 1151
527 864
527 1130
527 1139
528 1120
528 1413
528 687
528 1393
528 818
528 1215
529 706
529 840
529 1291
529 1454
529 1064
529 1333
530 1171
530 796
530 1502
531 792
531 699
531 996
532 549
532 565
532 1464
532 1567
533 901
533 871
533 617
533 1383
533 849
533 851
533 1141
533 1494
533 668
534 1459
535 1441
535 836
535 1000
536 997
536 1194
536 1388
536 977
536 857
537 611
537 844
538 1536
538 1445
538 910
538 1236
538 789
538 790
538 778
538 958
538 1141
539 960
539 746
539 1227
539 848
539 571
539 636
540 1249
540 809
540 1072
540 1048
540 1491
540 1431
541 712
541 1386
541 695
541 1345
541 567
541 1017
541 1020
541 1514
542 928
542 673
542 1228
542 1520
542 1174
542 955
543 1281
543 1284
543 1377
543 744
543 939
543 1298
543 974
543 694
543 797
543 1343
544 1447
544 1209
544 1178
544 1211
544 1149
545 608
545 646
545 743
545 1226
545 957
545 787
545 1302
545 1533
546 1409
546 650
546 1518
546 1467
547 1253
547 1447
547 1451
547 1295
547 1310
547 1023
548 835
548 778
548 1228
548 1539
548 1059
548 1492
549 1441
549 1032
549 1003
549 1132
549 1072
549 1301
549 887
550 903
550 552
550 797
550 1245
551 1250
552 1545
552 1420
552 719
553 681
553 682
553 1143
553 1437
553 855
553 1246
554 1352
554 1357
554 1391
554 784
554 1077
554 1493
555 946
555 1079
555 1205
556 1356
556 1231
556 979
557 1184
557 994
557 965
557 587
557 1585
557 1010
557 723
557 1177
557 1342
558 1574
558 1004
558 1402
558 1435
558 1438
559 1476
559 1071
559 848
559 852
560 1121
560 962
560 1291
560 1508
560 1259
560 1388
560 1583
560 918
560 789
561 709
561 1487
561 691
561 1590
561 1212
561 1535
562 1075
562 787
562 1109
562 1142
562 1369
562 861
563 738
563 1387
563 755
563 696
563 764
563 1119
564 632
564 816
565 914
565 1369
566 1289
566 855
566 927
566 1445
567 769
567 1275
567 1453
567 1332
567 1304
567 1497
567 923
567 926
567 831
568 737
568 708
568 1351
568 648
568 905
568 1066
568 727
568 1551
568 1361
568 1566
568 1417
568 601
568 1257
568 830
568 1401
569 1059
569 1157
569 969
569 1486
569 1331
569 1403
570 595
570 728
570 1467
571 1224
571 1450
571 1365
571 1254
572 1488
572 1537
572 1386
572 1340
572 1545
573 712
573 798
573 1495
574 701
574 1332
574 889
574 1466
574 719
574 1341
575 1473
575 1538
575 1578
575 1359
575 1426
575 919
575 1278
576 1313
576 1063
576 840
576 1388
576 848
576 1299
576 1434
576 1386
577 1575
577 1483
577 1196
577 1107
578 683
578 1030
578 628
578 1495
579 609
579 1478
579 615
579 1356
579 620
579 1490
579 1528
579 750
579 824
579 701
580 1505
580 1409
580 876
580 1197
580 592
580 976
580 726
580 1147
581 1568
581 932
581 1001
581 784
581 634
581 927
581 1114
582 1017
583 968
583 1258
583 819
583 1460
583 1242
584 867
584 741
584 1544
584 843
584 1393
584 1103
585 1449
585 876
585 913
585 697
586 1592
586 842
586 1133
586 1073
586 1080
587 1026
587 900
587 1065
587 1262
587 595
587 826
587 1020
587 1530
588 992
588 1051
588 1219
588 1336
588 1561
588 892
589 640
589 896
589 1480
589 1131
589 1068
589 1262
589 1240
589 890
590 1570
590 995
590 848
590 1329
590 754
590 659
590 1076
590 1113
590 1276
590 701
591 1540
591 1029
591 809
591 944
591 1052
591 1596
591 1285
592 1030
592 785
592 937
592 1102
592 689
592 1198
592 735
593 1132
593 1200
593 849
593 1239
593 761
594 705
594 1153
594 1513
594 1295
594 1107
594 636
595 880
595 912
596 1089
596 1375
596 927
597 662
598 1441
598 834
598 1385
598 1071
598 629
598 1467
599 1129
599 880
599 1139
599 1077
599 1078
600 835
600 676
600 1390
600 1395
600 691
600 1592
601 1090
601 1514
601 1314
601 1044
601 663
601 893
602 1153
602 709
602 1033
602 1101
602 1294
602 1402
603 1569
603 1540
603 1256
603 1084
603 989
603 1598
604 1444
604 1138
604 628
604 760
604 735
605 1444
605 1517
605 764
606 1345
606 1452
606 1430
606 695
606 1438
607 930
607 677
607 679
607 1513
607 999
607 1229
607 1325
607 1404
608 1250
608 833
608 1289
608 1231
608 1513
609 644
609 613
609 1130
609 1495
609 909
609 1005
609 848
609 754
609 1433
609 1530
610 738
610 1019
610 1224
610 1451
610 1328
610 1009
610 726
610 1272
610 1051
611 1025
611 1508
611 1385
611 656
611 1233
611 803
611 852
612 865
612 900
612 781
612 657
612 659
612 943
613 1238
613 1549
613 1075
613 1046
613 921
614 1290
614 1073
614 786
614 1555
614 1467
615 832
615 706
615 1494
615 1257
615 1514
615 1323
615 866
615 1553
615 857
615 1337
615 1205
616 707
616 900
616 1385
616 1044
616 1566
616 1396
616 1403
616 1514
616 1503
617 1280
617 1531
617 874
617 1458
617 943
617 690
617 1460
617 1211
618 866
618 901
618 1003
618 694
618 1368
618 764
619 1090
619 1387
619 1033
619 1386
619 1035
619 726
620 1351
620 651
620 1104
620 625
620 671
621 1122
621 1427
621 675
622 737
622 902
622 842
622 1007
622 787
622 1081
622 1499
622 1502
622 639
623 769
623 1220
623 1157
623 1000
623 1317
623 1424
623 979
623 1526
623 632
623 795
623 1183
624 1479
624 629
624 1049
624 881
625 960
625 946
625 1427
625 1151
626 1057
626 1191
626 1136
626 692
626 1334
626 791
626 1529
626 1371
626 735
627 1165
627 1317
627 748
627 701
628 866
628 1507
628 878
628 912
628 1361
628 987
628 637
628 1502
629 1059
629 982
629 654
629 1103
629 1265
629 855
629 635
630 1120
630 1540
630 692
630 1053
631 973
631 1295
631 1168
631 852
631 1551
632 710
632 1177
633 712
633 909
633 1485
633 1458
633 857
633 1053
634 855
634 645
635 1570
635 1252
635 1139
636 866
636 643
636 869
636 1479
636 1242
637 1403
637 1526
637 1396
637 1115
637 732
638 1571
638 927
639 929
639 652
639 1262
639 821
640 673
640 1534
641 836
641 811
641 1348
641 1212
641 830
642 960
642 1312
642 678
642 1259
642 1208
643 995
643 1524
643 670
644 1533
644 1022
645 1472
645 1069
645 1361
645 1394
645 1143
646 1349
646 1350
646 1164
646 1295
646 1297
646 979
646 986
647 1322
647 1496
647 851
647 1016
648 1185
648 1347
648 1444
648 1159
648 905
648 664
648 907
648 1261
648 1354
649 808
649 1193
649 810
649 1128
649 1106
649 730
649 699
649 1055
650 1088
650 869
650 1481
650 1521
650 1310
651 1254
651 1453
651 1008
651 1393
652 904
652 970
652 685
652 718
653 1097
653 746
653 1084
654 1120
654 1211
654 1316
654 1140
654 1238
654 829
655 1313
655 689
655 1546
655 1138
655 1537
655 661
655 1565
656 1027
656 1020
656 1278
657 1313
657 1003
657 761
657 1012
657 1246
658 1043
658 1236
658 823
659 902
659 750
659 1199
659 1137
660 838
660 1393
660 936
660 812
660 913
660 1481
661 1056
661 1154
661 940
661 877
662 867
662 812
662 1073
662 1492
662 952
662 1211
663 922
663 1017
664 800
664 928
664 870
664 1266
664 1132
664 1234
664 847
664 754
664 1269
664 1308
664 1405
665 1158
665 847
665 751
665 1342
666 1314
666 937
666 748
666 1567
666 1278
667 933
667 1383
667 1360
667 1463
668 973
668 1105
668 1298
669 1094
669 1037
669 1045
669 1302
669 987
669 957
670 1235
670 1006
670 1549
670 1059
670 757
671 864
671 1544
671 761
672 1018
672 1323
672 806
673 1584
673 999
673 1429
673 1548
673 1296
673 1363
673 725
673 1019
673 1301
674 1094
674 1074
675 1516
675 1117
675 851
676 860
677 1283
677 1189
677 1191
677 842
677 747
677 1560
678 1220
678 1261
679 1313
679 907
679 1395
679 1338
680 1462
680 1202
680 788
680 886
680 854
680 884
680 1082
680 1179
681 1000
681 1067
681 930
681 690
681 917
681 1564
681 1342
682 1184
682 872
682 1422
682 719
682 818
682 1097
682 1354
682 1118
683 806
683 1452
683 1498
683 1535
683 765
683 927
684 1312
684 1517
684 1040
684 1009
684 1335
684 1599
685 1531
685 1204
685 1307
685 957
686 1538
686 772
686 1477
686 1318
686 906
686 1197
686 1385
686 795
686 1277
686 703
687 1579
687 1166
687 1587
687 757
688 896
688 744
688 1417
688 840
688 1436
689 899
689 814
689 760
689 1236
689 1565
690 1216
690 1030
690 1160
690 1581
690 1358
690 1430
691 1324
691 1228
691 973
691 1229
691 787
691 1594
692 1354
692 845
692 1118
693 930
693 1253
693 1252
693 1094
693 794
694 1120
694 1289
694 1208
695 1106
695 1415
695 1533
695 722
695 1278
695 699
695 1253
696 1336
696 1002
696 1371
696 726
697 1096
697 971
697 1224
697 1074
697 1237
697 1468
697 958
698 1187
698 1289
698 1230
698 1529
699 902
699 1194
699 1044
699 1557
699 1289
700 1088
700 1155
700 876
700 1104
700 1452
700 1086
701 992
701 766
701 1226
701 1304
702 969
702 1005
702 1577
702 1596
702 1117
703 1314
703 1189
703 1511
703 1004
703 1404
704 928
704 1539
704 1159
705 1553
705 1486
705 1543
706 1329
706 1523
706 1340
707 1230
707 1583
707 1525
708 875
708 1471
709 768
709 1184
709 945
709 1256
709 873
710 1028
710 1016
710 1558
710 1402
711 760
711 792
711 1442
711 1153
712 741
712 750
712 1041
712 1362
712 1369
713 776
713 1301
714 1250
714 1316
714 1307
714 1020
715 1129
715 1549
715 1269
715 1334
715 1532
716 1248
716 1126
716 1326
716 1042
716 887
716 828
716 1502
717 1070
717 883
717 1237
717 1365
718 1441
718 1026
718 1283
718 1479
718 1593
718 1340
718 1055
719 899
719 934
719 841
719 844
719 941
719 1117
720 993
720 1416
720 1585
721 736
721 753
721 845
721 976
721 1274
722 928
722 1578
722 1525
723 907
723 815
723 1301
723 956
723 1011
724 738
724 779
724 919
724 1055
725 1475
725 1569
725 1244
725 1002
725 1116
725 1310
725 767
726 968
726 917
726 831
727 845
727 1101
727 1104
727 1268
727 1593
728 1201
728 914
728 949
728 953
728 923
729 1486
729 785
729 1315
730 1168
731 739
731 1509
731 1285
732 993
732 739
732 838
732 1299
732 1115
733 874
734 1489
734 1386
734 1156
735 864
735 1537
735 1294
735 1403
736 1573
736 1447
736 1297
736 846
736 912
737 741
737 1354
737 1111
737 1145
737 1242
738 800
738 1270
738 1419
738 1392
738 1173
738 886
738 857
738 1375
739 771
739 1414
739 969
739 1090
739 1426
739 1462
740 997
740 1257
740 1166
740 1011
740 1080
740 1274
740 1086
741 1293
741 750
741 1524
741 1588
742 1220
742 1025
742 1035
742 1586
742 1345
742 1266
742 1108
743 1272
743 1147
744 993
744 1421
744 1198
744 1362
744 1565
744 1374
745 1386
745 784
745 1175
745 1211
745 958
746 1184
746 1124
746 774
746 1511
746 939
746 1325
746 1463
746 1113
747 853
747 1239
747 1349
748 864
748 1132
748 1231
749 865
749 1435
750 1088
750 1003
750 1389
750 784
750 1123
750 1554
751 934
751 841
751 939
751 786
751 1398
751 1151
752 1031
752 1319
753 1027
753 900
753 1479
753 1592
753 765
754 772
754 1477
754 1590
755 864
755 1377
755 1416
755 820
755 1001
755 1113
756 803
756 1274
756 1245
756 1159
757 1473
757 782
757 849
757 1502
757 1487
757 1560
757 1391
758 864
758 995
758 857
758 1310
758 1055
759 1425
759 1211
760 1184
760 1348
760 1553
760 787
760 851
761 1088
761 1201
761 978
761 1491
761 1492
761 1343
762 1040
762 1188
762 1084
762 1193
763 1462
763 920
763 1213
763 885
764 1351
764 940
764 1170
765 1124
765 779
765 1543
765 1271
766 994
766 1339
766 1501
766 1585
766 1179
766 1182
767 1411
767 1260
767 1164
767 815
767 789
767 1077
767 1422
767 1119
768 873
768 943
768 1493
768 937
768 1275
769 1060
769 1385
769 1323
769 1360
769 1013
770 1379
770 934
770 798
772 929
772 805
772 935
772 1578
772 1234
772 793
773 801
773 1313
773 939
773 1269
773 1080
774 1315
774 936
774 910
774 1593
775 801
775 931
775 814
775 1219
776 1063
776 1322
776 1078
776 1244
777 1186
777 1288
777 846
777 1395
777 1535
778 1302
778 933
778 1002
778 1075
778 1238
778 951
779 1088
779 1398
779 1047
779 1210
779 1214
780 1164
780 878
780 1211
780 1311
781 1385
781 1488
781 884
781 804
781 988
782 1215
782 1475
782 1191
783 897
783 872
783 1548
783 824
783 1308
783 862
784 1283
784 1515
784 1541
784 1331
784 1358
785 1120
785 1253
785 1428
785 1268
785 1302
785 1381
786 879
786 1285
786 1293
786 856
787 832
787 944
787 1294
789 976
789 1562
789 938
789 1277
790 1312
790 1519
790 1172
790 1114
790 1247
791 1442
791 1576
791 1518
791 1334
791 983
791 1336
792 806
792 1003
792 1270
792 1559
792 1560
792 1370
793 1222
793 813
793 1589
793 1306
793 1469
794 1515
794 1497
795 1090
795 1118
796 1514
796 955
797 835
797 1363
797 1196
797 1298
797 946
797 819
797 820
798 1024
798 1037
798 1591
799 1472
800 1514
800 1410
800 877
800 1209
801 833
801 1411
801 874
801 977
801 1533
802 869
802 1227
802 1454
802 1488
802 955
802 1157
803 1380
803 1174
803 1145
803 829
803 927
804 1027
804 1350
804 938
804 1259
804 1102
804 1554
804 831
805 1542
805 973
805 996
805 1406
807 1168
807 1412
807 1339
807 1149
808 1231
808 1391
808 1116
808 1181
810 1306
810 964
810 821
811 960
811 995
811 1142
811 1303
811 1528
811 1497
812 1345
812 906
812 1104
812 977
812 1490
812 1212
812 1450
812 1221
813 836
813 1178
814 1543
814 946
814 1331
814 891
814 892
815 858
815 1089
816 916
816 818
816 1315
817 1240
817 1393
817 1482
818 1504
818 1095
818 1104
818 1580
818 1132
818 1392
818 1557
818 1336
818 1424
819 1009
819 1193
819 989
819 1527
819 1275
820 1028
820 852
821 1158
821 1073
821 1138
821 822
822 865
822 1253
822 1244
822 1144
822 1116
823 1186
823 923
823 1270
824 1412
824 1350
824 1108
824 890
824 1308
824 1333
825 1121
825 1385
825 908
825 1422
825 1234
825 1336
825 925
826 1092
826 885
827 1216
827 1110
827 1226
827 950
827 1271
828 870
828 936
828 1128
828 1017
828 1466
828 830
829 1472
829 1191
829 1256
829 1046
830 1219
830 1445
830 873
830 1520
830 1181
831 1399
831 1151
831 913
831 1342
831 1023
832 1159
832 1007
832 1009
832 1306
832 1531
833 1265
833 1458
833 1238
834 1522
835 873
835 1359
835 1202
836 1092
836 901
836 1265
836 1134
836 1338
836 1119
837 968
837 1094
837 951
838 960
838 1443
838 1555
838 1078
838 1055
839 1120
839 1481
839 1555
839 1526
839 1303
839 1147
840 1126
840 1511
840 1097
840 1503
841 939
841 1315
841 1364
841 937
841 1337
841 1077
842 1442
842 1228
842 1454
842 1322
842 1309
843 1091
843 1385
843 1420
843 1103
844 1126
844 1128
844 1490
844 1070
844 1040
844 1042
844 1308
844 1023
845 1291
845 1551
846 1515
846 1394
846 1180
846 1534
847 1569
847 996
847 1366
848 1295
848 1588
848 1239
848 997
849 1380
849 966
849 1425
849 1004
849 1353
850 1268
850 1213
851 970
851 1474
851 1198
851 1111
852 1527
852 1393
852 923
852 991
853 1249
853 935
853 1580
853 1106
854 1203
854 870
854 1206
855 1184
855 1455
855 1401
855 1260
855 965
856 1152
856 1390
856 1011
856 1208
857 1380
857 1048
857 1176
857 1307
858 1008
858 1156
859 985
859 1403
859 1119
860 1155
860 1061
860 1390
860 1266
860 951
861 941
862 1574
862 902
862 1137
862 1076
862 895
863 1522
863 1589
863 1050
863 1115
864 1522
865 937
865 1035
865 1006
865 986
865 1340
865 1082
866 1428
866 1255
866 1518
866 1014
867 928
867 912
867 1269
867 886
867 1022
868 1156
868 1036
868 1428
868 1595
868 958
869 1184
869 901
869 1562
869 1340
870 1152
870 1498
870 1351
870 948
870 1436
870 1085
871 1483
871 975
871 1392
871 1558
871 1527
871 1109
872 1168
872 1064
872 1196
872 1175
873 1446
873 1580
874 939
874 1165
875 1072
875 1340
875 1403
876 1312
876 914
876 1310
876 1174
876 958
877 1513
877 1164
877 1293
877 1522
877 1108
878 963
878 1166
878 1407
879 1281
879 1125
879 1358
879 1422
879 1550
880 1568
880 1356
880 1397
880 1434
881 961
881 1233
881 1104
881 1264
882 1001
882 1578
882 954
882 1165
883 1218
883 1452
884 935
884 971
884 1388
884 1468
884 893
885 1283
885 1452
885 976
886 1292
886 1485
887 1341
888 1281
888 1195
888 1367
889 1191
890 1510
890 957
891 1281
891 1186
891 936
891 1452
891 1101
891 1551
891 1064
891 1015
891 1193
892 1447
892 1073
892 1502
892 1214
892 927
893 1537
893 1382
894 1131
894 1538
894 1333
895 962
895 1256
895 1260
895 959
896 969
897 1568
897 1413
897 1192
897 1395
897 1524
897 1240
897 1509
898 1027
898 938
899 1344
899 908
899 1140
899 1141
899 1242
900 1544
900 1522
900 983
901 1218
901 1347
901 1324
901 1282
901 1074
902 1009
902 1448
902 1289
902 1548
903 1221
903 1575
903 1097
903 1258
903 1517
903 1107
904 929
904 1131
904 1494
905 1186
905 1139
905 1478
905 1423
905 1043
905 1269
906 1203
906 1140
906 1302
907 1450
907 1007
907 1106
907 1560
908 949
908 1369
908 1595
908 1438
909 1352
909 930
909 921
909 1211
909 1213
910 1537
910 1316
910 1132
910 974
910 978
911 1528
912 1382
912 1135
912 1457
912 1151
913 1525
913 1366
913 980
914 1321
914 1400
914 1267
915 1544
915 1339
916 1226
916 1201
916 1590
916 920
917 1355
917 1524
917 1202
917 1204
917 1419
918 1474
918 1158
918 1066
918 1483
919 1349
919 1001
919 952
920 1382
920 1302
921 965
921 1129
922 1344
922 993
922 1531
922 1345
922 1263
922 1423
922 1334
922 1304
922 1050
922 1083
923 1570
923 1542
923 1516
923 1394
923 1593
924 1265
924 1015
925 1546
925 1333
926 1321
926 1071
926 1341
926 1534
927 1452
927 1197
927 1247
928 1329
928 1370
929 1217
929 1123
929 1004
929 1307
930 1454
930 1369
930 1150
932 1025
932 1411
932 1377
932 1281
932 1093
933 1089
933 1250
933 1230
933 1106
933 1178
934 1094
934 1274
935 997
935 1290
935 1139
935 956
935 1149
935 1503
936 1497
936 1478
936 1233
936 1459
936 969
936 1145
937 1090
937 1156
937 1096
937 1192
939 1120
939 1239
940 1477
940 1245
941 1577
941 1368
941 1589
941 983
943 1345
943 1351
943 1216
943 1300
943 1077
943 1246
944 1121
944 1253
944 1485
944 1423
944 1263
945 1253
945 1418
945 951
945 1016
945 1373
946 1575
946 1100
946 1010
946 1401
947 1430
947 999
947 1011
947 1013
947 1171
947 1572
947 1438
949 1525
949 1495
949 1049
950 971
951 1312
951 1073
951 1153
951 1466
951 1501
952 1408
952 1504
952 1187
952 1255
952 1118
953 1576
953 1549
953 1554
953 1148
955 1513
955 1572
955 1257
955 1531
955 1053
956 1071
956 1079
956 1469
957 1248
957 1037
957 1242
957 1371
957 1343
958 1478
958 1304
958 1274
959 1399
959 1435
960 1061
961 1472
961 1154
961 1296
961 1459
961 1437
962 1413
962 1335
962 1116
963 1336
963 1560
963 1555
964 1348
964 1253
964 1072
964 1076
964 1051
965 1158
965 1449
965 1109
965 1402
966 1121
966 1222
966 1255
966 1386
966 1011
966 1204
966 986
968 1216
968 1275
968 1196
968 1407
969 975
969 1360
969 1073
969 1051
970 1512
970 1415
970 1329
970 1258
970 1466
971 1484
971 1323
971 1420
971 1239
971 1149
972 1539
972 1541
972 1524
972 1175
972 1470
973 1382
973 1199
973 1470
974 1460
974 986
975 1059
975 1404
975 1116
976 1026
977 1403
977 1567
978 1345
979 1026
979 1329
979 1097
979 1111
979 1550
979 1144
980 1474
980 1477
980 1268
980 1438
981 1000
981 1131
981 1109
982 1474
982 1514
983 1597
983 1396
984 1050
985 1200
985 1215
986 1058
986 1437
986 1138
986 1400
986 1455
986 1141
987 1147
988 1375
988 997
989 1191
989 1469
990 1379
990 1478
991 1122
991 1254
991 1576
991 1049
991 1354
992 1157
992 1158
992 1385
992 1547
992 1166
992 1582
993 1116
993 1112
994 1255
994 1228
994 1143
995 1410
995 1589
996 1030
996 1232
997 1286
997 1201
997 1595
997 1598
998 1352
998 1010
998 1261
998 1587
998 1270
999 1409
999 1128
999 1160
999 1426
999 1369
1001 1006
1001 1389
1001 1584
1001 1278
1002 1504
1003 1217
1003 1517
1003 1310
1003 1214
1004 1569
1004 1497
1005 1009
1007 1386
1009 1249
1009 1036
1009 1582
1009 1272
1009 1342
1010 1347
1010 1166
1010 1524
1010 1134
1010 1535
1011 1413
1011 1326
1011 1087
1012 1192
1012 1053
1012 1151
1013 1185
1013 1227
1013 1244
1014 1097
1015 1512
1015 1486
1015 1171
1015 1243
1016 1376
1016 1026
1016 1380
1016 1381
1016 1132
1016 1298
1016 1561
1017 1043
1017 1253
1018 1294
1018 1214
1019 1031
1019 1192
1019 1100
1019 1206
1019 1432
1020 1389
1020 1391
1020 1170
1020 1367
1021 1414
1021 1098
1021 1101
1021 1462
1021 1436
1022 1193
1022 1583
1022 1239
1023 1156
1023 1158
1023 1200
1023 1236
1023 1083
1024 1245
1025 1090
1025 1191
1025 1045
1025 1476
1027 1408
1027 1168
1027 1414
1027 1095
1027 1456
1028 1543
1028 1035
1028 1039
1029 1548
1029 1227
1030 1439
1031 1519
1032 1251
1032 1319
1032 1450
1032 1076
1032 1208
1032 1524
1033 1544
1033 1587
1033 1141
1033 1368
1034 1512
1035 1119
1036 1218
1036 1094
1036 1552
1037 1414
1037 1126
1037 1457
1038 1152
1038 1344
1039 1446
1039 1129
1039 1154
1039 1305
1039 1469
1040 1572
1040 1249
1040 1432
1041 1538
1041 1160
1041 1077
1042 1314
1042 1254
1042 1134
1042 1487
1042 1048
1042 1401
1042 1599
1043 1458
1043 1400
1044 1556
1044 1359
1044 1310
1044 1204
1044 1205
1044 1321
1044 1086
1045 1218
1045 1404
1046 1572
1046 1475
1047 1552
1047 1374
1048 1412
1048 1133
1048 1238
1048 1527
1048 1592
1048 1274
1049 1317
1049 1432
1049 1436
1050 1104
1050 1276
1051 1320
1051 1335
1051 1244
1052 1432
1052 1435
1053 1251
1053 1206
1053 1269
1053 1116
1054 1195
1055 1122
1055 1161
1055 1370
1056 1288
1056 1546
1058 1260
1058 1292
1058 1487
1058 1556
1058 1335
1059 1538
1059 1571
1059 1420
1059 1214
1059 1460
1059 1151
1060 1216
1060 1480
1061 1580
1061 1245
1062 1144
1062 1215
1063 1206
1063 1417
1064 1346
1064 1188
1064 1366
1064 1529
1066 1577
1067 1249
1067 1416
1067 1450
1067 1236
1068 1413
1068 1551
1069 1266
1069 1326
1070 1253
1071 1472
1071 1493
1072 1162
1072 1552
1072 1429
1073 1149
1073 1272
1075 1260
1075 1582
1076 1346
1076 1452
1076 1325
1076 1264
1076 1527
1076 1487
1077 1092
1077 1516
1077 1551
1078 1222
1078 1182
1079 1204
1079 1407
1081 1398
1081 1244
1082 1418
1082 1291
1082 1485
1082 1587
1082 1527
1082 1563
1083 1228
1085 1445
1085 1290
1085 1259
1085 1137
1085 1117
1086 1518
1086 1210
1087 1540
1088 1191
1088 1439
1089 1256
1089 1516
1089 1261
1089 1549
1090 1331
1090 1129
1091 1498
1091 1499
1092 1490
1092 1206
1093 1249
1093 1183
1093 1133
1096 1445
1096 1329
1097 1580
1097 1596
1098 1392
1098 1473
1098 1386
1099 1176
1099 1411
1100 1361
1100 1548
1101 1233
1101 1193
1102 1456
1102 1246
1103 1507
1103 1350
1103 1298
1104 1503
1104 1257
1105 1223
1105 1276
1106 1319
1106 1527
1107 1367
1108 1121
1108 1578
1108 1471
1109 1580
1109 1426
1109 1463
1109 1500
1110 1416
1110 1209
1111 1313
1111 1378
1111 1277
1112 1187
1112 1489
1113 1483
1113 1296
1114 1504
1114 1346
1114 1349
1114 1543
1114 1546
1114 1165
1114 1232
1114 1238
1115 1164
1115 1207
1116 1412
1116 1590
1116 1328
1117 1245
1117 1142
1118 1399
1118 1418
1119 1414
1119 1596
1119 1204
1119 1498
1120 1548
1120 1359
1121 1549
1123 1319
1123 1173
1123 1558
1123 1317
1124 1410
1124 1501
1125 1280
1125 1199
1126 1579
1126 1421
1126 1502
1127 1263
1128 1351
1128 1261
1128 1486
1129 1191
1130 1287
1130 1178
1130 1375
1131 1316
1131 1387
1131 1261
1132 1261
1132 1260
1132 1213
1133 1539
1133 1525
1133 1339
1134 1547
1135 1569
1135 1570
1135 1325
1135 1425
1135 1401
1136 1346
1136 1597
1138 1511
1138 1514
1138 1155
1139 1595
1139 1224
1139 1420
1139 1330
1139 1337
1140 1223
1141 1447
1141 1266
1141 1436
1142 1153
1142 1452
1142 1562
1143 1148
1144 1484
1144 1242
1145 1476
1145 1349
1145 1447
1145 1388
1145 1501
1145 1204
1145 1174
1145 1368
1146 1348
1146 1393
1146 1411
1146 1407
1147 1217
1147 1243
1147 1459
1147 1530
1148 1377
1148 1576
1148 1556
1148 1586
1148 1332
1149 1216
1149 1224
1149 1183
1150 1403
1151 1250
1151 1425
1151 1457
1151 1563
1152 1487
1153 1416
1153 1420
1153 1422
1154 1411
1154 1192
1154 1483
1154 1529
1155 1221
1155 1415
1155 1495
1155 1385
1156 1530
1156 1539
1156 1304
1156 1342
1156 1242
1156 1567
1157 1453
1158 1252
1158 1388
1158 1396
1159 1318
1159 1459
1159 1397
1159 1176
1159 1340
1160 1217
1160 1253
1160 1452
1160 1324
1160 1334
1161 1169
1161 1428
1162 1513
1162 1382
1164 1516
1164 1358
1164 1298
1164 1341
1166 1248
1166 1540
1166 1351
1166 1484
1167 1187
1167 1258
1167 1578
1167 1231
1167 1329
1167 1430
1167 1562
1167 1386
1168 1569
1168 1366
1168 1534
1169 1409
1169 1322
1169 1523
1169 1487
1171 1207
1171 1480
1171 1369
1171 1541
1173 1232
1173 1459
1173 1566
1175 1580
1176 1344
1176 1379
1176 1464
1177 1537
1177 1319
1178 1492
1178 1198
1179 1353
1179 1335
1181 1376
1181 1457
1182 1563
1182 1279
1183 1280
1183 1309
1183 1274
1184 1203
1185 1271
1185 1375
1186 1335
1186 1583
1187 1575
1187 1559
1188 1314
1188 1270
1188 1262
1188 1518
1189 1569
1190 1353
1190 1201
1190 1366
1190 1469
1191 1523
1191 1471
1192 1345
1192 1494
1194 1595
1194 1484
1194 1199
1194 1598
1194 1503
1195 1226
1195 1483
1195 1404
1196 1506
1196 1219
1196 1274
1196 1212
1197 1524
1197 1566
1198 1283
1198 1233
1198 1581
1198 1268
1199 1584
1199 1360
1200 1445
1201 1218
1201 1582
1201 1596
1203 1279
1204 1378
1204 1588
1204 1340
1206 1537
1207 1472
1207 1378
1208 1350
1208 1442
1208 1491
1210 1474
1210 1242
1211 1579
1211 1354
1211 1422
1212 1355
1214 1234
1214 1524
1214 1434
1215 1473
1215 1421
1215 1425
1216 1313
1216 1407
1218 1282
1218 1583
1218 1503
1219 1444
1219 1459
1220 1460
1221 1222
1221 1232
1221 1533
1222 1265
1222 1431
1223 1504
1223 1538
1223 1416
1223 1525
1224 1280
1224 1571
1224 1282
1227 1504
1228 1510
1228 1310
1228 1470
1228 1279
1229 1400
1229 1477
1231 1550
1231 1396
1231 1301
1232 1440
1233 1383
1234 1496
1235 1288
1235 1294
1235 1512
1235 1310
1237 1568
1237 1251
1237 1350
1237 1321
1237 1564
1238 1544
1239 1595
1240 1581
1243 1471
1244 1366
1244 1585
1244 1297
1245 1447
1245 1399
1248 1363
1248 1566
1249 1498
1250 1446
1251 1535
1252 1476
1253 1420
1253 1356
1253 1405
1255 1328
1255 1301
1256 1383
1256 1589
1257 1421
1257 1368
1257 1373
1258 1468
1259 1546
1260 1559
1260 1294
1261 1376
1261 1512
1261 1407
1262 1597
1262 1519
1262 1437
1263 1504
1263 1296
1263 1474
1263 1379
1263 1590
1264 1304
1265 1464
1265 1389
1265 1336
1265 1591
1266 1361
1266 1304
1266 1561
1266 1279
1267 1348
1267 1333
1267 1404
1268 1457
1268 1560
1268 1397
1269 1329
1269 1300
1269 1502
1270 1281
1271 1408
1273 1295
1274 1436
1274 1580
1275 1356
1275 1480
1276 1375
1277 1347
1278 1394
1278 1401
1278 1373
1279 1447
1279 1584
1281 1545
1281 1296
1283 1384
1283 1374
1285 1585
1285 1338
1287 1537
1287 1486
1287 1403
1288 1483
1288 1324
1288 1385
1288 1407
1289 1452
1290 1511
1290 1396
1290 1309
1291 1373
1292 1552
1292 1458
1292 1402
1293 1376
1293 1337
1293 1349
1294 1308
1295 1311
1296 1338
1297 1327
1299 1319
1299 1575
1299 1330
1299 1333
1300 1551
1300 1438
1301 1488
1302 1492
1303 1569
1303 1394
1304 1474
1304 1524
1305 1494
1306 1506
1308 1399
1309 1424
1310 1579
1311 1543
1311 1559
1311 1496
1313 1399
1315 1426
1317 1437
1318 1573
1319 1471
1320 1400
1320 1374
1321 1424
1321 1371
1321 1341
1322 1507
1324 1347
1324 1446
1324 1383
1324 1549
1326 1509
1326 1354
1326 1453
1326 1471
1327 1380
1327 1438
1328 1445
1328 1565
1328 1520
1328 1384
1329 1404
1330 1480
1331 1381
1333 1493
1334 1426
1334 1337
1335 1355
1335 1489
1335 1553
1337 1519
1338 1562
1338 1467
1338 1471
1340 1575
1340 1569
1341 1568
1341 1459
1343 1473
1343 1360
1343 1567
1343 1535
1345 1568
1345 1346
1346 1571
1346 1425
1346 1557
1348 1571
1349 1350
1350 1430
1350 1529
1351 1536
1351 1418
1353 1364
1354 1473
1355 1472
1355 1438
1359 1552
1360 1427
1361 1525
1365 1407
1366 1457
1368 1493
1368 1528
1371 1430
1373 1419
1374 1516
1376 1568
1376 1491
1377 1400
1380 1476
1380 1511
1380 1390
1380 1429
1380 1462
1381 1551
1382 1511
1382 1434
1383 1446
1384 1479
1384 1404
1384 1471
1386 1531
1386 1541
1386 1391
1389 1503
1390 1595
1391 1554
1391 1572
1394 1463
1394 1516
1394 1458
1395 1503
1398 1433
1398 1581
1399 1583
1401 1548
1401 1459
1402 1410
1404 1486
1406 1544
1407 1553
1411 1416
1411 1501
1412 1473
1413 1446
1413 1581
1413 1532
1414 1599
1415 1568
1415 1431
1416 1483
1417 1443
1419 1505
1419 1422
1419 1559
1420 1568
1420 1475
1420 1466
1422 1582
1424 1580
1425 1591
1427 1522
1429 1465
1430 1509
1430 1589
1431 1443
1432 1512
1432 1583
1433 1491
1436 1598
1437 1575
1441 1483
1441 1459
1443 1546
1443 1485
1443 1524
1446 1457
1446 1594
1449 1513
1451 1528
1452 1494
1452 1551
1452 1556
1453 1512
1453 1581
1455 1500
1456 1495
1459 1540
1459 1588
1460 1536
1466 1557
1473 1591
1473 1516
1475 1593
1476 1516
1477 1537
1478 1594
1479 1573
1480 1505
1480 1578
1482 1529
1485 1588
1487 1509
1491 1544
1494 1517
1496 1545
1498 1511
1499 1535
1502 1525
1502 1507
1502 1599
1503 1573
1511 1528
1515 1524
1518 1581
1528 1588
1529 1579
1529 1549
1531 1572
1532 1587
1534 1585
1535 1553
1536 1539
1537 1543
1537 1589
1546 1596
1547 1552
1547 1562
1551 1589
1552 1586
1556 1571
1561 1589
1575 1576
1580 1594
1582 1598
1595 1598
