0 212
0 196
0 85
0 127
2 144
2 332
2 34
2 220
3 192
3 101
3 46
3 334
3 250
3 252
3 29
4 313
4 292
4 229
4 369
5 16
5 150
6 243
6 252
6 79
7 184
7 376
7 292
7 358
8 225
8 198
8 273
8 17
8 187
8 285
9 257
9 186
9 259
9 324
9 383
10 335
10 175
10 243
10 397
10 119
11 388
11 28
11 334
12 24
12 256
12 178
12 299
12 207
13 56
13 362
13 284
14 216
14 380
14 221
16 168
16 189
16 259
16 61
17 132
17 317
17 112
17 146
17 90
17 29
18 19
21 32
21 169
21 154
21 240
21 55
22 216
22 58
22 258
22 133
23 77
23 231
24 142
25 197
25 334
26 385
26 177
26 155
26 302
26 307
27 76
27 229
27 31
28 290
28 67
28 293
28 180
28 59
29 99
29 332
29 225
30 177
30 74
30 285
31 232
31 114
31 313
31 57
31 287
32 320
32 99
32 260
32 198
32 275
32 396
32 269
32 67
32 315
33 240
33 196
33 67
33 59
33 180
34 353
34 260
34 69
34 142
34 307
34 148
34 345
34 347
34 190
35 372
35 139
35 292
35 341
36 287
37 100
38 129
38 203
39 192
39 201
39 261
39 310
40 299
41 144
41 368
41 286
42 298
42 236
42 351
43 257
43 314
43 187
43 118
44 336
44 153
44 339
45 104
45 391
45 269
45 103
46 321
46 52
46 397
47 384
48 145
48 170
48 178
49 216
49 370
49 126
49 95
50 368
50 316
50 111
51 139
51 268
52 233
52 331
52 173
52 84
52 215
53 192
53 286
53 314
53 229
53 262
54 264
54 131
54 148
54 150
55 121
55 218
55 300
55 366
56 176
56 227
56 148
56 190
57 217
58 214
60 98
60 324
60 114
60 342
60 157
61 66
62 209
62 220
63 156
63 325
63 150
64 197
65 116
65 398
66 153
66 154
66 92
66 215
67 165
67 74
67 91
68 266
68 373
68 286
68 303
69 340
70 261
70 175
71 379
71 115
71 76
71 287
72 352
72 99
73 233
73 351
73 343
74 272
74 394
74 215
75 335
76 154
76 268
76 101
77 173
79 128
79 288
79 365
79 147
79 247
79 153
79 219
80 376
80 268
80 389
81 98
81 137
81 273
81 341
81 169
81 376
82 120
83 258
83 261
83 391
84 228
84 386
84 239
85 259
85 208
85 369
85 181
85 125
86 196
86 390
87 309
88 105
88 164
88 278
89 138
89 261
90 114
90 309
90 237
90 271
91 176
91 232
92 194
92 198
92 391
93 192
93 242
93 276
93 359
94 136
94 233
94 245
94 150
94 385
95 100
95 366
95 118
95 263
96 236
96 197
96 287
97 112
97 153
97 122
97 195
97 348
98 379
98 319
99 275
99 333
100 351
100 366
101 290
101 359
101 236
101 382
102 340
102 229
103 280
103 291
104 275
104 123
104 268
104 127
105 289
105 237
105 133
105 191
106 218
106 331
106 316
106 277
106 309
107 133
107 389
108 200
108 233
108 338
108 272
109 396
109 284
109 207
110 361
110 146
110 387
110 229
110 269
111 298
112 361
113 129
113 387
113 239
114 260
114 278
114 127
115 192
115 241
115 117
115 254
116 134
117 214
117 139
117 237
117 306
117 310
118 292
118 358
118 209
118 151
118 216
118 186
118 284
119 332
119 214
120 304
120 388
120 150
121 349
122 387
122 301
122 231
123 216
123 146
123 356
124 277
125 264
125 394
125 301
126 195
126 271
127 221
127 159
128 197
128 198
128 174
128 341
128 316
128 253
129 258
129 254
129 385
132 152
132 252
132 359
133 288
133 390
133 362
133 284
134 146
135 223
135 183
136 213
137 330
137 364
137 278
138 347
138 261
138 374
138 305
139 152
140 316
141 177
141 246
142 181
142 390
142 383
143 194
143 371
143 348
144 292
144 226
144 333
144 176
144 177
146 373
146 316
147 264
147 287
147 251
149 348
149 169
149 186
149 267
149 252
150 246
150 379
150 357
150 265
150 202
150 359
150 173
150 191
151 300
152 355
153 227
153 167
154 376
154 199
155 205
155 206
156 290
156 188
156 198
157 164
157 350
157 229
157 302
158 184
158 215
159 311
159 163
159 255
159 254
160 211
160 341
160 390
162 266
162 283
162 340
162 298
163 208
164 206
165 283
165 332
165 213
166 168
166 192
166 228
166 332
168 370
168 277
169 384
169 325
169 398
169 347
170 377
171 298
171 330
171 293
171 381
172 239
173 274
174 177
174 251
174 358
175 229
176 249
177 231
177 241
177 216
177 378
178 222
179 329
179 326
180 212
180 317
182 371
182 366
182 367
183 275
183 395
183 398
184 354
184 326
185 379
185 363
187 352
187 197
187 316
187 349
188 394
188 359
189 283
190 296
190 298
190 274
192 240
193 243
195 251
195 308
195 364
196 327
196 334
196 385
196 213
197 269
197 361
197 351
198 261
199 261
199 341
200 205
201 276
202 210
202 314
202 286
202 295
203 252
203 343
204 287
204 301
204 267
204 277
204 223
205 260
205 253
205 351
207 262
207 297
207 212
207 247
207 252
208 304
208 326
209 358
209 326
210 282
210 266
210 222
210 397
211 292
211 398
212 278
213 244
213 345
214 322
214 361
214 303
215 364
215 332
215 322
215 374
216 377
217 270
217 399
218 311
218 243
218 220
219 258
220 323
220 239
220 339
220 312
222 303
223 263
223 392
223 332
223 282
225 247
226 316
226 253
226 325
227 266
227 310
227 263
228 298
228 379
229 247
229 280
230 360
230 313
230 314
231 244
233 381
234 364
234 291
234 332
235 397
238 246
239 293
240 292
241 279
242 343
244 292
244 302
245 301
246 260
246 343
246 282
246 381
248 272
249 279
250 253
251 337
253 355
253 363
254 334
255 337
255 357
256 302
257 323
257 301
258 325
258 338
258 279
259 320
259 326
259 266
259 268
259 335
259 310
259 332
261 359
261 296
261 311
262 368
262 267
263 298
264 347
265 369
265 395
268 290
268 293
268 360
270 306
271 357
272 327
274 294
274 350
275 302
275 367
275 348
277 362
278 347
279 330
280 395
280 398
281 304
282 392
282 338
282 313
284 384
284 297
285 360
285 394
285 291
286 293
286 393
286 397
287 365
287 374
288 317
288 354
288 333
289 314
289 326
292 352
293 348
296 338
298 339
300 335
302 343
302 344
305 381
307 360
309 378
310 387
313 352
313 345
315 365
316 348
317 398
320 350
321 374
322 333
325 367
327 360
330 384
330 334
332 376
335 342
337 359
337 362
337 341
341 358
343 364
347 352
349 370
351 385
351 378
354 376
356 360
359 381
362 377
362 382
364 389
364 377
366 369
366 370
368 396
370 380
371 379
382 389
384 397
390 394
391 399
