0 1191
0 298
0 1135
0 532
0 214
0 1272
0 63
1 772
1 229
1 263
1 620
1 238
1 883
1 214
2 1152
2 33
2 388
2 769
2 1136
2 586
2 967
2 477
2 368
2 594
2 1193
2 29
3 258
3 396
3 797
3 1149
4 864
4 417
4 292
4 840
4 779
4 940
4 1264
4 852
4 602
5 939
5 903
5 936
5 875
5 175
5 1269
5 282
5 926
6 773
6 584
6 1164
6 973
6 1273
6 927
7 144
7 1177
7 133
8 484
8 69
8 264
8 269
8 913
8 596
8 223
9 321
9 1127
9 1198
9 1240
9 53
9 1239
9 696
9 378
10 257
10 610
10 899
10 812
10 51
10 538
10 27
10 1278
11 865
11 1253
11 232
11 427
11 237
11 1297
11 1210
12 231
12 1105
12 82
12 1080
12 478
12 639
13 1063
13 172
13 846
13 285
13 501
13 440
13 412
13 189
14 912
14 708
14 993
14 592
14 114
14 1212
14 317
15 265
15 522
15 1228
15 1074
15 782
15 210
15 458
16 480
16 728
16 253
16 822
17 136
17 256
17 92
17 237
17 982
18 1154
18 101
18 263
18 1255
18 624
18 791
18 347
18 158
19 490
19 1146
19 634
19 631
20 1157
20 1163
20 1231
20 281
20 58
20 795
20 858
20 1246
21 615
21 105
21 810
21 890
21 500
21 24
21 794
21 156
21 797
22 432
22 1096
22 477
22 870
23 1024
23 609
23 551
23 1225
23 110
23 435
23 981
23 57
24 1029
24 528
24 473
24 1147
24 734
24 949
25 40
25 714
25 866
25 357
25 599
26 448
26 1028
26 535
26 1264
26 791
26 638
26 247
27 1009
27 550
27 614
27 103
27 782
27 945
27 210
27 534
27 636
27 1194
27 702
28 568
28 970
28 242
28 412
28 69
29 776
29 1283
29 1286
29 254
30 513
30 1220
30 862
30 343
31 704
31 1297
31 586
32 737
32 326
32 1130
32 622
32 559
32 1266
32 695
32 1150
33 961
33 165
33 874
33 308
33 1113
33 826
33 1285
34 645
34 71
34 745
34 106
34 472
34 473
35 993
35 901
35 902
35 221
35 560
35 914
35 925
36 706
36 68
36 489
36 428
36 529
36 850
36 900
37 1095
37 756
37 212
37 1211
37 158
37 383
38 496
38 872
38 905
38 170
38 619
38 300
38 686
38 368
38 1108
39 1153
40 547
40 744
40 393
40 1034
40 907
40 1102
40 783
40 86
41 583
41 712
41 618
41 1142
41 506
41 922
42 151
43 521
43 698
43 915
44 132
44 873
44 906
44 943
44 310
44 189
45 999
45 304
45 593
45 915
45 949
45 817
46 208
46 1275
47 162
47 1131
47 1136
47 632
47 1202
47 600
48 328
48 1025
48 458
48 821
48 823
49 616
49 934
49 710
50 1224
50 301
50 529
50 1239
50 281
50 955
50 637
50 926
51 1091
51 329
51 814
51 751
51 658
51 1134
51 310
52 736
52 1156
52 741
52 812
52 813
52 206
52 84
52 733
53 512
53 132
53 1062
53 231
53 682
53 240
53 796
54 1043
54 429
54 158
54 1159
55 448
55 1128
55 233
55 1100
55 817
55 1107
55 501
55 251
55 286
56 448
56 1123
56 295
56 680
56 1289
56 1103
56 1014
56 623
57 450
57 1251
57 1095
57 590
57 176
57 1177
58 583
58 1005
58 591
58 477
58 797
58 798
59 1056
59 321
59 1122
59 1100
59 493
59 1043
59 1140
59 510
60 1092
60 684
60 312
60 1210
60 159
60 255
61 1156
61 412
61 594
61 947
61 1140
61 444
62 968
62 644
62 893
62 1086
62 671
63 960
63 259
63 229
63 167
63 584
63 138
63 1127
63 306
63 707
63 439
63 1017
63 773
64 928
64 515
64 549
64 134
64 859
64 1068
64 205
64 1049
64 315
64 1178
64 827
65 1057
65 71
65 171
65 812
65 855
65 442
65 1019
65 922
65 382
66 784
66 569
66 331
66 1125
66 1110
67 760
67 1133
67 883
67 221
67 1063
68 392
68 425
68 1207
68 305
68 467
68 1177
68 281
68 538
68 1146
69 384
69 772
69 170
69 171
69 141
69 973
69 1197
69 853
69 633
69 650
70 400
70 834
70 914
70 1046
70 1109
71 1060
71 1122
71 905
71 482
71 589
71 1042
72 145
72 931
72 727
73 1282
73 361
73 1194
73 525
73 434
73 276
73 886
73 1208
73 788
73 1086
74 737
74 1221
74 904
74 1099
74 1224
74 308
74 373
74 989
75 265
75 778
75 404
75 311
76 241
76 762
76 483
76 1130
76 617
77 962
77 422
77 169
77 908
77 149
77 310
77 535
77 191
79 288
79 1268
79 157
79 1134
80 291
80 294
80 432
80 1176
80 280
80 925
80 638
81 1080
81 121
81 1211
81 791
82 672
82 618
82 623
82 1104
82 1016
82 127
83 166
83 1132
83 269
83 244
83 469
83 1053
84 610
84 1064
84 974
84 369
84 1267
84 341
84 1268
85 104
85 1248
85 229
86 595
86 583
86 527
87 1217
87 1029
87 426
87 1296
87 1175
87 1214
88 1106
88 948
88 878
88 302
88 103
89 177
89 858
89 172
89 383
90 355
90 677
90 264
90 585
90 392
90 658
90 724
90 440
91 300
91 428
91 303
91 1169
91 499
91 693
91 766
92 581
92 1094
92 107
92 461
92 1040
92 1298
92 632
92 697
92 188
93 985
93 1244
93 1157
93 438
94 609
94 1284
94 454
94 518
94 999
94 520
94 298
94 1131
94 975
94 1039
94 1207
94 409
94 315
94 970
95 706
95 1158
95 586
95 459
95 1026
95 654
95 218
96 1110
96 1191
97 1136
97 723
97 180
97 878
98 368
98 170
98 372
98 198
99 642
99 301
99 333
99 627
99 663
99 952
99 1274
100 150
100 332
100 1267
100 372
100 246
100 1208
100 500
100 293
101 352
101 1073
101 1171
101 1061
102 644
102 1254
102 424
102 1163
102 791
102 765
103 288
103 800
103 421
103 897
103 871
103 216
103 1030
103 668
103 477
103 670
104 649
104 458
104 507
104 156
105 768
105 294
105 169
105 750
105 305
105 309
105 634
106 584
106 759
106 909
106 1143
106 537
107 833
107 519
107 973
107 1272
107 1298
107 184
107 1148
108 1253
108 912
108 1013
108 919
108 794
108 860
108 702
109 322
109 931
109 1157
109 1066
109 1262
109 1019
110 937
110 1003
110 399
110 1142
110 249
110 890
111 512
111 1000
111 269
111 430
111 487
112 1185
112 522
112 972
112 722
112 661
112 1174
112 1047
112 1210
113 321
113 647
113 552
113 979
113 1140
113 609
113 216
113 861
114 224
114 424
114 1228
114 1069
114 366
114 1096
114 1204
114 763
114 575
115 896
115 1066
115 1038
115 976
115 659
115 700
116 1217
116 339
116 756
117 1285
117 1131
117 976
117 531
117 404
117 956
118 352
118 820
119 274
119 1126
119 842
119 282
119 534
120 330
120 493
120 410
120 327
121 898
121 1059
121 1028
121 401
121 331
121 623
121 371
121 958
121 167
121 574
122 1168
122 846
122 432
122 1049
122 474
122 958
123 1240
123 345
123 402
123 1137
123 489
124 144
124 478
125 934
125 1260
125 270
125 949
125 408
125 409
125 1084
125 350
126 1113
127 689
127 260
127 573
128 1282
128 133
128 1099
128 212
128 314
128 1019
129 345
129 740
129 1286
129 1183
130 736
130 962
130 514
130 1159
130 1164
130 818
130 178
130 756
130 729
131 258
131 650
131 620
131 1268
131 1078
131 567
131 1115
132 163
132 269
132 720
132 1243
132 477
132 1055
133 257
133 1115
133 242
133 1011
133 1211
133 985
133 186
133 795
133 284
133 314
134 1189
134 467
134 905
134 557
134 334
134 1135
134 435
135 964
135 902
135 912
135 314
135 508
135 1274
135 286
136 292
136 389
136 1167
137 912
137 235
137 1260
137 1165
137 1221
138 579
138 615
138 875
138 1101
138 782
138 530
138 308
138 1259
139 512
139 704
139 549
139 486
139 904
139 998
139 922
139 1215
140 312
140 656
140 1290
140 357
141 224
141 966
141 1197
141 623
141 1268
141 570
142 1162
142 918
142 694
142 486
142 701
143 849
143 1020
143 774
143 921
144 292
144 1070
144 470
144 799
145 720
145 976
145 285
145 1158
146 641
146 1156
146 262
146 167
146 488
146 428
146 1006
146 1136
146 758
146 1055
147 1121
147 1242
147 1111
147 1182
147 919
148 520
148 841
148 1085
148 646
149 197
149 1031
149 1224
149 1137
149 404
150 355
150 215
150 566
150 311
150 1055
151 657
151 187
151 1290
151 1050
152 272
152 600
152 1008
152 468
152 1005
153 456
153 577
153 870
154 928
154 323
155 940
155 592
155 1273
155 409
155 890
155 731
155 285
155 158
156 748
156 520
156 406
156 712
157 321
157 1262
157 400
157 1142
157 279
157 1080
157 1049
158 899
158 1287
158 232
158 1098
158 217
158 1022
159 1200
159 1178
160 675
160 869
160 681
160 235
160 1112
160 441
160 538
161 322
161 1029
161 275
161 1258
161 1224
161 819
161 1210
161 922
161 189
162 1264
162 164
162 829
162 654
163 1240
163 449
163 1269
163 326
164 640
164 722
164 1147
164 220
164 573
165 899
165 1192
165 649
165 605
165 1245
165 1207
165 1053
166 1089
166 997
166 1130
166 978
166 503
166 1144
167 494
167 175
167 922
167 636
168 1122
168 835
168 1164
168 1232
168 1155
168 794
168 1244
168 287
169 642
169 325
169 651
169 242
169 307
170 944
170 210
170 1139
170 1205
171 1090
171 614
171 1231
171 1077
172 1157
172 912
172 377
172 568
173 1264
173 1019
173 788
173 174
173 511
174 230
174 204
174 239
174 883
174 724
174 1273
174 987
175 385
175 811
175 246
175 1273
175 1146
175 603
176 259
176 292
176 742
176 584
176 653
176 1231
176 854
176 279
176 900
176 1150
177 799
177 195
177 769
178 737
178 1192
178 1161
178 719
178 1137
178 1045
178 473
178 1288
179 453
179 1000
179 336
179 1128
179 307
179 217
179 989
180 1026
180 406
180 417
180 775
180 659
180 470
180 858
180 349
181 328
181 300
181 1125
181 502
181 1279
182 610
182 711
182 201
182 1207
182 654
182 853
182 918
182 1033
182 920
182 796
183 492
183 661
183 1270
183 199
184 958
184 190
184 723
185 584
185 1050
185 983
186 323
186 646
186 392
186 201
186 879
186 658
186 916
186 539
186 413
187 392
187 1228
187 482
187 284
188 631
188 589
188 494
188 784
188 980
188 501
188 311
188 1242
188 959
188 213
189 546
189 508
189 1053
190 778
190 883
190 300
190 453
191 1120
191 421
191 1202
191 890
191 1244
192 1092
192 329
192 209
192 503
192 890
192 1114
193 740
193 669
193 510
194 1057
194 555
194 661
194 287
195 336
195 1042
195 440
195 1140
196 520
196 528
196 866
196 587
196 804
197 945
197 618
197 369
197 633
197 698
197 1085
197 990
198 903
198 764
198 523
198 621
198 750
198 562
198 411
198 476
198 446
199 737
199 487
199 812
199 907
199 684
199 750
199 469
199 1049
199 799
200 291
200 590
200 882
200 761
200 665
200 282
200 1050
200 826
200 1279
201 833
201 329
201 362
201 300
201 1068
202 658
202 1253
203 736
203 937
203 370
203 978
203 238
204 1121
204 1169
204 306
204 503
204 1214
205 720
205 1084
205 1268
206 450
206 1256
206 746
206 368
206 243
206 315
206 1279
207 1074
207 222
207 775
208 850
208 444
208 1174
209 941
209 590
209 463
209 560
209 825
209 1279
210 850
211 1193
211 898
211 1123
211 406
212 779
212 1037
212 1038
212 1165
212 304
212 465
212 370
212 629
212 1263
212 573
213 1153
213 962
213 548
213 1286
213 1031
213 1130
213 1074
213 726
214 960
214 554
214 749
214 1233
214 1176
214 826
214 1148
214 1146
215 1025
215 681
215 1135
215 913
215 955
216 1099
216 1036
216 661
216 698
217 440
217 864
217 493
218 777
218 427
218 560
218 692
218 885
218 319
219 1121
219 1096
219 911
219 337
219 853
219 1047
220 1072
220 246
220 1159
221 1072
221 880
221 753
221 562
221 501
221 1018
222 324
222 1253
222 1127
222 235
222 1040
222 307
222 375
222 378
222 922
222 1022
223 967
223 620
223 526
223 478
223 1241
223 1054
224 458
224 850
224 398
226 1221
226 392
226 1015
226 726
226 1143
226 517
227 549
227 1094
227 233
227 810
227 1067
227 556
227 529
227 595
227 1114
227 1179
227 959
228 320
228 1019
228 812
228 432
228 531
228 603
229 1187
229 295
229 394
229 438
230 745
230 1238
231 812
231 265
231 938
231 683
231 525
231 241
231 402
231 692
232 1206
232 462
232 837
233 608
233 1095
233 872
233 860
233 684
233 1020
233 368
233 497
233 980
233 1076
233 1160
233 732
233 1128
234 816
234 773
235 611
235 1156
235 312
236 1191
236 783
236 560
236 1013
236 471
236 687
237 576
237 451
237 1295
237 624
237 1013
237 569
237 1116
238 1257
238 1261
238 1169
238 499
238 917
239 289
239 969
239 494
239 1073
239 1289
239 474
239 701
239 1182
240 256
240 801
240 1002
240 1075
240 982
240 1144
240 1109
241 1191
241 751
241 1233
241 1238
241 761
241 1023
242 292
242 813
242 1077
242 761
242 314
243 354
243 1269
244 1152
244 1060
244 488
244 1065
244 779
244 720
244 981
244 790
245 536
245 905
245 498
245 348
245 1183
246 657
246 658
246 983
246 441
246 827
247 1090
247 336
247 1299
247 632
247 793
248 1290
248 595
248 292
248 439
249 548
249 1158
249 461
249 765
249 510
249 953
249 796
249 317
249 478
249 479
250 384
250 955
250 1133
250 1151
251 512
251 683
251 988
251 1126
252 834
252 547
252 869
252 810
252 819
252 377
252 1242
252 1181
252 254
253 368
253 258
253 862
253 841
254 801
254 707
254 1188
254 1095
254 988
254 717
254 589
254 759
254 511
255 344
255 512
255 973
255 632
256 482
256 485
256 1215
257 986
257 710
257 597
258 396
258 378
258 383
259 1056
259 659
259 1128
260 1167
260 1171
260 948
260 1048
260 1273
261 1240
261 442
261 701
262 352
262 569
262 323
263 803
263 292
263 495
263 533
263 538
264 1227
264 429
264 749
264 1296
265 907
265 1169
265 826
265 379
266 824
266 473
266 1204
266 1132
266 849
267 986
267 979
267 1151
268 849
268 444
268 1006
268 342
269 323
269 843
269 557
269 272
269 1018
270 392
270 1260
270 976
270 663
270 991
271 816
271 636
271 548
271 764
271 366
273 297
273 1091
273 1227
273 601
274 1282
274 1253
274 496
274 625
274 664
274 698
275 1212
275 748
275 1069
275 1257
275 731
275 1084
275 607
276 327
276 808
276 778
276 784
276 437
277 997
277 968
277 332
277 813
277 814
277 851
278 576
278 1256
278 932
278 589
279 933
279 948
279 287
280 1152
280 1227
280 1197
280 536
280 1299
280 406
280 408
280 639
281 417
281 1061
281 586
281 399
281 944
281 913
281 727
281 1214
281 1087
282 1155
282 776
282 790
282 1128
282 859
282 1279
283 898
283 1075
284 1220
284 1129
284 1164
284 789
284 568
284 1214
285 475
285 645
285 1134
285 404
285 1141
285 887
286 531
286 1083
286 829
287 580
287 1035
287 335
287 541
288 994
288 1019
288 582
288 941
288 399
288 1058
288 1234
288 947
288 1178
288 571
289 802
289 1033
289 945
289 540
289 318
290 532
290 402
290 308
290 1218
291 879
291 296
291 698
291 347
292 1221
292 486
292 696
292 368
292 951
292 1023
292 799
293 827
293 648
293 987
293 761
293 411
294 609
294 833
294 811
294 1294
294 818
294 629
294 726
294 439
294 1051
295 578
295 818
296 969
296 305
296 1109
296 598
296 1271
297 577
297 1062
297 426
297 811
297 884
297 794
297 415
298 873
298 1202
298 1045
298 1240
299 850
299 1042
299 509
300 897
300 1275
300 334
300 791
300 412
301 1058
301 868
301 360
301 425
301 1096
301 643
301 700
302 1043
302 1076
302 1205
302 633
302 1116
302 1277
303 1016
303 926
303 654
303 1190
304 1123
304 980
304 599
304 856
304 1243
305 404
305 951
305 1215
306 984
306 876
306 358
307 384
307 1248
307 869
307 530
307 691
307 1129
308 1152
308 1192
308 381
308 1288
308 434
308 568
308 687
309 1211
309 788
309 1253
310 1060
310 492
310 703
311 1280
311 770
311 819
311 956
312 427
312 358
312 982
313 413
314 899
314 646
314 395
314 879
315 1025
315 778
315 849
315 946
315 855
315 1240
315 1114
316 1158
316 678
316 426
316 651
316 622
316 662
316 795
317 526
317 1103
317 592
317 472
318 1157
318 806
318 969
318 523
318 434
319 882
319 861
319 909
320 1176
320 577
320 990
320 470
321 976
321 804
321 1121
321 1163
321 560
322 1042
322 1198
322 432
322 466
322 1103
323 580
323 1125
323 839
323 1033
323 782
323 452
323 1214
324 385
324 1192
324 847
324 1256
324 855
324 1051
324 668
325 626
325 1193
325 666
325 909
326 518
326 808
326 1035
326 783
326 982
326 375
326 1112
327 1077
327 1209
327 829
327 1278
328 629
329 350
331 1095
331 586
331 718
331 1269
332 351
332 407
332 1240
332 955
332 639
333 1280
333 804
333 1173
333 1102
334 352
334 1217
334 741
334 745
334 715
334 785
334 702
335 736
335 1097
335 588
335 781
335 1205
336 544
336 421
336 410
337 738
337 1032
337 617
337 752
337 543
338 449
338 754
338 826
338 831
339 768
339 673
339 771
339 713
339 1075
339 1271
340 585
340 590
340 818
340 639
340 1020
340 863
341 1026
341 932
341 773
341 488
341 372
341 1022
342 1010
342 379
343 640
343 389
345 610
345 677
345 583
345 834
345 881
345 1174
345 408
345 1180
346 676
346 710
346 1035
346 655
346 659
346 891
346 828
347 1285
347 469
347 1125
348 970
348 756
349 1094
349 780
349 1102
349 1011
349 1050
350 1212
350 793
351 648
351 356
351 1082
351 870
352 482
352 1204
352 598
353 706
353 355
353 901
353 967
353 1299
353 1129
353 595
353 599
354 355
354 718
354 1172
354 374
354 436
355 1124
355 502
355 488
355 791
355 920
355 1125
356 704
356 609
356 1251
357 1216
357 645
357 1255
357 555
357 849
357 402
357 851
357 733
358 1283
358 1203
358 1205
358 1049
359 393
359 786
359 1019
359 1038
359 849
360 490
360 1277
360 431
361 866
361 748
361 1132
361 465
361 415
362 959
362 580
362 1007
362 495
363 577
363 802
363 1046
363 572
363 815
363 822
363 924
364 936
364 1042
364 517
364 622
364 1277
365 963
365 999
365 573
365 631
366 451
366 453
366 744
366 758
366 1213
367 1126
367 1000
367 1033
367 1003
367 431
367 689
367 1151
368 939
368 1026
368 525
368 1129
368 676
368 900
368 635
368 892
369 547
370 1020
370 613
370 1223
371 770
371 526
371 624
371 689
371 978
372 384
372 937
372 1237
372 789
373 1238
373 710
373 1015
374 1080
374 1289
374 1093
375 1156
375 776
375 1291
375 1264
375 731
375 574
376 1193
376 653
376 1135
376 496
376 1138
376 575
377 1060
377 637
377 1039
378 579
378 402
378 692
378 469
378 697
378 986
379 481
379 418
379 458
379 619
379 1047
380 611
380 1093
380 908
380 1134
380 1053
380 382
381 824
381 643
381 974
381 1239
382 444
382 1157
383 867
383 676
383 887
383 655
383 496
383 625
383 772
383 727
383 1143
383 1117
383 421
384 1223
384 463
384 1265
384 506
385 480
385 772
385 479
386 608
386 513
386 772
386 1025
386 396
386 558
386 465
386 761
386 1275
386 964
387 832
387 808
387 1297
387 1176
387 635
387 991
388 488
388 715
388 1222
389 977
389 1010
389 660
389 502
389 442
389 734
390 716
390 674
390 580
390 874
390 646
391 1002
391 547
391 1030
392 609
392 1132
392 477
392 755
392 1141
393 483
393 1284
393 714
393 1123
393 995
393 473
393 1098
394 784
394 1188
394 652
394 464
394 850
394 601
394 869
395 424
395 835
395 546
395 1038
396 679
396 1237
396 1055
397 512
397 834
397 456
397 813
397 1136
397 1078
397 1023
398 555
398 589
398 535
399 946
399 1174
399 602
400 802
400 836
400 1294
400 467
400 986
400 1055
401 915
401 700
402 931
402 940
402 1101
402 987
402 564
402 1275
402 1047
402 761
402 1253
403 1001
403 1026
403 1206
404 1220
404 1041
404 427
404 592
404 1259
404 1055
405 417
405 834
405 499
405 1014
405 728
405 915
406 483
406 614
406 585
406 792
406 625
406 503
407 648
407 876
407 474
407 847
408 1005
408 889
408 1183
409 1004
409 1230
409 719
409 947
409 627
409 950
409 858
409 863
410 899
410 657
410 1201
410 556
410 845
410 431
410 824
410 985
411 999
411 750
411 625
411 568
411 799
411 767
412 993
412 1027
412 796
412 893
412 881
412 435
412 1132
413 619
413 1197
413 1107
413 662
413 447
414 537
414 1181
414 806
414 1287
415 1223
415 780
415 1261
415 569
416 496
416 1112
416 826
416 1216
416 1074
417 1179
417 427
417 532
417 635
417 637
417 1271
418 1059
418 743
418 624
418 595
418 1244
418 1117
419 440
419 664
419 1099
419 686
420 505
420 1291
420 713
421 1279
421 761
421 1022
422 832
422 1028
422 748
422 653
422 853
423 586
423 501
423 439
423 729
423 891
423 1278
424 547
424 679
424 1288
424 1244
425 579
425 1270
425 1143
425 920
426 518
426 1004
426 1113
426 633
426 670
427 674
427 1032
427 497
428 1227
428 1039
428 851
429 1282
429 1191
429 458
429 912
429 618
430 657
430 1100
430 981
431 753
431 665
431 826
432 490
432 491
432 887
432 605
433 776
433 985
433 634
434 997
434 1256
434 1101
435 998
435 744
435 585
435 781
435 888
435 1019
435 829
436 1248
436 646
436 1258
436 590
436 497
437 737
437 1222
437 538
437 1179
437 637
438 805
438 826
439 1287
439 1095
439 585
440 608
440 1257
440 515
441 729
441 1078
441 977
442 1281
442 1263
442 661
442 1047
442 1273
442 541
442 638
443 641
443 933
443 1034
443 628
443 631
443 476
444 1211
444 575
445 1217
445 1030
446 866
446 804
446 1226
446 1196
446 666
446 893
447 864
447 1124
447 989
447 499
447 531
448 1083
448 683
449 847
449 500
449 1110
449 506
449 510
450 678
450 968
450 1160
450 1298
450 887
451 674
451 499
451 862
452 1288
452 929
452 1242
452 532
453 677
453 907
453 1239
453 1240
453 1113
454 976
454 620
454 1078
454 543
455 1081
455 1059
455 719
456 802
456 516
456 747
456 847
456 1108
457 784
457 1105
457 858
457 1260
458 710
458 631
459 1107
460 936
460 1128
460 935
461 1280
461 1095
461 878
461 691
461 718
462 865
462 1186
462 1283
462 663
463 708
463 774
463 1193
463 950
463 728
464 545
464 1179
464 616
464 1100
464 909
464 661
464 955
464 1212
464 1085
465 620
465 878
465 969
465 917
465 791
466 1152
466 1124
466 622
466 626
466 499
466 788
466 693
466 854
467 482
467 1036
467 525
467 622
467 1012
468 521
469 1153
469 1197
469 1293
469 916
469 694
469 1112
469 857
470 1058
470 653
471 1218
471 1155
471 902
471 534
472 513
472 935
472 1080
472 1146
473 1061
473 1196
473 727
474 769
474 759
474 532
475 601
475 961
475 495
476 480
476 869
476 1031
476 1165
476 1265
476 1214
476 959
477 1219
477 619
477 560
477 564
477 596
477 511
478 578
478 583
478 744
478 590
478 1104
478 726
478 891
479 633
480 517
480 613
482 603
482 593
482 532
483 838
484 857
484 658
484 547
484 1256
485 1164
486 771
486 868
486 493
486 1166
486 955
486 989
487 998
487 968
487 844
487 1279
488 928
488 1077
489 1184
489 1192
489 1132
489 1138
489 825
489 664
489 633
490 1264
490 1132
490 653
490 538
491 496
491 858
491 565
491 1061
492 817
492 1129
492 497
492 885
492 537
492 857
492 1021
493 1147
493 905
494 1151
494 675
495 1248
495 852
496 556
496 892
497 715
497 1222
497 755
497 863
498 1105
498 828
499 927
499 1194
499 1003
499 723
499 1108
499 858
500 580
501 1088
501 579
501 1000
501 649
501 967
501 750
501 815
501 945
501 995
502 641
502 773
502 553
503 900
503 837
503 984
503 947
503 966
504 720
504 1283
504 619
505 970
505 747
505 876
505 1017
505 764
506 1192
506 949
506 1279
507 759
507 1102
507 519
508 1128
508 1163
508 844
508 1142
509 1257
509 1108
509 1225
509 537
509 956
510 1019
510 710
510 1192
510 660
510 833
511 912
511 973
511 784
511 1207
511 920
511 1023
512 549
512 1087
512 1100
512 1240
512 664
513 1286
513 1160
513 1004
513 529
513 791
513 958
514 877
514 1104
514 1233
514 596
514 922
515 1067
515 808
515 683
515 1168
515 532
515 1109
515 566
515 763
516 853
516 653
516 574
516 717
517 641
517 867
517 774
517 1050
518 812
518 1208
518 1209
518 602
518 574
519 1017
519 806
520 619
520 910
520 880
520 593
520 1299
520 756
520 733
520 1247
521 1119
522 1089
522 1090
522 1121
522 622
522 945
522 820
523 992
523 1280
523 998
523 938
523 1296
523 696
524 1169
524 1196
524 748
524 1047
525 848
525 643
525 1029
525 1005
525 1039
525 536
526 873
526 1069
526 1295
526 1021
527 1123
527 1156
527 838
527 1223
527 587
527 813
527 1263
527 945
527 634
527 828
528 824
528 696
528 626
528 1207
528 1020
529 866
529 1292
529 590
529 755
529 558
529 598
530 825
530 750
530 983
531 770
531 1070
532 752
532 565
533 672
533 610
533 648
533 809
533 588
533 1101
533 976
533 1132
533 729
533 639
534 595
535 1286
535 742
535 681
535 1076
535 569
536 1125
536 923
537 1248
537 1249
537 936
537 620
537 1041
537 690
538 554
538 995
538 571
539 1244
539 1052
539 1037
540 1018
540 1041
540 695
541 897
541 1251
541 871
541 1185
541 683
541 1271
541 795
541 669
542 1130
542 740
542 607
543 1185
543 930
543 814
543 755
543 1178
543 798
544 815
544 679
545 721
545 1299
545 652
545 768
546 641
546 613
546 1049
546 1150
547 712
547 688
547 1012
547 950
548 737
548 839
548 1005
548 1241
549 965
549 678
549 1226
549 1044
549 569
549 1151
550 595
550 634
550 1069
551 777
551 1074
551 613
552 672
552 611
552 677
552 970
552 761
553 931
553 682
553 1291
553 596
553 1214
554 567
555 1145
555 603
555 901
556 848
556 673
556 901
556 1038
556 1167
556 1297
556 1027
556 764
556 1213
557 1150
557 611
558 596
559 1218
559 1284
559 1285
559 742
559 782
559 1144
560 608
560 646
560 1127
560 1004
560 1146
561 617
561 1167
561 1038
561 782
561 705
562 960
562 1065
562 753
562 599
562 984
562 603
563 963
563 1261
563 782
563 787
563 622
563 723
564 706
564 771
564 1290
564 1003
564 846
565 872
565 681
565 891
565 956
565 574
566 1104
566 803
567 673
567 1090
567 1226
567 1260
567 1026
568 731
568 904
568 1166
568 687
568 1008
568 926
569 714
569 934
569 920
569 797
570 603
570 1294
570 975
570 784
570 859
571 1251
571 582
571 991
572 906
573 704
573 716
573 1028
573 799
574 1063
574 1161
574 1134
574 623
574 884
574 1150
574 1023
575 1218
576 994
576 965
576 1160
576 910
577 778
577 822
578 1031
579 806
579 1046
579 603
579 636
579 735
580 1282
580 1187
580 872
580 1259
580 659
581 1249
581 838
582 633
582 671
583 1101
583 989
583 637
585 1262
585 1298
586 1265
587 922
587 859
587 1019
588 962
588 906
588 748
588 728
588 636
589 1292
589 815
589 633
590 815
590 860
591 602
591 1046
592 993
592 1090
592 744
592 1162
592 1154
592 754
592 1086
593 795
593 1093
594 1121
594 1286
594 1257
594 1058
594 1237
594 764
595 1018
595 891
596 833
596 968
596 1234
596 922
596 763
596 1086
597 770
597 1020
597 1293
597 1191
598 644
598 614
598 1255
598 1098
598 1299
599 680
599 782
599 1267
599 895
600 961
600 675
600 935
600 820
601 748
601 731
602 1184
602 642
602 676
602 967
602 1001
602 875
603 857
604 1003
604 639
605 873
605 910
605 909
606 1206
606 1158
606 1258
606 1044
606 1078
606 1209
606 1082
606 861
607 738
607 1119
607 629
607 635
607 1045
608 1212
608 1115
608 700
609 810
609 1052
610 682
611 1155
611 1063
611 979
611 857
612 888
612 988
612 917
613 848
614 783
614 780
614 655
614 825
615 1145
615 1291
616 1008
616 1064
616 1296
616 1236
617 677
617 774
617 649
617 1247
617 1043
617 792
617 1147
617 829
617 933
618 981
619 661
619 1276
620 1059
621 899
621 1287
621 947
621 885
621 634
621 890
622 1058
622 1283
622 808
622 816
622 669
622 991
623 749
623 932
623 779
623 653
623 687
624 1091
624 1283
624 1076
624 956
624 1021
624 799
625 1266
626 912
626 944
626 907
626 892
626 1053
627 1126
627 697
627 1081
627 887
628 1286
628 650
628 940
628 1136
628 925
629 1250
629 841
630 797
630 766
631 1075
631 915
631 647
631 942
631 912
632 1123
632 996
632 649
632 1259
633 687
634 704
634 747
634 972
634 1208
634 637
635 865
635 685
635 1298
635 1238
635 759
635 767
636 1264
637 968
637 856
637 798
638 832
638 928
638 1157
638 903
638 655
639 835
639 1030
639 1159
639 1087
640 1027
640 887
640 1294
641 995
641 874
641 723
641 692
641 1204
641 1052
642 1191
642 968
642 969
642 1240
642 927
643 739
643 778
643 785
643 1146
644 1250
644 1037
644 1080
644 957
644 671
645 909
645 1251
646 1040
646 770
646 962
646 759
647 733
648 1051
648 1169
648 1167
648 881
648 664
648 761
648 923
648 1209
649 900
649 1095
649 1082
649 933
650 1000
650 1135
650 1266
650 732
651 805
651 1292
651 945
651 1269
651 1148
652 721
652 808
652 1201
652 1022
653 854
653 1191
653 1101
653 699
653 906
654 776
654 962
654 912
654 1117
654 1278
655 1227
656 736
656 1032
656 779
656 718
656 719
656 1018
656 828
657 981
658 1082
658 840
659 1216
659 802
659 741
659 1250
659 1233
659 724
660 1248
660 778
661 1176
661 1010
661 1174
662 1128
662 932
662 1158
663 1176
666 778
666 1004
666 722
666 856
666 954
666 987
667 856
667 1130
667 1011
667 1258
667 975
668 987
669 1182
670 695
671 1072
671 1257
673 1111
673 1114
673 701
674 680
674 684
675 677
675 1254
676 981
676 953
677 865
677 1198
677 1096
677 917
678 769
678 938
678 1099
678 755
678 1109
679 1217
679 1067
679 1081
679 826
680 998
680 721
680 1077
680 1209
681 1099
681 876
681 755
682 990
683 878
683 975
683 1182
684 966
684 1264
684 1014
684 1225
685 740
685 1223
686 925
687 1034
687 1198
687 1294
687 1277
687 894
688 1176
688 743
689 1126
689 1290
689 1212
690 1185
690 738
690 909
690 1198
690 917
690 1110
690 697
690 1013
691 1173
691 1214
691 919
692 770
692 1158
692 975
692 693
692 1207
693 961
693 1289
693 778
693 940
693 1293
693 847
693 1207
695 1244
695 748
695 880
696 864
696 722
696 1109
697 1187
697 1006
697 701
698 1137
698 723
698 890
700 1230
700 924
700 957
700 1023
701 1131
701 907
701 1143
701 1178
701 989
702 1280
703 1156
703 1098
703 1228
703 1234
703 819
704 807
704 1243
704 733
705 953
706 993
706 944
707 770
708 1189
708 743
708 913
708 1149
708 799
709 1025
709 972
709 837
709 926
710 744
710 1022
710 829
711 966
711 807
711 716
711 1199
711 1116
712 1117
712 1129
713 888
713 978
714 913
715 908
715 879
715 1047
715 783
716 1251
716 967
716 1288
716 1200
716 1110
717 838
717 1290
717 1175
717 1276
717 1054
718 936
718 841
718 1214
718 926
719 1067
719 1044
719 855
720 1004
720 944
720 1010
720 1079
721 1133
722 1288
722 919
723 770
723 1074
723 786
723 820
724 1287
724 823
725 1291
725 1044
725 894
725 870
725 1125
726 1120
726 1060
726 1160
726 943
726 1273
727 758
727 1080
728 783
728 1139
728 984
729 1086
730 976
730 1283
730 1072
730 807
730 848
730 766
731 912
731 826
732 1216
732 1272
732 1215
734 895
736 845
737 1192
737 1021
737 1272
737 826
737 893
738 1002
738 848
738 863
739 1295
740 1038
740 788
740 1086
741 916
741 1074
743 1104
743 1027
743 1230
747 954
748 1016
748 1277
748 927
749 819
750 946
750 815
750 793
751 876
751 959
752 810
752 971
752 1170
753 833
754 768
754 857
755 996
755 780
755 1114
756 1062
756 1154
756 1261
756 980
756 987
756 901
757 1036
758 1027
758 938
758 764
760 1183
760 1166
760 1135
761 932
762 844
762 890
762 942
762 937
763 791
763 1017
763 831
764 932
764 814
764 926
765 912
765 891
765 1000
766 961
766 1185
766 811
766 913
766 894
767 800
768 900
768 1221
768 1002
768 939
768 1004
768 1285
769 971
769 786
770 1120
770 773
770 1224
770 813
770 774
771 928
771 1012
772 1152
772 776
773 936
773 1166
773 920
773 1019
774 805
774 1068
774 1233
774 825
775 800
775 1262
775 1077
775 855
775 989
776 1056
776 1285
776 887
776 1293
776 1012
776 919
776 900
777 1027
777 1236
777 1275
778 834
778 1029
778 1193
779 1273
779 895
780 846
780 1039
780 924
781 1131
781 1293
781 885
782 819
783 1184
784 959
785 795
785 1187
786 1027
786 970
787 1165
788 978
788 1221
788 1193
788 894
789 952
789 955
790 1148
790 1165
791 806
792 834
792 1107
792 959
793 1114
794 932
794 879
794 1018
794 892
795 915
795 1270
795 831
796 992
796 1002
796 1039
796 1143
796 1086
797 860
798 836
799 802
799 1068
799 1293
799 1182
800 1072
800 1153
800 848
800 1140
801 1048
801 1233
802 870
802 1256
802 984
802 924
803 911
803 1094
804 853
805 865
805 839
805 1258
805 856
805 1180
806 951
806 826
806 1247
807 977
807 1019
808 951
809 1059
809 1066
809 1036
809 1266
809 1053
809 1013
810 1255
810 927
811 1201
811 889
811 957
812 935
812 1150
813 1253
813 1026
813 1238
813 951
813 1019
813 930
814 974
814 975
815 946
815 915
815 1238
816 867
816 1126
816 910
816 846
817 944
817 960
818 940
818 908
818 851
818 824
819 865
819 850
820 1162
820 1021
821 880
821 912
821 1115
822 1130
822 1196
823 893
824 1297
825 1137
825 1070
825 1044
825 1097
825 1148
826 1220
826 976
826 919
826 1241
826 989
827 1103
827 847
828 1272
829 1005
829 879
829 1014
831 879
831 1201
831 861
832 928
832 902
833 960
833 970
833 1198
833 1236
834 861
835 960
836 1248
836 871
836 1064
836 1194
837 1025
837 1290
837 1043
837 948
837 1237
837 1177
838 1298
838 1117
838 1151
839 1259
839 943
840 1209
840 1252
840 909
841 1285
841 1254
842 1131
842 958
843 1288
845 1250
845 1192
845 906
845 1036
845 1200
845 914
846 1056
846 1293
846 879
846 883
847 1189
847 1228
847 1215
847 1009
847 915
847 1273
847 1077
848 1090
848 1104
848 915
848 1108
848 917
848 1061
849 1195
849 998
849 1099
849 1070
849 1255
850 941
850 1014
851 938
851 973
851 1165
851 946
852 904
852 1068
853 1137
854 1243
854 1042
855 879
855 1206
857 937
857 867
857 957
857 1118
858 1286
858 1290
858 1039
859 1287
859 1066
859 1237
860 893
861 1096
862 927
863 899
863 1259
863 957
864 1160
864 1040
864 1233
864 1141
864 1275
865 1123
865 934
865 1229
865 1242
866 998
866 1002
866 1074
866 1299
866 1078
866 889
866 988
867 1009
867 1180
868 1012
869 1154
869 1156
869 1177
870 1030
870 1239
871 998
871 1130
871 1077
872 992
872 1111
873 1198
873 1014
873 895
874 1275
875 939
875 1086
877 1094
877 911
878 929
878 1235
878 1144
879 1276
879 1180
880 1251
880 906
880 1256
881 929
881 1290
881 975
882 1282
882 974
883 1028
883 1017
884 1291
885 1220
885 948
885 918
885 1244
886 912
886 1279
887 1232
887 965
887 1077
887 1206
887 1207
887 888
888 1242
889 1152
889 1280
889 918
890 1243
890 1160
890 1132
890 943
890 1262
890 1234
891 995
891 1256
891 1147
891 1205
892 1132
892 1171
893 1204
894 1121
894 1160
894 1211
895 1024
896 1244
896 1078
896 1003
897 1059
898 1171
898 1270
898 1148
899 1005
900 1292
900 1262
900 1234
900 915
900 1050
901 1000
901 908
902 1193
903 1287
903 1172
903 1125
904 1105
905 1017
906 1040
906 1108
907 960
907 1282
907 1206
908 1295
911 1047
912 1094
912 1140
914 923
917 1164
917 986
918 1242
919 1254
919 1035
919 1116
919 1149
919 1246
920 1096
920 1171
920 1113
921 1106
922 1171
922 1206
922 1031
923 1099
923 1165
923 1045
923 1151
924 1163
925 1200
927 1017
928 1129
928 1131
929 1123
929 1015
929 1013
929 1111
930 1091
930 1188
930 972
930 963
930 1115
931 1185
931 999
931 935
932 1283
932 1133
932 1293
932 1085
933 1193
933 1119
934 1252
934 1101
935 1005
936 1121
937 1088
937 1157
937 1000
937 1268
938 1267
939 1009
939 980
940 1123
940 1163
940 1169
940 1043
940 1017
941 1140
941 1023
941 1247
943 985
943 1181
944 1152
944 968
945 1123
945 1199
945 1139
946 1227
946 1233
947 960
947 1062
948 1248
948 1153
949 1251
949 1160
949 972
949 1077
950 1248
950 1031
950 1256
950 1265
951 994
952 1044
953 1092
953 1030
954 1099
954 1214
956 1027
956 1291
957 1044
958 1112
958 1028
958 1048
958 1170
959 1221
959 1196
959 1109
959 1130
960 1030
960 1212
960 1116
965 976
968 1288
968 1070
971 1221
971 1241
972 1263
972 1144
973 1099
973 1155
973 1273
974 1265
974 1075
974 1080
975 1179
975 1269
976 1221
976 1131
976 990
977 1232
978 1178
980 1015
981 1061
981 1148
981 1087
982 1001
983 1226
985 1098
985 1241
986 1078
986 1149
987 1095
987 1295
989 1228
989 1023
990 1118
991 994
991 1268
991 1020
992 1184
993 1120
994 1013
994 1276
995 1037
996 1034
997 1260
997 1228
1000 1264
1002 1064
1002 1262
1003 1253
1004 1130
1004 1151
1006 1058
1008 1029
1008 1168
1008 1207
1008 1182
1009 1080
1010 1124
1011 1252
1011 1043
1011 1214
1012 1163
1012 1176
1013 1166
1013 1241
1014 1288
1014 1135
1015 1083
1016 1101
1016 1104
1016 1175
1016 1023
1018 1029
1018 1039
1021 1106
1022 1154
1022 1096
1022 1102
1022 1082
1024 1159
1025 1221
1026 1257
1026 1289
1027 1280
1027 1261
1027 1043
1028 1201
1028 1115
1030 1216
1030 1061
1031 1156
1031 1244
1032 1117
1034 1192
1035 1146
1036 1120
1036 1284
1036 1237
1037 1292
1037 1267
1037 1272
1037 1245
1039 1272
1040 1251
1041 1180
1041 1219
1042 1155
1043 1235
1044 1291
1045 1088
1045 1065
1045 1111
1046 1275
1046 1213
1046 1150
1049 1120
1049 1237
1051 1266
1051 1093
1054 1218
1054 1134
1056 1285
1056 1292
1058 1065
1059 1208
1061 1076
1063 1226
1063 1265
1064 1163
1066 1077
1068 1205
1068 1289
1069 1187
1070 1289
1070 1137
1070 1256
1071 1227
1072 1208
1073 1129
1076 1098
1076 1270
1077 1198
1078 1223
1078 1130
1078 1259
1078 1162
1079 1161
1079 1266
1082 1284
1083 1166
1083 1149
1084 1181
1084 1209
1085 1141
1086 1145
1086 1114
1087 1239
1090 1204
1090 1117
1091 1293
1092 1186
1092 1248
1093 1254
1093 1148
1093 1132
1094 1289
1095 1150
1095 1148
1095 1237
1096 1192
1098 1283
1098 1202
1099 1242
1101 1119
1103 1226
1106 1126
1106 1213
1111 1123
1112 1285
1114 1298
1116 1286
1118 1268
1121 1295
1125 1284
1126 1214
1127 1197
1127 1173
1131 1150
1131 1299
1132 1225
1132 1260
1132 1149
1133 1139
1133 1272
1133 1213
1134 1291
1134 1269
1136 1194
1137 1153
1137 1296
1139 1195
1140 1208
1141 1148
1143 1144
1144 1272
1145 1201
1148 1182
1150 1175
1152 1251
1153 1193
1154 1167
1155 1271
1159 1245
1160 1263
1162 1297
1163 1297
1163 1240
1164 1222
1165 1258
1165 1195
1166 1285
1167 1281
1167 1193
1170 1267
1171 1248
1173 1179
1174 1222
1175 1241
1178 1251
1179 1206
1179 1247
1182 1189
1184 1267
1184 1205
1188 1233
1192 1248
1195 1220
1196 1251
1198 1234
1210 1276
1211 1291
1212 1265
1219 1265
1222 1250
1223 1264
1226 1294
1226 1238
1230 1296
1236 1250
1236 1268
1240 1293
1243 1266
1245 1259
1248 1265
1251 1275
1254 1285
1269 1290
1272 1299
1288 1293
